-----------------------------------------------------------------------------------------------
Content :
Spectral range definition: line 1 (3 values)  ==> max, min and step of the wavenumber (in cm-1)
Temperatures definition :  line 2 (1 value)   ==> NT = number of T values
Temperatures definition :  line 3 (NT values) ==> list of T values (in K)
Pressures definition :     line 4 (1 value)   ==> NP = number of P values
Pressures definition :     line 5 (NP values) ==> list of P values (in mbar)
For each spectral range: 
    First line of the block (6 values): 
    --> min, mean and max wavelengths (in microns), min and max wavenumbers (in cm-1)
        of the spectral range, nmaxai (number of exponentials for the CKD expansion) 
    If nmaxai not null, second line of the block (nmaxnai values): 
    --> coefs kdis_ai for nai = 1 to nmaxai 
    If nmaxai not null, following lines of the block : 
    --> for nai = 1 to nmaxai 
    -->     for pressure index ip = 1 to NP 
    -->         line : nai, ip, kdis_ki(T,P,nai) for temperature index it = 1 to IT 
-----------------------------------------------------------------------------------------------
7500 7000 10
9
  160.00  180.00  200.00  220.00  240.00  260.00  280.00  300.00  320.00
31
    0.007    0.011    0.017    0.028    0.044    0.069    0.110    0.174    0.276    0.438    0.694    1.100    1.743    2.763    4.379    6.941   11.000   17.434   27.631   43.792   69.405  110.000  174.338  219.479  276.308  347.851  437.918  551.306  694.053  873.761 1098.900
1.33333333 1.33422340 1.33511348  7500.0  7490.0  0
1.33511348 1.33600594 1.33689840  7490.0  7480.0  0
1.33689840 1.33779324 1.33868809  7480.0  7470.0  0
1.33868809 1.33958533 1.34048257  7470.0  7460.0  0
1.34048257 1.34138222 1.34228188  7460.0  7450.0  0
1.34228188 1.34318395 1.34408602  7450.0  7440.0  0
1.34408602 1.34499052 1.34589502  7440.0  7430.0  0
1.34589502 1.34680196 1.34770889  7430.0  7420.0  0
1.34770889 1.34861828 1.34952767  7420.0  7410.0  0
1.34952767 1.35043951 1.35135135  7410.0  7400.0  0
1.35135135 1.35226566 1.35317997  7400.0  7390.0  0
1.35317997 1.35409676 1.35501355  7390.0  7380.0  0
1.35501355 1.35593282 1.35685210  7380.0  7370.0  0
1.35685210 1.35777388 1.35869565  7370.0  7360.0  0
1.35869565 1.35961994 1.36054422  7360.0  7350.0  0
1.36054422 1.36147102 1.36239782  7350.0  7340.0  0
1.36239782 1.36332715 1.36425648  7340.0  7330.0  0
1.36425648 1.36518835 1.36612022  7330.0  7320.0  0
1.36612022 1.36705464 1.36798906  7320.0  7310.0  0
1.36798906 1.36892604 1.36986301  7310.0  7300.0  0
1.36986301 1.37080256 1.37174211  7300.0  7290.0  0
1.37174211 1.37268424 1.37362637  7290.0  7280.0  0
1.37362637 1.37457110 1.37551582  7280.0  7270.0  0
1.37551582 1.37646314 1.37741047  7270.0  7260.0  0
1.37741047 1.37836040 1.37931034  7260.0  7250.0  0
1.37931034 1.38026290 1.38121547  7250.0  7240.0  0
1.38121547 1.38217066 1.38312586  7240.0  7230.0  0
1.38312586 1.38408370 1.38504155  7230.0  7220.0  0
1.38504155 1.38600205 1.38696255  7220.0  7210.0  0
1.38696255 1.38792572 1.38888889  7210.0  7200.0  0
1.38888889 1.38985474 1.39082058  7200.0  7190.0  0
1.39082058 1.39178912 1.39275766  7190.0  7180.0  0
1.39275766 1.39372890 1.39470014  7180.0  7170.0  0
1.39470014 1.39567409 1.39664804  7170.0  7160.0  0
1.39664804 1.39762472 1.39860140  7160.0  7150.0  0
1.39860140 1.39958081 1.40056022  7150.0  7140.0  0
1.40056022 1.40154238 1.40252454  7140.0  7130.0  0
1.40252454 1.40350946 1.40449438  7130.0  7120.0  1
1.0000000000000 
 1   1 0.0000000000000e+00 0.0000000000000e+00 0.0000000000000e+00 0.0000000000000e+00 0.0000000000000e+00 0.0000000000000e+00 0.0000000000000e+00 0.0000000000000e+00 0.0000000000000e+00
 1   2 0.0000000000000e+00 0.0000000000000e+00 0.0000000000000e+00 0.0000000000000e+00 0.0000000000000e+00 0.0000000000000e+00 0.0000000000000e+00 0.0000000000000e+00 0.0000000000000e+00
 1   3 0.0000000000000e+00 0.0000000000000e+00 0.0000000000000e+00 0.0000000000000e+00 0.0000000000000e+00 0.0000000000000e+00 0.0000000000000e+00 0.0000000000000e+00 0.0000000000000e+00
 1   4 0.0000000000000e+00 0.0000000000000e+00 0.0000000000000e+00 0.0000000000000e+00 0.0000000000000e+00 0.0000000000000e+00 0.0000000000000e+00 0.0000000000000e+00 0.0000000000000e+00
 1   5 0.0000000000000e+00 0.0000000000000e+00 0.0000000000000e+00 0.0000000000000e+00 0.0000000000000e+00 0.0000000000000e+00 0.0000000000000e+00 0.0000000000000e+00 0.0000000000000e+00
 1   6 0.0000000000000e+00 0.0000000000000e+00 0.0000000000000e+00 0.0000000000000e+00 0.0000000000000e+00 0.0000000000000e+00 0.0000000000000e+00 0.0000000000000e+00 0.0000000000000e+00
 1   7 0.0000000000000e+00 0.0000000000000e+00 0.0000000000000e+00 0.0000000000000e+00 0.0000000000000e+00 0.0000000000000e+00 0.0000000000000e+00 0.0000000000000e+00 0.0000000000000e+00
 1   8 0.0000000000000e+00 0.0000000000000e+00 0.0000000000000e+00 0.0000000000000e+00 0.0000000000000e+00 0.0000000000000e+00 0.0000000000000e+00 0.0000000000000e+00 0.0000000000000e+00
 1   9 0.0000000000000e+00 0.0000000000000e+00 0.0000000000000e+00 0.0000000000000e+00 0.0000000000000e+00 0.0000000000000e+00 0.0000000000000e+00 0.0000000000000e+00 0.0000000000000e+00
 1  10 0.0000000000000e+00 0.0000000000000e+00 0.0000000000000e+00 0.0000000000000e+00 0.0000000000000e+00 0.0000000000000e+00 0.0000000000000e+00 0.0000000000000e+00 0.0000000000000e+00
 1  11 0.0000000000000e+00 0.0000000000000e+00 0.0000000000000e+00 0.0000000000000e+00 0.0000000000000e+00 0.0000000000000e+00 0.0000000000000e+00 0.0000000000000e+00 0.0000000000000e+00
 1  12 0.0000000000000e+00 0.0000000000000e+00 0.0000000000000e+00 0.0000000000000e+00 0.0000000000000e+00 0.0000000000000e+00 0.0000000000000e+00 0.0000000000000e+00 0.0000000000000e+00
 1  13 0.0000000000000e+00 0.0000000000000e+00 0.0000000000000e+00 0.0000000000000e+00 0.0000000000000e+00 0.0000000000000e+00 0.0000000000000e+00 0.0000000000000e+00 0.0000000000000e+00
 1  14 0.0000000000000e+00 0.0000000000000e+00 0.0000000000000e+00 0.0000000000000e+00 0.0000000000000e+00 0.0000000000000e+00 0.0000000000000e+00 0.0000000000000e+00 0.0000000000000e+00
 1  15 0.0000000000000e+00 0.0000000000000e+00 0.0000000000000e+00 0.0000000000000e+00 0.0000000000000e+00 0.0000000000000e+00 0.0000000000000e+00 0.0000000000000e+00 0.0000000000000e+00
 1  16 0.0000000000000e+00 0.0000000000000e+00 0.0000000000000e+00 0.0000000000000e+00 0.0000000000000e+00 0.0000000000000e+00 0.0000000000000e+00 0.0000000000000e+00 0.0000000000000e+00
 1  17 0.0000000000000e+00 0.0000000000000e+00 0.0000000000000e+00 0.0000000000000e+00 0.0000000000000e+00 0.0000000000000e+00 0.0000000000000e+00 0.0000000000000e+00 0.0000000000000e+00
 1  18 0.0000000000000e+00 0.0000000000000e+00 0.0000000000000e+00 0.0000000000000e+00 0.0000000000000e+00 0.0000000000000e+00 0.0000000000000e+00 0.0000000000000e+00 0.0000000000000e+00
 1  19 0.0000000000000e+00 0.0000000000000e+00 0.0000000000000e+00 0.0000000000000e+00 0.0000000000000e+00 1.3425840586696e-41 1.4012984643248e-41 1.4012984643248e-41 1.4012984643248e-41
 1  20 0.0000000000000e+00 0.0000000000000e+00 0.0000000000000e+00 0.0000000000000e+00 3.9670759525036e-42 1.4012984643248e-41 1.4012984643248e-41 1.4012984643248e-41 1.4012984643248e-41
 1  21 0.0000000000000e+00 0.0000000000000e+00 0.0000000000000e+00 0.0000000000000e+00 8.5212959615592e-42 1.4012984643248e-41 1.4012984643248e-41 1.4012984643248e-41 1.4012984643248e-41
 1  22 0.0000000000000e+00 0.0000000000000e+00 0.0000000000000e+00 0.0000000000000e+00 8.4862634999511e-42 1.4012984643248e-41 1.4012984643248e-41 1.4012984643248e-41 1.4012984643248e-41
 1  23 0.0000000000000e+00 0.0000000000000e+00 0.0000000000000e+00 1.0588211196438e-41 2.4601195839686e-41 4.9203792977837e-41 5.6051938572993e-41 5.6051938572993e-41 5.6051938572993e-41
 1  24 0.0000000000000e+00 0.0000000000000e+00 0.0000000000000e+00 4.6326927230578e-42 2.3279771387828e-41 6.0572527418905e-41 9.8090892502737e-41 9.8090892502737e-41 9.8090892502737e-41
 1  25 0.0000000000000e+00 0.0000000000000e+00 0.0000000000000e+00 1.2690158892926e-41 2.6703143536174e-41 7.8789407455127e-41 1.6022306511244e-40 1.6815581571898e-40 1.6815581571898e-40
 1  26 0.0000000000000e+00 0.0000000000000e+00 6.7346404195451e-42 2.0747625062793e-41 4.1496651424051e-41 9.6463984985656e-41 2.0748185582179e-40 2.8025969286496e-40 2.8025969286496e-40
 1  27 0.0000000000000e+00 0.0000000000000e+00 7.7912194616460e-43 1.5572629834042e-41 4.5937366257496e-41 1.1912157985532e-40 2.4991597591847e-40 4.4841550858394e-40 4.4841550858394e-40
 1  28 1.4012984643248e-41 1.4012984643248e-41 1.4012984643248e-41 2.2849572759280e-41 6.3375124347554e-41 1.5477481668314e-40 3.2873901453674e-40 6.0963209430758e-40 7.2867520144890e-40
 1  29 2.8025969286496e-41 2.8025969286496e-41 2.8025969286496e-41 3.6670579512916e-41 8.7355544967545e-41 1.9160514422099e-40 4.0259024620359e-40 7.6234980484509e-40 1.1630777253896e-39
 1  30 4.2038953929745e-41 4.2038953929745e-41 4.2038953929745e-41 4.2038953929745e-41 1.0767437270025e-40 2.4644776221927e-40 5.0998155661405e-40 9.5740214328832e-40 1.6556999966276e-39
 1  31 8.3873318283698e-41 8.3873318283698e-41 8.3873318283698e-41 8.3873318283698e-41 1.3378616828448e-40 3.1854456820878e-40 6.5420879975622e-40 1.2157525346636e-39 2.0921273968492e-39
1.40449438 1.40548207 1.40646976  7120.0  7110.0  1
1.0000000000000 
 1   1 0.0000000000000e+00 0.0000000000000e+00 0.0000000000000e+00 0.0000000000000e+00 0.0000000000000e+00 0.0000000000000e+00 0.0000000000000e+00 0.0000000000000e+00 0.0000000000000e+00
 1   2 0.0000000000000e+00 0.0000000000000e+00 0.0000000000000e+00 0.0000000000000e+00 0.0000000000000e+00 0.0000000000000e+00 0.0000000000000e+00 0.0000000000000e+00 0.0000000000000e+00
 1   3 0.0000000000000e+00 0.0000000000000e+00 0.0000000000000e+00 0.0000000000000e+00 0.0000000000000e+00 0.0000000000000e+00 0.0000000000000e+00 0.0000000000000e+00 0.0000000000000e+00
 1   4 0.0000000000000e+00 0.0000000000000e+00 0.0000000000000e+00 0.0000000000000e+00 0.0000000000000e+00 0.0000000000000e+00 0.0000000000000e+00 0.0000000000000e+00 0.0000000000000e+00
 1   5 0.0000000000000e+00 0.0000000000000e+00 0.0000000000000e+00 0.0000000000000e+00 0.0000000000000e+00 0.0000000000000e+00 0.0000000000000e+00 0.0000000000000e+00 0.0000000000000e+00
 1   6 0.0000000000000e+00 0.0000000000000e+00 0.0000000000000e+00 0.0000000000000e+00 0.0000000000000e+00 0.0000000000000e+00 0.0000000000000e+00 0.0000000000000e+00 0.0000000000000e+00
 1   7 0.0000000000000e+00 0.0000000000000e+00 0.0000000000000e+00 0.0000000000000e+00 0.0000000000000e+00 0.0000000000000e+00 0.0000000000000e+00 0.0000000000000e+00 0.0000000000000e+00
 1   8 0.0000000000000e+00 0.0000000000000e+00 0.0000000000000e+00 0.0000000000000e+00 0.0000000000000e+00 0.0000000000000e+00 0.0000000000000e+00 0.0000000000000e+00 0.0000000000000e+00
 1   9 0.0000000000000e+00 0.0000000000000e+00 0.0000000000000e+00 0.0000000000000e+00 0.0000000000000e+00 0.0000000000000e+00 0.0000000000000e+00 0.0000000000000e+00 0.0000000000000e+00
 1  10 0.0000000000000e+00 0.0000000000000e+00 0.0000000000000e+00 0.0000000000000e+00 0.0000000000000e+00 0.0000000000000e+00 0.0000000000000e+00 0.0000000000000e+00 0.0000000000000e+00
 1  11 0.0000000000000e+00 0.0000000000000e+00 0.0000000000000e+00 0.0000000000000e+00 0.0000000000000e+00 0.0000000000000e+00 0.0000000000000e+00 1.1587337001502e-41 1.4012984643248e-41
 1  12 0.0000000000000e+00 0.0000000000000e+00 0.0000000000000e+00 0.0000000000000e+00 0.0000000000000e+00 0.0000000000000e+00 9.5722698098028e-42 1.4012984643248e-41 1.4012984643248e-41
 1  13 0.0000000000000e+00 0.0000000000000e+00 0.0000000000000e+00 0.0000000000000e+00 1.1350517561031e-43 1.4012984643248e-41 1.4126489818858e-41 2.8025969286496e-41 2.8025969286496e-41
 1  14 0.0000000000000e+00 0.0000000000000e+00 0.0000000000000e+00 0.0000000000000e+00 4.6677251846660e-42 1.4012984643248e-41 2.3347033714116e-41 4.2038953929745e-41 4.2038953929745e-41
 1  15 0.0000000000000e+00 0.0000000000000e+00 0.0000000000000e+00 0.0000000000000e+00 9.2219451937216e-42 2.3234929836970e-41 3.7247914480218e-41 4.2038953929745e-41 4.2038953929745e-41
 1  16 0.0000000000000e+00 0.0000000000000e+00 0.0000000000000e+00 0.0000000000000e+00 1.3776165202777e-41 2.7789149846025e-41 5.5576898393587e-41 5.6051938572993e-41 5.6051938572993e-41
 1  17 0.0000000000000e+00 0.0000000000000e+00 0.0000000000000e+00 4.3174005685848e-42 2.2646384481953e-41 5.4989754337034e-41 8.4077907859489e-41 8.4077907859489e-41 8.4077907859489e-41
 1  18 0.0000000000000e+00 0.0000000000000e+00 0.0000000000000e+00 8.8716205776404e-42 3.1754824500065e-41 7.7524034941842e-41 9.8090892502737e-41 9.8090892502737e-41 9.8090892502737e-41
 1  19 0.0000000000000e+00 0.0000000000000e+00 0.0000000000000e+00 1.3425840586696e-41 5.4289105104872e-41 1.2317833890954e-40 1.2611686178923e-40 1.2611686178923e-40 1.2611686178923e-40
 1  20 0.0000000000000e+00 0.0000000000000e+00 7.9327506065428e-42 3.9925795845543e-41 9.3864576334334e-41 1.5414283107573e-40 1.5414283107573e-40 1.5414283107573e-40 1.5414283107573e-40
 1  21 0.0000000000000e+00 0.0000000000000e+00 1.7041190624654e-41 5.3588455872710e-41 1.3823108701332e-40 1.8216880036223e-40 1.8216880036223e-40 1.8216880036223e-40 1.8216880036223e-40
 1  22 0.0000000000000e+00 8.4862634999511e-42 3.0986912941615e-41 8.4473074026429e-41 2.1394604563772e-40 2.8025969286496e-40 2.8025969286496e-40 2.8025969286496e-40 2.8025969286496e-40
 1  23 0.0000000000000e+00 1.0588211196438e-41 4.5779019531027e-41 1.3017362084345e-40 3.3415223050443e-40 7.5238377016682e-40 8.6880504788139e-40 8.6880504788139e-40 8.6880504788139e-40
 1  24 0.0000000000000e+00 9.2667867445800e-42 5.5826329520236e-41 1.7233729033652e-40 4.3327167607998e-40 9.6949254643852e-40 1.4853763721843e-39 1.4853763721843e-39 1.4853763721843e-39
 1  25 1.4012984643248e-41 1.4012984643248e-41 6.4776422811879e-41 1.9697211733935e-40 5.2746415625497e-40 1.1823665987510e-39 2.3512513049768e-39 2.4662852972117e-39 2.4662852972117e-39
 1  26 4.2038953929745e-41 4.2038953929745e-41 8.9185640761953e-41 2.6809922479155e-40 6.8925667564745e-40 1.5337407873820e-39 3.0454237356371e-39 4.0497525618987e-39 4.0497525618987e-39
 1  27 8.4077907859489e-41 8.4077907859489e-41 9.4994022896579e-41 3.0754998045769e-40 8.2529473056410e-40 1.8522068828768e-39 3.7238189468876e-39 6.5160378591104e-39 6.5160378591104e-39
 1  28 1.8216880036223e-40 1.8216880036223e-40 1.8216880036223e-40 4.2077349507667e-40 1.0907511064519e-39 2.4175747612933e-39 4.7979030094048e-39 8.6889879474865e-39 1.0355595651360e-38
 1  29 3.9236357001095e-40 3.9236357001095e-40 3.9236357001095e-40 5.3068293882752e-40 1.3560351226287e-39 3.0162879379668e-39 5.9886759976433e-39 1.0864622923720e-38 1.6241049201525e-38
 1  30 7.5670117073540e-40 7.5670117073540e-40 7.5670117073540e-40 7.5670117073540e-40 1.6865271615443e-39 3.7746398382932e-39 7.5259564649462e-39 1.3653784202694e-38 2.2941490932048e-38
 1  31 1.4539438463310e-39 1.4539438463310e-39 1.4539438463310e-39 1.4539438463310e-39 2.1726151780431e-39 4.8256291008199e-39 9.5692317947322e-39 1.7298138316267e-38 2.9001284228054e-38
1.40646976 1.40746023 1.40845070  7110.0  7100.0  1
1.0000000000000 
 1   1 0.0000000000000e+00 0.0000000000000e+00 0.0000000000000e+00 0.0000000000000e+00 0.0000000000000e+00 0.0000000000000e+00 0.0000000000000e+00 0.0000000000000e+00 0.0000000000000e+00
 1   2 0.0000000000000e+00 0.0000000000000e+00 0.0000000000000e+00 0.0000000000000e+00 0.0000000000000e+00 0.0000000000000e+00 0.0000000000000e+00 0.0000000000000e+00 0.0000000000000e+00
 1   3 0.0000000000000e+00 0.0000000000000e+00 0.0000000000000e+00 0.0000000000000e+00 0.0000000000000e+00 0.0000000000000e+00 0.0000000000000e+00 0.0000000000000e+00 0.0000000000000e+00
 1   4 0.0000000000000e+00 0.0000000000000e+00 0.0000000000000e+00 0.0000000000000e+00 0.0000000000000e+00 0.0000000000000e+00 0.0000000000000e+00 0.0000000000000e+00 0.0000000000000e+00
 1   5 0.0000000000000e+00 0.0000000000000e+00 0.0000000000000e+00 0.0000000000000e+00 0.0000000000000e+00 0.0000000000000e+00 0.0000000000000e+00 0.0000000000000e+00 0.0000000000000e+00
 1   6 0.0000000000000e+00 0.0000000000000e+00 0.0000000000000e+00 0.0000000000000e+00 0.0000000000000e+00 6.3324677602838e-42 1.4012984643248e-41 1.4012984643248e-41 1.4012984643248e-41
 1   7 0.0000000000000e+00 0.0000000000000e+00 0.0000000000000e+00 0.0000000000000e+00 1.7782477512282e-42 1.4012984643248e-41 1.4012984643248e-41 1.4012984643248e-41 1.4012984643248e-41
 1   8 0.0000000000000e+00 0.0000000000000e+00 0.0000000000000e+00 0.0000000000000e+00 1.1237012385421e-41 1.4012984643248e-41 2.5249997028669e-41 2.8025969286496e-41 2.8025969286496e-41
 1   9 0.0000000000000e+00 0.0000000000000e+00 0.0000000000000e+00 6.6827923763651e-42 1.4012984643248e-41 2.7379970694443e-41 5.5405939980939e-41 7.0064923216241e-41 7.0064923216241e-41
 1  10 0.0000000000000e+00 0.0000000000000e+00 0.0000000000000e+00 2.1285723673094e-42 1.8271530676331e-41 4.6297499962828e-41 7.8580613983943e-41 1.2611686178923e-40 1.2611686178923e-40
 1  11 0.0000000000000e+00 0.0000000000000e+00 0.0000000000000e+00 1.1587337001502e-41 2.5600321644750e-41 6.2789381589466e-41 1.2800441082068e-40 2.2124540933839e-40 2.3822073893522e-40
 1  12 1.4012984643248e-41 1.4012984643248e-41 1.4012984643248e-41 2.3585254453051e-41 4.7169107607638e-41 1.0391048502508e-40 2.0269081637226e-40 3.5308237145900e-40 4.0637655465420e-40
 1  13 1.4012984643248e-41 1.4012984643248e-41 1.4126489818858e-41 2.8365083514863e-41 7.0743151672974e-41 1.5538578281359e-40 3.1009333717044e-40 5.4650640108668e-40 5.4650640108668e-40
 1  14 1.4012984643248e-41 1.4012984643248e-41 1.8680709827914e-41 4.6695468726696e-41 1.2141550544142e-40 2.6152293109848e-40 5.0438757314447e-40 7.1466221680566e-40 7.1466221680566e-40
 1  15 1.4012984643248e-41 1.4012984643248e-41 3.2455473732227e-41 7.8925333406167e-41 1.9509717999409e-40 4.1342788852668e-40 7.9512337332872e-40 9.5288295574088e-40 9.5288295574088e-40
 1  16 1.4012984643248e-41 1.4012984643248e-41 4.1563913750338e-41 1.1091697734670e-40 2.9118701828977e-40 6.2512625142762e-40 1.2227001724497e-39 1.2331426486058e-39 1.2331426486058e-39
 1  17 1.4012984643248e-41 2.2646384481953e-41 6.7940554744324e-41 2.0056644790035e-40 4.8308643518827e-40 1.0415487147726e-39 1.5974802493303e-39 1.5974802493303e-39 1.5974802493303e-39
 1  18 1.4012984643248e-41 3.1754824500065e-41 1.0413609407783e-40 3.1382219238401e-40 7.6636312364692e-40 1.6476551421439e-39 2.0318827732710e-39 2.0318827732710e-39 2.0318827732710e-39
 1  19 1.4012984643248e-41 4.0863264518176e-41 1.4944147472792e-40 4.6351309823858e-40 1.1593698896530e-39 2.5091370042507e-39 2.5643761897144e-39 2.5643761897144e-39 2.5643761897144e-39
 1  20 1.1899826559046e-41 7.7738433606884e-41 2.7128717879789e-40 7.9217364006132e-40 1.9267377442988e-39 3.2089734833038e-39 3.2089734833038e-39 3.2089734833038e-39 3.2089734833038e-39
 1  21 2.5562486586213e-41 1.1872641368838e-40 4.3230057624421e-40 1.2537319269422e-39 3.0685479628954e-39 3.9516616693960e-39 3.9516616693960e-39 3.9516616693960e-39 3.9516616693960e-39
 1  22 3.9473176441566e-41 1.8335429886305e-40 6.6809006234382e-40 1.9343986430033e-39 4.7433294407117e-39 6.1517002583859e-39 6.1517002583859e-39 6.1517002583859e-39 6.1517002583859e-39
 1  23 7.0064923216241e-41 2.7125214633628e-40 1.0143116765215e-39 2.9949419584598e-39 7.3771693966011e-39 1.5898136053021e-38 1.8244906005509e-38 1.8244906005509e-38 1.8244906005509e-38
 1  24 1.8216880036223e-40 3.7202092020435e-40 1.3362025454631e-39 3.8646340282691e-39 9.4625845738063e-39 2.0261040986638e-38 3.0632384430141e-38 3.0632384430141e-38 3.0632384430141e-38
 1  25 4.3440252394069e-40 4.3440252394069e-40 1.5218409608230e-39 4.5549584933464e-39 1.1423368265594e-38 2.4704656507905e-38 4.8055882907026e-38 5.0320627853904e-38 5.0320627853904e-38
 1  26 9.9492190967062e-40 9.9492190967062e-40 2.1242717823224e-39 6.1429169196116e-39 1.5054253098328e-38 3.2208018436412e-38 6.1837815854282e-38 8.1345375854056e-38 8.1345375854056e-38
 1  27 2.1439866504170e-39 2.1439866504170e-39 2.3989108670469e-39 7.1725630052281e-39 1.7971236619322e-38 3.8955057544769e-38 7.5360166668813e-38 1.2967615988862e-37 1.2967615988862e-37
 1  28 4.4981680704827e-39 4.4981680704827e-39 4.4981680704827e-39 9.5954612993874e-39 2.3567668157324e-38 5.0513446522595e-38 9.7422506766417e-38 1.7124229329572e-37 2.0351057597389e-37
 1  29 9.1084400181113e-39 9.1084400181113e-39 9.1084400181113e-39 1.2012880516551e-38 2.9488339140493e-38 6.3362921840527e-38 1.2194978130951e-37 2.1428779430720e-37 3.1496985582629e-37
 1  30 1.7249984095838e-38 1.7249984095838e-38 1.7249984095838e-38 1.7249984095838e-38 3.6704378831876e-38 7.9204158169404e-38 1.5275533259868e-37 2.7097318704839e-37 4.4336908529189e-37
 1  31 3.2154987697328e-38 3.2154987697328e-38 3.2154987697328e-38 3.2154987697328e-38 4.7140930298117e-38 1.0064255611278e-37 1.9314289552458e-37 3.4080574134809e-37 5.5708959002942e-37
1.40845070 1.40944397 1.41043724  7100.0  7090.0  1
1.0000000000000 
 1   1 0.0000000000000e+00 0.0000000000000e+00 0.0000000000000e+00 0.0000000000000e+00 0.0000000000000e+00 0.0000000000000e+00 0.0000000000000e+00 0.0000000000000e+00 0.0000000000000e+00
 1   2 0.0000000000000e+00 0.0000000000000e+00 0.0000000000000e+00 0.0000000000000e+00 0.0000000000000e+00 0.0000000000000e+00 0.0000000000000e+00 0.0000000000000e+00 0.0000000000000e+00
 1   3 0.0000000000000e+00 0.0000000000000e+00 0.0000000000000e+00 0.0000000000000e+00 5.9821431442026e-42 1.4012984643248e-41 1.4012984643248e-41 1.4012984643248e-41 1.4012984643248e-41
 1   4 0.0000000000000e+00 0.0000000000000e+00 0.0000000000000e+00 1.4279231351470e-42 1.5440907778395e-41 2.8025969286496e-41 2.8025969286496e-41 2.8025969286496e-41 2.8025969286496e-41
 1   5 0.0000000000000e+00 0.0000000000000e+00 0.0000000000000e+00 1.0886687769340e-41 2.4899672412588e-41 3.8912657055836e-41 4.2038953929745e-41 4.2038953929745e-41 4.2038953929745e-41
 1   6 0.0000000000000e+00 0.0000000000000e+00 6.3324677602838e-42 1.4012984643248e-41 2.6679321462280e-41 6.1037758509060e-41 8.4077907859489e-41 8.4077907859489e-41 8.4077907859489e-41
 1   7 0.0000000000000e+00 0.0000000000000e+00 1.7782477512282e-42 1.7570881444169e-41 4.7375098481893e-41 9.2971949212559e-41 1.5414283107573e-40 1.5414283107573e-40 1.5414283107573e-40
 1   8 0.0000000000000e+00 0.0000000000000e+00 1.1237012385421e-41 3.6488410712554e-41 7.5751392384471e-41 1.5150278476894e-40 2.5805611869774e-40 2.8025969286496e-40 2.8025969286496e-40
 1   9 1.4012984643248e-41 1.4012984643248e-41 2.0695777019613e-41 5.4758540090421e-41 1.2417746471461e-40 2.3498934467649e-40 4.2254753893251e-40 5.3249341644343e-40 5.3249341644343e-40
 1  10 2.8025969286496e-41 2.8025969286496e-41 3.4413087686889e-41 8.4969133682800e-41 1.9157571695324e-40 3.6913844926323e-40 6.5791383289589e-40 9.9492190967062e-40 9.9492190967062e-40
 1  11 5.6051938572993e-41 5.6051938572993e-41 5.6051938572993e-41 1.3716750147890e-40 2.9319648028761e-40 5.8639436187368e-40 1.0410092148638e-39 1.7047440415805e-39 1.8357009882655e-39
 1  12 1.1210387714599e-40 1.1210387714599e-40 1.1210387714599e-40 2.1739323985996e-40 4.8195558732756e-40 9.4714183593254e-40 1.6761995918622e-39 2.7443281359061e-39 3.1108825908011e-39
 1  13 1.2611686178923e-40 1.2611686178923e-40 1.2769892775546e-40 3.2557488260430e-40 7.3409822650584e-40 1.4658240547116e-39 2.5916076227716e-39 4.2459343469042e-39 4.2459343469042e-39
 1  14 1.4012984643248e-40 1.4012984643248e-40 2.1946155639330e-40 5.5103679902184e-40 1.2141788764881e-39 2.3771430967021e-39 4.1939237531023e-39 5.7453237037317e-39 5.7453237037317e-39
 1  15 1.4012984643248e-40 1.4012984643248e-40 3.3821039085712e-40 8.6781012597172e-40 1.9185121223132e-39 3.7613541275530e-39 6.6375388437581e-39 7.7631934923595e-39 7.7631934923595e-39
 1  16 1.5414283107573e-40 1.5414283107573e-40 4.8475818425621e-40 1.2899176571864e-39 2.9151968654520e-39 5.7966602729723e-39 1.0287725161539e-38 1.0369608636004e-38 1.0369608636004e-38
 1  17 1.5414283107573e-40 2.7395384977550e-40 8.5300540769612e-40 2.1793330028811e-39 4.8143150170190e-39 9.4221445014243e-39 1.3774763904313e-38 1.3774763904313e-38 1.3774763904313e-38
 1  18 1.5414283107573e-40 4.2914765469948e-40 1.3528737932931e-39 3.4460045198428e-39 7.6282568580358e-39 1.4940319125387e-38 1.8034711235860e-38 1.8034711235860e-38 1.8034711235860e-38
 1  19 1.4012984643248e-40 5.9717875485513e-40 1.9585163908728e-39 5.1769360271246e-39 1.1623763755082e-38 2.3103829957841e-38 2.3569840169943e-38 2.3569840169943e-38 2.3569840169943e-38
 1  20 2.6891337919933e-40 1.0827721129961e-39 3.3905285149387e-39 8.6255371530219e-39 1.9075521466342e-38 3.0085878029054e-38 3.0085878029054e-38 3.0085878029054e-38 3.0085878029054e-38
 1  21 4.1885231488208e-40 1.7212443309979e-39 5.3919428556999e-39 1.3710654499570e-38 3.0306540498231e-38 3.8563733738219e-38 3.8563733738219e-38 3.8563733738219e-38 3.8563733738219e-38
 1  22 6.4045925922426e-40 2.6247945743022e-39 8.3014770740575e-39 2.1206927259147e-38 4.7072659036935e-38 6.0003600242389e-38 6.0003600242389e-38 6.0003600242389e-38 6.0003600242389e-38
 1  23 1.1911036946761e-39 3.9834417172684e-39 1.2758965450121e-38 3.2963626594345e-38 7.3667426149878e-38 1.4532434773586e-37 1.6379777749493e-37 1.6379777749493e-37 1.6379777749493e-37
 1  24 2.8306228979361e-39 5.3057055469068e-39 1.6596752001112e-38 4.2400245107608e-38 9.3724087755494e-38 1.8394478361514e-37 2.6560211092813e-37 2.6560211092813e-37 2.6560211092813e-37
 1  25 6.4179469666077e-39 6.4179469666077e-39 1.9391854785574e-38 5.1194348656798e-38 1.1434425070997e-37 2.2703449839576e-37 4.0392026902283e-37 4.2121632781217e-37 4.2121632781217e-37
 1  26 1.3606608088594e-38 1.3606608088594e-38 2.6315236095279e-38 6.8325401749373e-38 1.4958678377348e-37 2.9182401494049e-37 5.1971747566371e-37 6.5933895343411e-37 6.5933895343411e-37
 1  27 2.8194125102215e-38 2.8194125102215e-38 3.0659129612631e-38 8.1004389490941e-38 1.8130719238326e-37 3.5735841690730e-37 6.3812235301167e-37 1.0139375074107e-36 1.0139375074107e-36
 1  28 5.4552549216165e-38 5.4552549216165e-38 5.4552549216165e-38 1.0559439736369e-37 2.3530556729314e-37 4.5951316463968e-37 8.0804564329928e-37 1.3249087300431e-36 1.5457723808383e-36
 1  29 1.0272919041965e-37 1.0272919041965e-37 1.0272919041965e-37 1.3042587698781e-37 2.9169978142383e-37 5.7163829668077e-37 1.0124921745435e-36 1.6617365774145e-36 2.3372957063083e-36
 1  30 1.9046448727103e-37 1.9046448727103e-37 1.9046448727103e-37 1.9046448727103e-37 3.6811500812721e-37 7.2400118723673e-37 1.2800130105913e-36 2.1183148625505e-36 3.2389306885027e-36
 1  31 3.4438853642012e-37 3.4438853642012e-37 3.4438853642012e-37 3.4438853642012e-37 4.7201772435360e-37 9.1802914287138e-37 1.6139482191999e-36 2.6443778212347e-36 4.0940274949205e-36
1.41043724 1.41143331 1.41242938  7090.0  7080.0  1
1.0000000000000 
 1   1 0.0000000000000e+00 0.0000000000000e+00 0.0000000000000e+00 1.1224400699242e-42 1.4012984643248e-41 1.4012984643248e-41 1.4012984643248e-41 1.4012984643248e-41 1.4012984643248e-41
 1   2 0.0000000000000e+00 0.0000000000000e+00 0.0000000000000e+00 1.0536363153258e-41 1.4012984643248e-41 1.4012984643248e-41 1.4012984643248e-41 1.4012984643248e-41 1.4012984643248e-41
 1   3 0.0000000000000e+00 0.0000000000000e+00 5.9821431442026e-42 1.4012984643248e-41 2.5978672230118e-41 4.2038953929745e-41 4.2038953929745e-41 4.2038953929745e-41 4.2038953929745e-41
 1   4 0.0000000000000e+00 1.4279231351470e-42 1.4012984643248e-41 1.6870232212006e-41 4.4896201498503e-41 7.0064923216241e-41 7.0064923216241e-41 7.0064923216241e-41 7.0064923216241e-41
 1   5 0.0000000000000e+00 0.0000000000000e+00 1.0886687769340e-41 3.5787761480392e-41 7.4700418536227e-41 1.2762606023531e-40 1.4012984643248e-40 1.4012984643248e-40 1.4012984643248e-40
 1   6 0.0000000000000e+00 6.3324677602838e-42 2.6679321462280e-41 6.1037758509060e-41 1.1574304925784e-40 2.0480677705339e-40 2.6624670822172e-40 2.6624670822172e-40 2.6624670822172e-40
 1   7 1.4012984643248e-41 1.5791232394476e-41 3.3362113838645e-41 8.2516861370231e-41 1.7193091378187e-40 3.0872006467540e-40 4.7644147787044e-40 4.7644147787044e-40 4.7644147787044e-40
 1   8 2.8025969286496e-41 2.8025969286496e-41 6.1738407741223e-41 1.3748980012569e-40 2.7775557250921e-40 4.9654870953503e-40 8.1620731002295e-40 8.8281803252463e-40 8.8281803252463e-40
 1   9 5.6051938572993e-41 5.6051938572993e-41 9.6151495428112e-41 2.2701315381755e-40 4.4259871865853e-40 7.9508133437479e-40 1.3036461782414e-39 1.6114932339735e-39 1.6114932339735e-39
 1  10 1.2611686178923e-40 1.2611686178923e-40 1.5166533539080e-40 3.4749959837713e-40 6.9108957403878e-40 1.2393770254736e-39 2.0471765447106e-39 2.9147008057956e-39 2.9147008057956e-39
 1  11 2.6624670822172e-40 2.6624670822172e-40 2.6624670822172e-40 5.4435540794394e-40 1.0940988084832e-39 1.9656027572069e-39 3.2332439727059e-39 4.9382514583977e-39 5.2268432719316e-39
 1  12 4.9045446251369e-40 4.9045446251369e-40 4.9045446251369e-40 8.9246877504844e-40 1.7585945402660e-39 3.1569096401603e-39 5.1786077761926e-39 7.8876329998869e-39 8.8001543559599e-39
 1  13 5.7453237037317e-40 5.7453237037317e-40 5.8006890060572e-40 1.3551901396547e-39 2.7202117893350e-39 4.9049902380485e-39 8.0915863861755e-39 1.2331426486058e-38 1.2331426486058e-38
 1  14 6.5861027823266e-40 6.5861027823266e-40 9.8995991180845e-40 2.2415450495033e-39 4.4133530796309e-39 7.9253657636358e-39 1.2997721485069e-38 1.7081828280120e-38 1.7081828280120e-38
 1  15 7.4268818609215e-40 7.4268818609215e-40 1.5541745215888e-39 3.5420284971107e-39 6.9879545442395e-39 1.2544597613645e-38 2.0579543515893e-38 2.3583853154587e-38 2.3583853154587e-38
 1  16 8.2676609395164e-40 8.2676609395164e-40 2.3005243005682e-39 5.3710494955968e-39 1.0786263714894e-38 1.9460828097287e-38 3.2143323288911e-38 3.2355981541260e-38 3.2355981541260e-38
 1  17 8.9683101716788e-40 1.4440815077391e-39 3.9263205879671e-39 8.8969042058322e-39 1.7514909379608e-38 3.1460997435468e-38 4.3664460148361e-38 4.3664460148361e-38 4.3664460148361e-38
 1  18 9.2485698645438e-40 2.2643946222625e-39 6.1927737176738e-39 1.4089820640644e-38 2.7763096904977e-38 4.9881264733400e-38 5.9359002948799e-38 5.9359002948799e-38 5.9359002948799e-38
 1  19 9.2485698645438e-40 3.2830138902634e-39 9.1879468903802e-39 2.1452284811161e-38 4.2972784831564e-38 7.7523154926406e-38 7.9005207418633e-38 7.9005207418633e-38 7.9005207418633e-38
 1  20 1.6787639680519e-39 5.6957163367962e-39 1.5521883211455e-38 3.5249769368774e-38 6.9464063250320e-38 1.0428463171505e-37 1.0428463171505e-37 1.0428463171505e-37 1.0428463171505e-37
 1  21 2.6276798478403e-39 9.0262524618802e-39 2.4665114667838e-38 5.6058748883529e-38 1.1033325245840e-37 1.3701896384168e-37 1.3701896384168e-37 1.3701896384168e-37 1.3701896384168e-37
 1  22 4.0041991514205e-39 1.3874946935423e-38 3.8068248614218e-38 8.7010904018035e-38 1.7193385090345e-37 2.1348782103989e-37 2.1348782103989e-37 2.1348782103989e-37 2.1348782103989e-37
 1  23 7.4689208148513e-39 2.1308178079686e-38 5.8936023809940e-38 1.3569803264688e-37 2.7014529991567e-37 4.8514181493419e-37 5.4448853129805e-37 5.4448853129805e-37 5.4448853129805e-37
 1  24 1.6605386802249e-38 2.7900662375219e-38 7.5956178142047e-38 1.7297910745396e-37 3.4191505405400e-37 6.1439386343479e-37 8.4234853287493e-37 8.4234853287493e-37 8.4234853287493e-37
 1  25 3.4752201915255e-38 3.4752201915255e-38 9.0827149809032e-38 2.1103438284700e-37 4.2270932724800e-37 7.6274186573464e-37 1.2581027113770e-36 1.3087427231769e-36 1.3087427231769e-36
 1  26 6.9112040260500e-38 6.9112040260500e-38 1.2268772750160e-37 2.7876510155408e-37 5.4679885768138e-37 9.8700791404272e-37 1.6164241902721e-36 1.9840985404791e-36 1.9840985404791e-36
 1  27 1.3149784789224e-37 1.3149784789224e-37 1.4207761766673e-37 3.3247723042405e-37 6.6590052788812e-37 1.2041393128768e-36 1.9813160325652e-36 2.9445624088081e-36 2.9445624088081e-36
 1  28 2.4416224442396e-37 2.4416224442396e-37 2.4416224442396e-37 4.3060103662512e-37 8.5397209063914e-37 1.5296371352760e-36 2.5182571927552e-36 3.8355984626754e-36 4.3597337727712e-36
 1  29 4.4233387324877e-37 4.4233387324877e-37 4.4233387324877e-37 5.3790328050519e-37 1.0837062970251e-36 1.9214331906193e-36 3.1560599151923e-36 4.8583337926815e-36 6.4762829544152e-36
 1  30 7.7339065786629e-37 7.7339065786629e-37 7.7339065786629e-37 7.7339065786629e-37 1.3701271292949e-36 2.4379544053793e-36 3.9906045832883e-36 6.1123381656762e-36 8.8564401880621e-36
 1  31 1.2947971802262e-36 1.2947971802262e-36 1.2947971802262e-36 1.2947971802262e-36 1.6970959339284e-36 3.0660241795196e-36 5.0141269721950e-36 7.6220785667377e-36 1.1026634931294e-35
1.41242938 1.41342827 1.41442716  7080.0  7070.0  1
1.0000000000000 
 1   1 0.0000000000000e+00 1.0733946236728e-42 1.4008780747855e-41 1.5135424713172e-41 2.8075014732748e-41 2.8080619926605e-41 2.8080619926605e-41 2.8080619926605e-41 2.8080619926605e-41
 1   2 0.0000000000000e+00 1.0536363153258e-41 1.4012984643248e-41 2.4549347796506e-41 4.9100096891477e-41 5.6051938572993e-41 5.6051938572993e-41 5.6051938572993e-41 5.6051938572993e-41
 1   3 0.0000000000000e+00 5.9821431442026e-42 1.9995127787451e-41 4.5973800017569e-41 8.2030610803110e-41 1.1210387714599e-40 1.1210387714599e-40 1.1210387714599e-40 1.1210387714599e-40
 1   4 1.4279231351470e-42 1.5440907778395e-41 3.2311139990402e-41 7.4350093920146e-41 1.2210354298741e-40 1.9618178500547e-40 1.9618178500547e-40 1.9618178500547e-40 1.9618178500547e-40
 1   5 1.4012984643248e-41 2.4899672412588e-41 6.0687433892979e-41 1.1361307559206e-40 2.0232788007000e-40 3.2219214811142e-40 3.5032461608120e-40 3.5032461608120e-40 3.5032461608120e-40
 1   6 2.8025969286496e-41 4.0692306105528e-41 8.7717079971341e-41 1.8311327552718e-40 3.2688229407151e-40 5.2171743125277e-40 6.4459729358942e-40 6.4459729358942e-40 6.4459729358942e-40
 1   7 5.6051938572993e-41 6.4945979926062e-41 1.4212529544568e-40 2.8069409538890e-40 5.0511905094285e-40 8.1696120859676e-40 1.1630777253896e-39 1.1630777253896e-39 1.1630777253896e-39
 1   8 1.1210387714599e-40 1.1210387714599e-40 2.2447960619405e-40 4.5173378334746e-40 8.0233025133075e-40 1.2901446675376e-39 1.9574878378000e-39 2.0879347118440e-39 2.0879347118440e-39
 1   9 2.3822073893522e-40 2.3822073893522e-40 3.6520360317541e-40 7.2501641115855e-40 1.2930859930143e-39 2.0545305590514e-39 3.1136992007144e-39 3.7414668997473e-39 3.7414668997473e-39
 1  10 4.9045446251369e-40 4.9045446251369e-40 5.6497271224955e-40 1.1247970539412e-39 2.0120684129854e-39 3.2320865001744e-39 4.8909632404206e-39 6.6141287516131e-39 6.6141287516131e-39
 1  11 9.9492190967062e-40 9.9492190967062e-40 9.9492190967062e-40 1.7780459642493e-39 3.1823179839154e-39 5.1139588715410e-39 7.7446332941995e-39 1.1073807357176e-38 1.1672816207826e-38
 1  12 1.7516230804060e-39 1.7516230804060e-39 1.7516230804060e-39 2.8862208158067e-39 5.1270764264655e-39 8.1748669552088e-39 1.2357625162147e-38 1.7646191427537e-38 1.9351931792326e-38
 1  13 2.1720126197035e-39 2.1720126197035e-39 2.1883966013484e-39 4.4290041821790e-39 7.9348469490454e-39 1.2799834319833e-38 1.9426277682350e-38 2.7689657655058e-38 2.7689657655058e-38
 1  14 2.6484540975739e-39 2.6484540975739e-39 3.6519617629354e-39 7.2387070953412e-39 1.2885497096255e-38 2.0521508739993e-38 3.0993378532729e-38 3.9124253123949e-38 3.9124253123949e-38
 1  15 3.1669345293741e-39 3.1669345293741e-39 5.7784083604745e-39 1.1465236261111e-38 2.0392587879977e-38 3.2493112608979e-38 4.9099385031857e-38 5.5309250386901e-38 5.5309250386901e-38
 1  16 3.6994279458175e-39 3.6994279458175e-39 8.6893004370440e-39 1.7613961562858e-38 3.1525843923203e-38 5.0860693887249e-38 7.7173598221884e-38 7.7589895969665e-38 7.7589895969665e-38
 1  17 4.2179083776177e-39 6.2210126843268e-39 1.4513011375572e-38 2.8743686333954e-38 5.1134389898107e-38 8.1437564477427e-38 1.0792800772230e-37 1.0792800772230e-37 1.0792800772230e-37
 1  18 4.6803368708449e-39 9.8339426798370e-39 2.3024391749197e-38 4.5569914971584e-38 8.1063490654972e-38 1.2910453100866e-37 1.5028926029884e-37 1.5028926029884e-37 1.5028926029884e-37
 1  19 5.0446744715693e-39 1.4643784752158e-38 3.4683787721630e-38 7.0181735456227e-38 1.2552246461183e-37 2.0221822005738e-37 2.0533226397752e-37 2.0533226397752e-37 2.0533226397752e-37
 1  20 8.6383492248812e-39 2.4625194477187e-38 5.7571327261503e-38 1.1399046208409e-37 2.0287035073151e-37 2.8339860142505e-37 2.8339860142505e-37 2.8339860142505e-37 2.8339860142505e-37
 1  21 1.3704459359059e-38 3.9173693736367e-38 9.1572332306391e-38 1.8103988068820e-37 3.2227503771818e-37 3.8147550336392e-37 3.8147550336392e-37 3.8147550336392e-37 3.8147550336392e-37
 1  22 2.1002891196249e-38 6.0440833389227e-38 1.4214585529675e-37 2.8163309988465e-37 5.0222411405059e-37 5.9684104192523e-37 5.9684104192523e-37 5.9684104192523e-37 5.9684104192523e-37
 1  23 3.9152279093235e-38 9.3938777890616e-38 2.2121733852755e-37 4.4256260999970e-37 7.8750650902720e-37 1.2648240114352e-36 1.3958614262832e-36 1.3958614262832e-36 1.3958614262832e-36
 1  24 7.9453622927217e-38 1.2064195505795e-37 2.8252706104257e-37 5.6096268930171e-37 9.9439618732836e-37 1.5937727499053e-36 2.0886774672924e-36 2.0886774672924e-36 2.0886774672924e-36
 1  25 1.5370842855179e-37 1.5370842855179e-37 3.4546679635206e-37 7.0122723975297e-37 1.2296254567227e-36 2.0071456626906e-36 3.0164534593415e-36 3.1100980430273e-36 3.1100980430273e-36
 1  26 2.8669165281621e-37 2.8669165281621e-37 4.5201520892065e-37 8.9981244220136e-37 1.5843911800009e-36 2.5647144743741e-36 3.8603441828335e-36 4.5884536632768e-36 4.5884536632768e-36
 1  27 5.0944207912606e-37 5.0944207912606e-37 5.3869280569115e-37 1.0837299733640e-36 1.9547205087511e-36 3.1894977215688e-36 4.7993682294999e-36 6.7330428047711e-36 6.7330428047711e-36
 1  28 8.7473256280626e-37 8.7473256280626e-37 8.7473256280626e-37 1.3962311897116e-36 2.4814336699227e-36 3.9856336283263e-36 5.9925728405168e-36 8.5251630072221e-36 9.6134681640202e-36
 1  29 1.4777953699131e-36 1.4777953699131e-36 1.4777953699131e-36 1.7478956713325e-36 3.1246432071961e-36 5.0572770997550e-36 7.5713315629975e-36 1.0769895887417e-35 1.3781084231223e-35
 1  30 2.5005049608689e-36 2.5005049608689e-36 2.5005049608689e-36 2.5005049608689e-36 3.9522395873034e-36 6.4309241114261e-36 9.5915266550866e-36 1.3650326268920e-35 1.8447080774104e-35
 1  31 3.9897249714266e-36 3.9897249714266e-36 3.9897249714266e-36 3.9897249714266e-36 4.9467146957613e-36 7.9336075285797e-36 1.1980767710740e-35 1.6924057946946e-35 2.2928058925748e-35
1.41442716 1.41542888 1.41643059  7070.0  7060.0  1
1.0000000000000 
 1   1 1.0733946236728e-42 1.5082175371528e-41 2.9095160014776e-41 4.4231986026413e-41 7.0158810213351e-41 7.0172823197994e-41 7.0172823197994e-41 7.0172823197994e-41 7.0172823197994e-41
 1   2 1.0536363153258e-41 2.4549347796506e-41 4.9100096891477e-41 7.7126066177974e-41 1.2622476177099e-40 1.4012984643248e-40 1.4012984643248e-40 1.4012984643248e-40 1.4012984643248e-40
 1   3 1.9995127787451e-41 3.4008112430699e-41 6.5968927805019e-41 1.2202086637801e-40 1.9003849253787e-40 2.3822073893522e-40 2.3822073893522e-40 2.3822073893522e-40 2.3822073893522e-40
 1   4 1.6870232212006e-41 4.7752047768797e-41 1.0523331077540e-40 1.8101132783069e-40 2.9597245254544e-40 4.3440252394069e-40 4.3440252394069e-40 4.3440252394069e-40 4.3440252394069e-40
 1   5 4.2038953929745e-41 8.5587106305567e-41 1.6341382171570e-40 2.9416617882492e-40 4.7471928205778e-40 7.0668882854365e-40 7.5670117073540e-40 7.5670117073540e-40 7.5670117073540e-40
 1   6 8.4077907859489e-41 1.3474185383715e-40 2.7083035549852e-40 4.7698378037613e-40 7.5953599752873e-40 1.1302060660135e-39 1.3592595103951e-39 1.3592595103951e-39 1.3592595103951e-39
 1   7 1.8216880036223e-40 2.0529302762051e-40 4.1392534948151e-40 7.3822084658789e-40 1.1888490054470e-39 1.7756147114137e-39 2.3822073893522e-39 2.3822073893522e-39 2.3822073893522e-39
 1   8 3.6433760072445e-40 3.6433760072445e-40 6.5651393573003e-40 1.1724902471745e-39 1.8821442232686e-39 2.8071371356740e-39 3.9481458115490e-39 4.1758694236880e-39 4.1758694236880e-39
 1   9 7.4268818609215e-40 7.4268818609215e-40 1.0561572512632e-39 1.8805579534070e-39 3.0072075239180e-39 4.4600331340745e-39 6.2644753574963e-39 7.3007649991323e-39 7.3007649991323e-39
 1  10 1.4713633875411e-39 1.4713633875411e-39 1.6395612422140e-39 2.9429649958211e-39 4.7132491678765e-39 7.0211316866809e-39 9.8897297730002e-39 1.2583660209637e-38 1.2583660209637e-38
 1  11 2.8586488672226e-39 2.8586488672226e-39 2.8586488672226e-39 4.6509922797035e-39 7.4651863544438e-39 1.1117736662734e-38 1.5643936307697e-38 2.0855711417242e-38 2.1818217089537e-38
 1  12 4.9886225329963e-39 4.9886225329963e-39 4.9886225329963e-39 7.4739122399812e-39 1.1953476672051e-38 1.7736861043373e-38 2.4911583449534e-38 3.3208654841220e-38 3.5957318594575e-38
 1  13 6.4459729358942e-39 6.4459729358942e-39 6.4834870970826e-39 1.1655067361477e-38 1.8718400552709e-38 2.7911362690293e-38 3.9302103122444e-38 5.2212380780743e-38 5.2212380780743e-38
 1  14 8.2256219855867e-39 8.2256219855867e-39 1.0549611028940e-38 1.8788293116214e-38 2.9993039203195e-38 4.4481963659464e-38 6.2455659557591e-38 7.5754194981400e-38 7.5754194981400e-38
 1  15 1.0327569682074e-38 1.0327569682074e-38 1.6685385530279e-38 2.9746385450102e-38 4.7508423622983e-38 7.0459685809223e-38 9.8928913825954e-38 1.0946943603305e-37 1.0946943603305e-37
 1  16 1.2709777071426e-38 1.2709777071426e-38 2.5806853420213e-38 4.6319811436977e-38 7.4362974655630e-38 1.1087945617902e-37 1.5608614057567e-37 1.5679128517330e-37 1.5679128517330e-37
 1  17 1.5260140276497e-38 2.0877407721365e-38 4.1854742036221e-38 7.4592154216874e-38 1.1910811617968e-37 1.7660820142726e-37 2.2360519595231e-37 2.2360519595231e-37 2.2360519595231e-37
 1  18 1.8076750189790e-38 3.3104409445862e-38 6.6380427506859e-38 1.1826522954819e-37 1.8886357664306e-37 2.7991062381231e-37 3.1697371263027e-37 3.1697371263027e-37 3.1697371263027e-37
 1  19 2.0795269210580e-38 5.0237015177135e-38 1.0280359376291e-37 1.8432681120767e-37 2.9569655369339e-37 4.4057563603961e-37 4.4631356088745e-37 4.4631356088745e-37 4.4631356088745e-37
 1  20 3.4347969347252e-38 8.2744622817429e-38 1.6603004594860e-37 2.9584645899791e-37 4.7271980851539e-37 6.2801991033568e-37 6.2801991033568e-37 6.2801991033568e-37 6.2801991033568e-37
 1  21 5.4701423165015e-38 1.3173463370155e-37 2.6411045673882e-37 4.7002048167837e-37 7.4992041078080e-37 8.7523703025341e-37 8.7523703025341e-37 8.7523703025341e-37 8.7523703025341e-37
 1  22 8.4421764081859e-38 2.0411486071326e-37 4.1068318204019e-37 7.3223795234771e-37 1.1714019315247e-36 1.3719972910150e-36 1.3719972910150e-36 1.3719972910150e-36 1.3719972910150e-36
 1  23 1.5574031132506e-37 3.1860558634911e-37 6.4590478352934e-37 1.1537851211221e-36 1.8481375233468e-36 2.7507030574046e-36 2.9858166355978e-36 2.9858166355978e-36 2.9858166355978e-36
 1  24 2.9037706777739e-37 4.0483705453013e-37 8.1644168559890e-37 1.4551229437005e-36 2.3276944128047e-36 3.4640474707137e-36 4.3523489074435e-36 4.3523489074435e-36 4.3523489074435e-36
 1  25 5.2188560948927e-37 5.2188560948927e-37 1.0095279686655e-36 1.8082297986462e-36 2.9108128639700e-36 4.3401541580044e-36 6.0795342394627e-36 6.2505620668310e-36 6.2505620668310e-36
 1  26 9.1237139471647e-37 9.1237139471647e-37 1.2995815943366e-36 2.3091305488479e-36 3.7218429815282e-36 5.5206678926636e-36 7.7085359466520e-36 8.9859382821523e-36 8.9859382821523e-36
 1  27 1.5536056616746e-36 1.5536056616746e-36 1.6166880379574e-36 2.8579242277608e-36 4.6482037742322e-36 6.9183453120735e-36 9.6361070487528e-36 1.2768757163270e-35 1.2768757163270e-35
 1  28 2.5045407004462e-36 2.5045407004462e-36 2.5045407004462e-36 3.6259161422699e-36 5.8841212180051e-36 8.6747099380673e-36 1.2075958789832e-35 1.6109382390669e-35 1.7688506661472e-35
 1  29 3.9912345173947e-36 3.9912345173947e-36 3.9912345173947e-36 4.5334381026272e-36 7.3199010412780e-36 1.0944245576873e-35 1.5220974410414e-35 2.0200452854359e-35 2.4498788858231e-35
 1  30 6.3688174872900e-36 6.3688174872900e-36 6.3688174872900e-36 6.3688174872900e-36 9.3722765826575e-36 1.3772078612881e-35 1.9290625679556e-35 2.5658105812433e-35 3.2678886445822e-35
 1  31 9.6616258372477e-36 9.6616258372477e-36 9.6616258372477e-36 9.6616258372477e-36 1.1559532639160e-35 1.7329019481621e-35 2.4230853058471e-35 3.2194282012034e-35 4.0837041089551e-35
1.41643059 1.41743516 1.41843972  7060.0  7050.0  1
1.0000000000000 
 1   1 1.5135424713172e-41 3.1347046646946e-41 7.2257955312909e-41 1.1541514541718e-40 1.5433621026381e-40 1.5435863103924e-40 1.5435863103924e-40 1.5435863103924e-40 1.5435863103924e-40
 1   2 3.5087112248229e-41 6.3113081534725e-41 1.1221177712774e-40 1.8933784330571e-40 2.7341575116520e-40 2.9427267750821e-40 2.9427267750821e-40 2.9427267750821e-40 2.9427267750821e-40
 1   3 4.5973800017569e-41 9.9978441534183e-41 1.7602550789463e-40 2.8403479092785e-40 4.1613379586129e-40 5.0446744715693e-40 5.0446744715693e-40 5.0446744715693e-40 5.0446744715693e-40
 1   4 7.7207341488904e-41 1.5155743540905e-40 2.7080373082770e-40 4.4181679411544e-40 6.5343948689931e-40 8.6880504788139e-40 8.6880504788139e-40 8.6880504788139e-40 8.6880504788139e-40
 1   5 1.4012984643248e-40 2.4587603244583e-40 4.4044212032193e-40 7.0194683454037e-40 1.0366427688490e-39 1.4258800419860e-39 1.5134023414708e-39 1.5134023414708e-39 1.5134023414708e-39
 1   6 2.8025969286496e-40 3.9290587251664e-40 7.0348405895574e-40 1.1298038933542e-39 1.6672845310322e-39 2.2874936261485e-39 2.6764800668604e-39 2.6764800668604e-39 2.6764800668604e-39
 1   7 5.4650640108668e-40 6.0520539245878e-40 1.0925363606955e-39 1.7724926184352e-39 2.6068075072142e-39 3.5859367831919e-39 4.6242849322719e-39 4.6242849322719e-39 4.6242849322719e-39
 1   8 1.0649868328869e-39 1.0649868328869e-39 1.7392384045783e-39 2.7989465461501e-39 4.1255782231018e-39 5.6811554444534e-39 7.5733147478465e-39 7.9313493080785e-39 7.9313493080785e-39
 1   9 2.0739217272007e-39 2.0739217272007e-39 2.7756695773592e-39 4.4514109446235e-39 6.5680302360322e-39 9.0129723563338e-39 1.2023395860227e-38 1.3564569134664e-38 1.3564569134664e-38
 1  10 3.9656746540392e-39 3.9656746540392e-39 4.3425244487516e-39 7.0225666163084e-39 1.0335365105431e-38 1.4230080807834e-38 1.8978201287995e-38 2.3149450630646e-38 2.3149450630646e-38
 1  11 7.4549078302080e-39 7.4549078302080e-39 7.4549078302080e-39 1.1114509472371e-38 1.6363746895061e-38 2.2513834258914e-38 3.0036661624390e-38 3.7898492515653e-38 3.9278395955025e-38
 1  12 1.2751816025356e-38 1.2751816025356e-38 1.2751816025356e-38 1.7750568544951e-38 2.6146502944593e-38 3.5843182834656e-38 4.7772209651101e-38 6.0212449765512e-38 6.4249534589293e-38
 1  13 1.7137880218693e-38 1.7137880218693e-38 1.7220591860549e-38 2.7896450072036e-38 4.1048081772636e-38 5.6569595041296e-38 7.5492774345089e-38 9.5050074835152e-38 9.5050074835152e-38
 1  14 2.2715048106705e-38 2.2715048106705e-38 2.7783073815884e-38 4.4514499007208e-38 6.5573587877070e-38 8.9904831975395e-38 1.1978900149830e-37 1.3975149584711e-37 1.3975149584711e-37
 1  15 2.9553384612610e-38 2.9553384612610e-38 4.4002285182141e-38 7.0548752339615e-38 1.0388526165272e-37 1.4241706820673e-37 1.8972135066943e-37 2.0533226397752e-37 2.0533226397752e-37
 1  16 3.7975188383203e-38 3.7975188383203e-38 6.8457376038743e-38 1.1091160757099e-37 1.6311235196928e-37 2.2476708537660e-37 2.9975285312172e-37 3.0097088416768e-37 3.0097088416768e-37
 1  17 4.8218680157417e-38 6.1364311497993e-38 1.1031764759870e-37 1.7685269998331e-37 2.6039311459344e-37 3.5705105049694e-37 4.3677069592463e-37 4.3677069592463e-37 4.3677069592463e-37
 1  18 5.9947548303816e-38 9.7375501610730e-38 1.7499174199152e-37 2.8036450999009e-37 4.1270024468090e-37 5.6564585119026e-37 6.2694093293892e-37 6.2694093293892e-37 6.2694093293892e-37
 1  19 7.2881533129534e-38 1.5013787522314e-37 2.7259965736035e-37 4.4102490353766e-37 6.4837860220710e-37 8.9282621826072e-37 9.0305278234949e-37 9.0305278234949e-37 9.0305278234949e-37
 1  20 1.1769865655310e-37 2.4357641198277e-37 4.3770322081628e-37 7.0228908767730e-37 1.0335777479543e-36 1.2988495111773e-36 1.2988495111773e-36 1.2988495111773e-36 1.2988495111773e-36
 1  21 1.8742647220037e-37 3.8721141034197e-37 6.9559321277847e-37 1.1138038562782e-36 1.6395852100229e-36 1.8452438083868e-36 1.8452438083868e-36 1.8452438083868e-36 1.8452438083868e-36
 1  22 2.9045923991934e-37 6.0279864553072e-37 1.0836648634321e-36 1.7437248690040e-36 2.5671985169254e-36 2.8975908842839e-36 2.8975908842839e-36 2.8975908842839e-36 2.8975908842839e-36
 1  23 5.2960674160692e-37 9.4829189839779e-37 1.7066498747543e-36 2.7539992701251e-36 4.0503464433983e-36 5.5742370442487e-36 5.9565973610941e-36 5.9565973610941e-36 5.9565973610941e-36
 1  24 9.2061102968670e-37 1.1978442766011e-36 2.1538507154086e-36 3.4677216080248e-36 5.0961037843474e-36 7.0150954422056e-36 8.5208754374953e-36 8.5208754374953e-36 8.5208754374953e-36
 1  25 1.5486589211501e-36 1.5486589211501e-36 2.6805794814399e-36 4.3073487968612e-36 6.3695284949204e-36 8.8065132466040e-36 1.1703349178538e-35 1.1959956208888e-35 1.1959956208888e-35
 1  26 2.5526052826141e-36 2.5526052826141e-36 3.4172318154203e-36 5.4836990832063e-36 8.0895111976745e-36 1.1140567626250e-35 1.4767265446434e-35 1.6640152815362e-35 1.6640152815362e-35
 1  27 4.1268518688812e-36 4.1268518688812e-36 4.2617948034428e-36 6.8827647970308e-36 1.0186195931021e-35 1.4037566422696e-35 1.8700202360389e-35 2.3401544089853e-35 2.3401544089853e-35
 1  28 6.5227502805415e-36 6.5227502805415e-36 6.5227502805415e-36 8.8160619858100e-36 1.2911687633603e-35 1.7905350356916e-35 2.3552690967233e-35 2.9724664808227e-35 3.2287276931331e-35
 1  29 9.7691522888820e-36 9.7691522888820e-36 9.7691522888820e-36 1.0768493243707e-35 1.6009303223801e-35 2.1826839402303e-35 2.9186896231741e-35 3.6962251828890e-35 4.3422792887827e-35
 1  30 1.4926645950017e-35 1.4926645950017e-35 1.4926645950017e-35 1.4926645950017e-35 2.0080957654702e-35 2.7672204605999e-35 3.6829862351601e-35 4.6454380191217e-35 5.6644690782944e-35
 1  31 2.2201495223246e-35 2.2201495223246e-35 2.2201495223246e-35 2.2201495223246e-35 2.5376991618975e-35 3.4942312871740e-35 4.6448531418056e-35 5.8504399758173e-35 7.1680354076478e-35
1.41843972 1.41944714 1.42045455  7050.0  7040.0  1
1.0000000000000 
 1   1 6.0436601467865e-41 1.1761238140925e-40 1.8885019144013e-40 2.7624917666007e-40 3.7879199438396e-40 3.7883823723329e-40 3.7883823723329e-40 3.7883823723329e-40 3.7883823723329e-40
 1   2 1.0873655693621e-40 1.9639898626744e-40 3.1903922656669e-40 4.6623021596090e-40 6.4850831760335e-40 7.0064923216241e-40 7.0064923216241e-40 7.0064923216241e-40 7.0064923216241e-40
 1   3 1.5996522619500e-40 3.0198262165893e-40 4.9013356516536e-40 7.1827616554515e-40 9.9648856135374e-40 1.1630777253896e-39 1.1630777253896e-39 1.1630777253896e-39 1.1630777253896e-39
 1   4 2.4849085538026e-40 4.6582804330164e-40 7.6153004524346e-40 1.1330086629421e-39 1.5576847742419e-39 1.9898438193412e-39 1.9898438193412e-39 1.9898438193412e-39 1.9898438193412e-39
 1   5 4.6242849322719e-40 7.3924379446684e-40 1.2140695752079e-39 1.7916217437717e-39 2.4766422941615e-39 3.2145884862504e-39 3.3911422836661e-39 3.3911422836661e-39 3.3911422836661e-39
 1   6 8.9683101716788e-40 1.1917875283267e-39 1.9381148865307e-39 2.8684999954268e-39 3.9565269776641e-39 5.1422426797449e-39 5.8574275808777e-39 5.8574275808777e-39 5.8574275808777e-39
 1   7 1.7095841264763e-39 1.8552252797689e-39 3.0240749535331e-39 4.5029871359015e-39 6.2145667113910e-39 8.0733905256163e-39 9.9211931274197e-39 9.9211931274197e-39 9.9211931274197e-39
 1   8 3.2510124372336e-39 3.2510124372336e-39 4.7959692175240e-39 7.1258507209199e-39 9.8336750318303e-39 1.2771393566201e-38 1.6112303503816e-38 1.6703477694752e-38 1.6703477694752e-38
 1   9 6.0816353351697e-39 6.0816353351697e-39 7.6293582786288e-39 1.1327079442917e-38 1.5618931537900e-38 2.0267583649168e-38 2.5555219452377e-38 2.8039982271140e-38 2.8039982271140e-38
 1  10 1.1182361745312e-38 1.1182361745312e-38 1.2017661746911e-38 1.7853492515857e-38 2.4666126405329e-38 3.2029173516007e-38 4.0393686600184e-38 4.6957511539525e-38 4.6957511539525e-38
 1  11 2.0402905640569e-38 2.0402905640569e-38 2.0402905640569e-38 2.8271325437212e-38 3.9033580705516e-38 5.0684315252141e-38 6.3909876657122e-38 7.6463117479695e-38 7.8879090556844e-38
 1  12 3.4724175945969e-38 3.4724175945969e-38 3.4724175945969e-38 4.5091620977144e-38 6.2120766040198e-38 8.0569975756612e-38 1.0149142909131e-37 1.2141974296798e-37 1.2849906917859e-37
 1  13 4.7616121817757e-38 4.7616121817757e-38 4.7784367316578e-38 7.1054167064534e-38 9.8168838328517e-38 1.2746296030445e-37 1.6067531457362e-37 1.9189381170464e-37 1.9189381170464e-37
 1  14 6.5034261729315e-38 6.5034261729315e-38 7.6250187375444e-38 1.1308678152003e-37 1.5578036604036e-37 2.0202670179366e-37 2.5443035420959e-37 2.8587889970691e-37 2.8587889970691e-37
 1  15 8.8323842206393e-38 8.8323842206393e-38 1.2084593927281e-37 1.7918641123541e-37 2.4681722296718e-37 3.1998540571058e-37 4.0292007823093e-37 4.2834891457481e-37 4.2834891457481e-37
 1  16 1.1728868146399e-37 1.1728868146399e-37 1.8997277724509e-37 2.8241430696293e-37 3.9009593278404e-37 5.0612232459136e-37 6.3779572715521e-37 6.3977682687214e-37 6.3977682687214e-37
 1  17 1.5390461033679e-37 1.8738279652984e-37 3.0297489791710e-37 4.4919180551240e-37 6.1886662876671e-37 8.0235498144604e-37 9.4475542464779e-37 9.4475542464779e-37 9.4475542464779e-37
 1  18 2.0007739473630e-37 2.9738396367297e-37 4.8041170394189e-37 7.1220969786456e-37 9.8041010761562e-37 1.2709708015438e-36 1.3839924058696e-36 1.3839924058696e-36 1.3839924058696e-36
 1  19 2.5517645035355e-37 4.6350330035971e-37 7.5567976988995e-37 1.1226931556372e-36 1.5495415822372e-36 2.0107589948588e-36 2.0295425824148e-36 2.0295425824148e-36 2.0295425824148e-36
 1  20 4.0644422055444e-37 7.4386837086920e-37 1.2032953052066e-36 1.7841394825955e-36 2.4572484691503e-36 2.9789363274003e-36 2.9789363274003e-36 2.9789363274003e-36 2.9789363274003e-36
 1  21 6.4680533639523e-37 1.1823564533501e-36 1.9097349268313e-36 2.8283870982103e-36 3.8931635345406e-36 4.3484674228012e-36 4.3484674228012e-36 4.3484674228012e-36 4.3484674228012e-36
 1  22 1.0043119994697e-36 1.8407377706241e-36 2.9859708905327e-36 4.4304862066452e-36 6.1133562482469e-36 6.8336701147566e-36 6.8336701147566e-36 6.8336701147566e-36 6.8336701147566e-36
 1  23 1.8087119350011e-36 2.8994544991376e-36 4.7183305787886e-36 7.0076173064520e-36 9.6740508928919e-36 1.2553499065065e-35 1.3288612078287e-35 1.3288612078287e-35 1.3288612078287e-35
 1  24 2.9680762418810e-36 3.6535672361912e-36 5.9424880567996e-36 8.8119487600328e-36 1.2172714659683e-35 1.5790077545176e-35 1.8493761904745e-35 1.8493761904745e-35 1.8493761904745e-35
 1  25 4.7371034043724e-36 4.7371034043724e-36 7.4395210798127e-36 1.1039994126126e-35 1.5290172456769e-35 1.9816508733938e-35 2.5008074081612e-35 2.5457387856142e-35 2.5457387856142e-35
 1  26 7.4646187164619e-36 7.4646187164619e-36 9.3931060211298e-36 1.3957052521299e-35 1.9118439863978e-35 2.5000962570378e-35 3.1556429963891e-35 3.4590855558084e-35 3.4590855558084e-35
 1  27 1.1687403523052e-35 1.1687403523052e-35 1.2023013473902e-35 1.7604640764465e-35 2.4480559512243e-35 3.1849405285649e-35 3.9891706581115e-35 4.7087915971041e-35 4.7087915971041e-35
 1  28 1.7321590850939e-35 1.7321590850939e-35 1.7321590850939e-35 2.2071609698156e-35 3.0597696082594e-35 3.9838849513358e-35 4.9473165052471e-35 5.9726477664422e-35 6.3564116597027e-35
 1  29 2.5480846085692e-35 2.5480846085692e-35 2.5480846085692e-35 2.7726023076607e-35 3.8072304779122e-35 4.9363014114548e-35 6.2418761508100e-35 7.5054126178272e-35 8.4758911111389e-35
 1  30 3.7541415255270e-35 3.7541415255270e-35 3.7541415255270e-35 3.7541415255270e-35 4.7999027407861e-35 6.2343226812511e-35 7.8305923522011e-35 9.3536019780067e-35 1.1041867283261e-34
 1  31 5.3783601817890e-35 5.3783601817890e-35 5.3783601817890e-35 5.3783601817890e-35 6.0441049660027e-35 7.8379219727382e-35 9.8952448644873e-35 1.1804522048767e-34 1.3878821879925e-34
1.42045455 1.42146483 1.42247511  7040.0  7030.0  1
1.0000000000000 
 1   1 1.9098997419515e-40 3.0539057952416e-40 4.4669751666668e-40 6.0319593046094e-40 7.5761061343875e-40 7.5767507316811e-40 7.5767507316811e-40 7.5767507316811e-40 7.5767507316811e-40
 1   2 3.1208738488517e-40 5.1185369136239e-40 7.5018373157783e-40 1.0094771968196e-39 1.2826771480213e-39 1.3452465257518e-39 1.3452465257518e-39 1.3452465257518e-39 1.3452465257518e-39
 1   3 4.8399027269776e-40 7.8613404368008e-40 1.1463756489933e-39 1.5507049065911e-39 1.9692068968571e-39 2.2140515736332e-39 2.2140515736332e-39 2.2140515736332e-39 2.2140515736332e-39
 1   4 7.5207268190774e-40 1.2385138256196e-39 1.8076035527573e-39 2.4410451092723e-39 3.1148258446797e-39 3.7414668997473e-39 3.7414668997473e-39 3.7414668997473e-39 3.7414668997473e-39
 1   5 1.3452465257518e-39 1.9673277556165e-39 2.8749389618704e-39 3.8714765686704e-39 4.9302122091079e-39 6.0106161276993e-39 6.2638041355319e-39 6.2638041355319e-39 6.2638041355319e-39
 1   6 2.5363502204279e-39 3.1433716956965e-39 4.5931831128562e-39 6.1924121826700e-39 7.8649431751526e-39 9.6030969747195e-39 1.0593816390296e-38 1.0593816390296e-38 1.0593816390296e-38
 1   7 4.6102719476286e-39 4.9197781407425e-39 7.1974304477761e-39 9.7304399726650e-39 1.2379804914241e-38 1.5100968185233e-38 1.7572282742633e-38 1.7572282742633e-38 1.7572282742633e-38
 1   8 8.3797648166624e-39 8.3797648166624e-39 1.1411394170217e-38 1.5397311981872e-38 1.9566680781984e-38 2.3870023524374e-38 2.8240578146308e-38 2.8978852242237e-38 2.8978852242237e-38
 1   9 1.5190075353281e-38 1.5190075353281e-38 1.8129013017316e-38 2.4422342511491e-38 3.1026555675170e-38 3.7859735402727e-38 4.4763801214400e-38 4.7896381510622e-38 4.7896381510622e-38
 1  10 2.6960982453609e-38 2.6960982453609e-38 2.8591866855732e-38 3.8586687007065e-38 4.9074895939895e-38 5.9869495979353e-38 7.0796950323616e-38 7.9285467111498e-38 7.9285467111498e-38
 1  11 4.7952433449195e-38 4.7952433449195e-38 4.7952433449195e-38 6.1089572921077e-38 7.7656939693392e-38 9.4731486826691e-38 1.1199762509123e-37 1.2799537524818e-37 1.3100739342973e-37
 1  12 7.9481648896504e-38 7.9481648896504e-38 7.9481648896504e-38 9.7185945164864e-38 1.2334076621714e-37 1.5041545563334e-37 1.7767720157894e-37 2.0303956032368e-37 2.1172218497484e-37
 1  13 1.1349116262567e-37 1.1349116262567e-37 1.1384031015104e-37 1.5370262157095e-37 1.9543046482084e-37 2.3828983976509e-37 2.8160792135385e-37 3.2137378980825e-37 3.2137378980825e-37
 1  14 1.6004229761054e-37 1.6004229761054e-37 1.8116535855789e-37 2.4375411904882e-37 3.0933464055069e-37 3.7718708164758e-37 4.4550878957420e-37 4.8653082681358e-37 4.8653082681358e-37
 1  15 2.2395552056839e-37 2.2395552056839e-37 2.8712015867622e-37 3.8621857356442e-37 4.9002420783320e-37 5.9746541567938e-37 7.0556736377746e-37 7.3695689779384e-37 7.3695689779384e-37
 1  16 3.1155068757334e-37 3.1155068757334e-37 4.5255819525999e-37 6.1091124438737e-37 7.7632795881371e-37 9.4624102522773e-37 1.1182790430538e-36 1.1207865825778e-36 1.1207865825778e-36
 1  17 4.2380870755040e-37 4.9299061094714e-37 7.1993419309853e-37 9.6870664220779e-37 1.2288771409220e-36 1.4982190820333e-36 1.6919276761427e-36 1.6919276761427e-36 1.6919276761427e-36
 1  18 5.7736299327111e-37 7.8172024498754e-37 1.1412773776581e-36 1.5343013740301e-36 1.9459016106269e-36 2.3725768591574e-36 2.5354254082830e-36 2.5354254082830e-36 2.5354254082830e-36
 1  19 7.6555737702993e-37 1.2312459406876e-36 1.7996795910948e-36 2.4271004183110e-36 3.0826525027751e-36 3.7573589247377e-36 3.7865887999816e-36 3.7865887999816e-36 3.7865887999816e-36
 1  20 1.2054214224990e-36 1.9586301538873e-36 2.8597099976821e-36 3.8471514398386e-36 4.8794502170793e-36 5.6503295687313e-36 5.6503295687313e-36 5.6503295687313e-36 5.6503295687313e-36
 1  21 1.9166505701709e-36 3.1066086529057e-36 4.5341799612446e-36 6.0926710202022e-36 7.7275014115382e-36 8.3568393047367e-36 8.3568393047367e-36 8.3568393047367e-36 8.3568393047367e-36
 1  22 2.9825901963304e-36 4.8615028347637e-36 7.1018943353711e-36 9.5693397731866e-36 1.2156145527274e-35 1.3145777748239e-35 1.3145777748239e-35 1.3145777748239e-35 1.3145777748239e-35
 1  23 5.2966839873935e-36 7.6791227591481e-36 1.1225808185840e-35 1.5142305828518e-35 1.9226058151108e-35 2.3461555716733e-35 2.4513264428312e-35 2.4513264428312e-35 2.4513264428312e-35
 1  24 8.2150424288096e-36 9.6510798219506e-36 1.4106239284808e-35 1.9029375216930e-35 2.4158704796802e-35 2.9494611150633e-35 3.3179817508912e-35 3.3179817508912e-35 3.3179817508912e-35
 1  25 1.2493640975655e-35 1.2493640975655e-35 1.7676404464994e-35 2.3864895780930e-35 3.0385162915751e-35 3.7055889596660e-35 4.3864656507732e-35 4.4411772215812e-35 4.4411772215812e-35
 1  26 1.8752974767299e-35 1.8752974767299e-35 2.2303667952440e-35 3.0087902894124e-35 3.8351404331383e-35 4.6666726817208e-35 5.5187353294413e-35 5.9087136159325e-35 5.9087136159325e-35
 1  27 2.7920493349300e-35 2.7920493349300e-35 2.8505261610804e-35 3.8291455841407e-35 4.8822275233732e-35 5.8817300512739e-35 7.0228228252354e-35 7.9809804387939e-35 7.9809804387939e-35
 1  28 4.0103453406522e-35 4.0103453406522e-35 4.0103453406522e-35 4.8314069077431e-35 6.0663612984966e-35 7.4325497612036e-35 8.8027169967815e-35 1.0084530449450e-34 1.0495735362934e-34
 1  29 5.5904313012919e-35 5.5904313012919e-35 5.5904313012919e-35 5.9598717270110e-35 7.5902950189823e-35 9.2564239518597e-35 1.0885944386109e-34 1.2546286534785e-34 1.3817398856263e-34
 1  30 7.9412018936331e-35 7.9412018936331e-35 7.9412018936331e-35 7.9412018936331e-35 9.5881463913631e-35 1.1682760808243e-34 1.3803056447651e-34 1.5762668667375e-34 1.7539839342489e-34
 1  31 1.1199592452025e-34 1.1199592452025e-34 1.1199592452025e-34 1.1199592452025e-34 1.2031969874158e-34 1.4675545318618e-34 1.7329704804011e-34 1.9789872135263e-34 2.2092387766148e-34
1.42247511 1.42348826 1.42450142  7030.0  7020.0  1
1.0000000000000 
 1   1 3.7657794281033e-40 5.3200156068245e-40 6.9924653239962e-40 8.6542511598544e-40 1.0100699460700e-39 1.0101259980085e-39 1.0101259980085e-39 1.0101259980085e-39 1.0101259980085e-39
 1   2 6.2765139126034e-40 8.9389809948205e-40 1.1670966493853e-39 1.4402951992885e-39 1.6995900658287e-39 1.7656360650493e-39 1.7656360650493e-39 1.7656360650493e-39 1.7656360650493e-39
 1   3 9.6609439766253e-40 1.3705834032853e-39 1.7909729425827e-39 2.2053803387360e-39 2.5997912058033e-39 2.8306228979361e-39 2.8306228979361e-39 2.8306228979361e-39 2.8306228979361e-39
 1   4 1.5130590233470e-39 2.1565002457034e-39 2.8276941841457e-39 3.4820192916745e-39 4.0985906159774e-39 4.6523109015584e-39 4.6523109015584e-39 4.6523109015584e-39 4.6523109015584e-39
 1   5 2.6204281282874e-39 3.4260808582771e-39 4.4739298109452e-39 5.5031288823517e-39 6.4949244951484e-39 7.4324968638681e-39 7.6370766305703e-39 7.6370766305703e-39 7.6370766305703e-39
 1   6 4.7223758247746e-39 5.4727641459283e-39 7.1435463179274e-39 8.7857602181343e-39 1.0369227482821e-38 1.1857157020808e-38 1.2653725132853e-38 1.2653725132853e-38 1.2653725132853e-38
 1   7 8.2676609395164e-39 8.6020696076398e-39 1.1234731071521e-38 1.3837372518401e-38 1.6315891151206e-38 1.8666772513388e-38 2.0416918625213e-38 2.0416918625213e-38 2.0416918625213e-38
 1   8 1.4405348213259e-38 1.4405348213259e-38 1.7768146432887e-38 2.1876589578367e-38 2.5786212293834e-38 2.9494572116063e-38 3.2776048781911e-38 3.3561098220579e-38 3.3561098220579e-38
 1   9 2.5027190572841e-38 2.5027190572841e-38 2.8181715203015e-38 3.4675542481466e-38 4.0876613287347e-38 4.6750612623864e-38 5.1958291737997e-38 5.4426432354376e-38 5.4426432354376e-38
 1  10 4.3005849870129e-38 4.3005849870129e-38 4.4581377377717e-38 5.4872207816653e-38 6.4670652803792e-38 7.3986681176408e-38 8.2186530480639e-38 8.8421933098896e-38 8.8421933098896e-38
 1  11 7.3456065499907e-38 7.3456065499907e-38 7.3456065499907e-38 8.6840040893683e-38 1.0233355341643e-37 1.1703957543858e-37 1.3001673146739e-37 1.4195631006127e-37 1.4380124840901e-37
 1  12 1.2052568091658e-37 1.2052568091658e-37 1.2052568091658e-37 1.3790799242900e-37 1.6242559240750e-37 1.8558734083347e-37 2.0624149368350e-37 2.2508588638243e-37 2.3030340261178e-37
 1  13 1.7747445050674e-37 1.7747445050674e-37 1.7780405832632e-37 2.1866195306878e-37 2.5755883710910e-37 2.9433919994891e-37 3.2687291097700e-37 3.5646230335495e-37 3.5646230335495e-37
 1  14 2.6009500796333e-37 2.6009500796333e-37 2.8144247845196e-37 3.4591231958062e-37 4.0736871880849e-37 4.6538776653454e-37 5.1706200386343e-37 5.4761344929427e-37 5.4761344929427e-37
 1  15 3.7766397154096e-37 3.7766397154096e-37 4.4595796738915e-37 5.4799294333919e-37 6.4525852709837e-37 7.3702590894061e-37 8.1885532691541e-37 8.4666453214505e-37 8.4666453214505e-37
 1  16 5.4401208982018e-37 5.4401208982018e-37 7.0670257247899e-37 8.6890351992707e-37 1.0230934346312e-36 1.1688578909783e-36 1.2978677502628e-36 1.3006712440224e-36 1.3006712440224e-36
 1  17 7.7762253438700e-37 8.5805912895058e-37 1.1187314046189e-36 1.3747128953350e-36 1.6184886952737e-36 1.8485830689961e-36 1.9940336344872e-36 1.9940336344872e-36 1.9940336344872e-36
 1  18 1.1006358658193e-36 1.3598674721416e-36 1.7722823003513e-36 2.1771946886869e-36 2.5629660126230e-36 2.9268137642459e-36 3.0723748193183e-36 3.0723748193183e-36 3.0723748193183e-36
 1  19 1.5361874096592e-36 2.1519234255527e-36 2.8083703680058e-36 3.4516328183092e-36 4.0630190244033e-36 4.6409111031330e-36 4.6603124278936e-36 4.6603124278936e-36 4.6603124278936e-36
 1  20 2.4084676777321e-36 3.4098620168536e-36 4.4451181840565e-36 5.4608553622694e-36 6.4277242183568e-36 7.1255182992930e-36 7.1255182992930e-36 7.1255182992930e-36 7.1255182992930e-36
 1  21 3.8223088619306e-36 5.4036074098519e-36 7.0406694754911e-36 8.6476407081099e-36 1.0176624232941e-35 1.0791483686198e-35 1.0791483686198e-35 1.0791483686198e-35 1.0791483686198e-35
 1  22 5.9612142471705e-36 8.4730133597710e-36 1.1061019432492e-35 1.3605085807625e-35 1.6023794578109e-35 1.7009787817539e-35 1.7009787817539e-35 1.7009787817539e-35 1.7009787817539e-35
 1  23 1.0353241111208e-35 1.3407435730879e-35 1.7511737680664e-35 2.1540988506144e-35 2.5366054585354e-35 2.9010250654881e-35 2.9793595957671e-35 2.9793595957671e-35 2.9793595957671e-35
 1  24 1.5154847113462e-35 1.6864720736990e-35 2.2025829703321e-35 2.7083929376485e-35 3.1893262474783e-35 3.6486119219622e-35 3.9282768364966e-35 3.9282768364966e-35 3.9282768364966e-35
 1  25 2.1759643082778e-35 2.1759643082778e-35 2.7806844052945e-35 3.4111781343079e-35 4.0146090905473e-35 4.5926980416219e-35 5.0808895124933e-35 5.1428118916652e-35 5.1428118916652e-35
 1  26 3.0924415209472e-35 3.0924415209472e-35 3.4954409328499e-35 4.3029909155826e-35 5.0421033646628e-35 5.7636864264280e-35 6.4165220097411e-35 6.7052763425077e-35 6.7052763425077e-35
 1  27 4.3025116490870e-35 4.3025116490870e-35 4.3749216419202e-35 5.3896278231958e-35 6.3629118909152e-35 7.2498068813706e-35 8.0437333552342e-35 8.7948627659726e-35 8.7948627659726e-35
 1  28 6.0261815470119e-35 6.0261815470119e-35 6.0261815470119e-35 6.8321499503092e-35 8.0286907009635e-35 9.1513256881410e-35 1.0167741444575e-34 1.0993449313799e-34 1.1330305357538e-34
 1  29 8.2913626048776e-35 8.2913626048776e-35 8.2913626048776e-35 8.6264364660189e-35 1.0149346794694e-34 1.1562269193452e-34 1.2768770651609e-34 1.3941398587007e-34 1.4842365645333e-34
 1  30 1.1208437358249e-34 1.1208437358249e-34 1.1208437358249e-34 1.1208437358249e-34 1.2628110813918e-34 1.4344321086682e-34 1.6028757425718e-34 1.7462914487076e-34 1.8712066645535e-34
 1  31 1.5047761472209e-34 1.5047761472209e-34 1.5047761472209e-34 1.5047761472209e-34 1.5861194379428e-34 1.8139070546694e-34 2.0128575220418e-34 2.1955906443533e-34 2.3509875537009e-34
1.42450142 1.42551747 1.42653352  7020.0  7010.0  1
1.0000000000000 
 1   1 1.4707958616630e-39 1.9175508315667e-39 2.3060159892499e-39 2.6858771743622e-39 2.9460870887996e-39 2.9462440342276e-39 2.9462440342276e-39 2.9462440342276e-39 2.9462440342276e-39
 1   2 2.4644383858357e-39 3.1965888074761e-39 3.8550911857270e-39 4.4816565706775e-39 4.9687437129814e-39 5.1147393947856e-39 5.1147393947856e-39 5.1147393947856e-39 5.1147393947856e-39
 1   3 3.7773261274493e-39 4.8944300528214e-39 5.9055733935150e-39 6.8731097272973e-39 7.6076073238655e-39 8.0854921391542e-39 8.0854921391542e-39 8.0854921391542e-39 8.0854921391542e-39
 1   4 5.9470055852097e-39 7.7278121074337e-39 9.3178780865893e-39 1.0849650049629e-38 1.2015856874489e-38 1.3018062733578e-38 1.3018062733578e-38 1.3018062733578e-38 1.3018062733578e-38
 1   5 1.0103361927782e-38 1.2246207921249e-38 1.4751618872883e-38 1.7175097304607e-38 1.9010585295505e-38 2.0708514822654e-38 2.1061515918802e-38 2.1061515918802e-38 2.1061515918802e-38
 1   6 1.7488204834774e-38 1.9541178551231e-38 2.3550098677178e-38 2.7402702558131e-38 3.0331559281013e-38 3.3052751979273e-38 3.4457929237747e-38 3.4457929237747e-38 3.4457929237747e-38
 1   7 2.9749566397616e-38 3.0754569248439e-38 3.7067570170456e-38 4.3161780758045e-38 4.7748886439461e-38 5.2016507281399e-38 5.5099055617252e-38 5.5099055617252e-38 5.5099055617252e-38
 1   8 5.0698978439272e-38 5.0698978439272e-38 5.8605541580113e-38 6.8211251976469e-38 7.5468969086777e-38 8.2199243060307e-38 8.7539333668932e-38 8.8576075929972e-38 8.8576075929972e-38
 1   9 8.6039725709544e-38 8.6039725709544e-38 9.2904406626578e-38 1.0810387628476e-37 1.1964305346064e-37 1.3030189009968e-37 1.3876808700563e-37 1.4342289782365e-37 1.4342289782365e-37
 1  10 1.4360506662401e-37 1.4360506662401e-37 1.4706203630433e-37 1.7116433625956e-37 1.8941837873105e-37 2.0620629306607e-37 2.1954284291462e-37 2.2974288322605e-37 2.2974288322605e-37
 1  11 2.4023860872385e-37 2.4023860872385e-37 2.4023860872385e-37 2.7079166845052e-37 2.9968193620904e-37 3.2618537789846e-37 3.4725736431939e-37 3.6498157023633e-37 3.6721026257632e-37
 1  12 3.8893041119413e-37 3.8893041119413e-37 3.8893041119413e-37 4.2953412160555e-37 4.7530927355281e-37 5.1697586324423e-37 5.5023407920954e-37 5.7818081347567e-37 5.8432746905958e-37
 1  13 5.8563065421063e-37 5.8563065421063e-37 5.8651981732260e-37 6.8180071404079e-37 7.5419076135214e-37 8.2000945875140e-37 8.7248304156589e-37 9.1629503041658e-37 9.1629503041658e-37
 1  14 8.7993131284657e-37 8.7993131284657e-37 9.2741026436026e-37 1.0775343059650e-36 1.1920536180895e-36 1.2965220553215e-36 1.3797532650177e-36 1.4350417313458e-36 1.4350417313458e-36
 1  15 1.3157492154986e-36 1.3157492154986e-36 1.4693235453925e-36 1.7068351600425e-36 1.8876592519775e-36 2.0532614310582e-36 2.1849598103659e-36 2.2325207322346e-36 2.2325207322346e-36
 1  16 1.9451143723600e-36 1.9451143723600e-36 2.3308630961545e-36 2.7092323356074e-36 2.9939946582771e-36 3.2566036405270e-36 3.4643965173456e-36 3.4674568635085e-36 3.4674568635085e-36
 1  17 2.8347847319544e-36 3.0650286970905e-36 3.6860895574654e-36 4.2826841502271e-36 4.7349438352830e-36 5.1503441242658e-36 5.4057608804904e-36 5.4057608804904e-36 5.4057608804904e-36
 1  18 4.1652197347253e-36 4.8564795048704e-36 5.8378443787869e-36 6.7808065898158e-36 7.4981027993189e-36 8.1541834759845e-36 8.3965947475306e-36 8.3965947475306e-36 8.3965947475306e-36
 1  19 6.0234952152563e-36 7.6983601431988e-36 9.2589731043429e-36 1.0759576591002e-35 1.1893860480388e-35 1.2930630139615e-35 1.2966285270999e-35 1.2966285270999e-35 1.2966285270999e-35
 1  20 9.4073972027546e-36 1.2177904800145e-35 1.4645439921062e-35 1.7012613193975e-35 1.8811502676944e-35 2.0128560010164e-35 2.0128560010164e-35 2.0128560010164e-35 2.0128560010164e-35
 1  21 1.4908034912748e-35 1.9283491209448e-35 2.3196564392569e-35 2.6928896709674e-35 2.9759866501848e-35 3.1095318197963e-35 3.1095318197963e-35 3.1095318197963e-35 3.1095318197963e-35
 1  22 2.3341929938480e-35 3.0281317058611e-35 3.6471609211229e-35 4.2444374641901e-35 4.6904649628880e-35 4.9036435610773e-35 4.9036435610773e-35 4.9036435610773e-35 4.9036435610773e-35
 1  23 3.9885886506546e-35 4.8027978548025e-35 5.7930175359571e-35 6.7194213048035e-35 7.4479970656292e-35 8.0894387337283e-35 8.2742777587611e-35 8.2742777587611e-35 8.2742777587611e-35
 1  24 5.5560067655570e-35 6.0188014169519e-35 7.2998910911159e-35 8.4486199865830e-35 9.4841828699938e-35 1.0187109550714e-34 1.0651152016913e-34 1.0651152016913e-34 1.0651152016913e-34
 1  25 7.6785368773812e-35 7.6785368773812e-35 9.1285745919115e-35 1.0579017530569e-34 1.1799952084890e-34 1.2822038683211e-34 1.3659790777757e-34 1.3774293570254e-34 1.3774293570254e-34
 1  26 1.0638869019302e-34 1.0638869019302e-34 1.1455508133281e-34 1.3333641604927e-34 1.4745792585517e-34 1.6050731364062e-34 1.7085914852079e-34 1.7672201843101e-34 1.7672201843101e-34
 1  27 1.4583539926793e-34 1.4583539926793e-34 1.4679506872334e-34 1.6952151860150e-34 1.8795910157640e-34 2.0292650813741e-34 2.1767262559100e-34 2.2754197973323e-34 2.2754197973323e-34
 1  28 1.9269766394547e-34 1.9269766394547e-34 1.9269766394547e-34 2.1054997930335e-34 2.3384524676528e-34 2.5431503447578e-34 2.7253946726410e-34 2.8404151877478e-34 2.8768913284668e-34
 1  29 2.5984865117341e-34 2.5984865117341e-34 2.5984865117341e-34 2.6604010848888e-34 2.9411823746734e-34 3.1935736391756e-34 3.4006383466054e-34 3.5625268775877e-34 3.6857643737132e-34
 1  30 3.4354580045625e-34 3.4354580045625e-34 3.4354580045625e-34 3.4354580045625e-34 3.6933770771672e-34 4.0318537878243e-34 4.2861981637411e-34 4.4988400408526e-34 4.6725647897571e-34
 1  31 4.5004549680525e-34 4.5004549680525e-34 4.5004549680525e-34 4.5004549680525e-34 4.6581773817516e-34 5.0580598969147e-34 5.3839133594473e-34 5.6517143906162e-34 5.8585614479201e-34
1.42653352 1.42755248 1.42857143  7010.0  7000.0  1
1.0000000000000 
 1   1 1.9855880759051e-39 2.2952694313270e-39 2.5639375832951e-39 2.7495353609995e-39 2.8758133721121e-39 2.8758554110661e-39 2.8758554110661e-39 2.8758554110661e-39 2.8758554110661e-39
 1   2 3.3189039465316e-39 3.8406437985599e-39 4.2675507770149e-39 4.5864821035998e-39 4.7997190922146e-39 4.8484926865639e-39 4.8484926865639e-39 4.8484926865639e-39 4.8484926865639e-39
 1   3 5.0830630429995e-39 5.8821240650130e-39 6.5413747366439e-39 7.0316694511326e-39 7.3585433374133e-39 7.5389857380675e-39 7.5389857380675e-39 7.5389857380675e-39 7.5389857380675e-39
 1   4 8.0295691200399e-39 9.3013511725011e-39 1.0345525920596e-38 1.1103926866368e-38 1.1611593477919e-38 1.1995114854620e-38 1.1995114854620e-38 1.1995114854620e-38 1.1995114854620e-38
 1   5 1.3186218549297e-38 1.4730480285549e-38 1.6364596081930e-38 1.7561739372988e-38 1.8381486362931e-38 1.9019725965388e-38 1.9169762991963e-38 1.9169762991963e-38 1.9169762991963e-38
 1   6 2.2112489767046e-38 2.3489984374357e-38 2.6115780877061e-38 2.8030714083097e-38 2.9345221725735e-38 3.0356045570379e-38 3.0870605169076e-38 3.0870605169076e-38 3.0870605169076e-38
 1   7 3.6419747087802e-38 3.7026307535876e-38 4.1148462386829e-38 4.4144985009957e-38 4.6188534994242e-38 4.7779765452421e-38 4.8779199543147e-38 4.8779199543147e-38 4.8779199543147e-38
 1   8 6.0241820981324e-38 6.0241820981324e-38 6.5012687338158e-38 6.9762080197325e-38 7.2997706377420e-38 7.5495879622486e-38 7.7074868337281e-38 7.7141480461081e-38 7.7141480461081e-38
 1   9 9.8371152195602e-38 9.8371152195602e-38 1.0303585057559e-37 1.1056730293311e-37 1.1572530321408e-37 1.1970500206315e-37 1.2221672306177e-37 1.2255756368985e-37 1.2255756368985e-37
 1  10 1.6162576487522e-37 1.6162576487522e-37 1.6322466884379e-37 1.7507478854371e-37 1.8315587500050e-37 1.8942541885454e-37 1.9333111793430e-37 1.9479449952579e-37 1.9479449952579e-37
 1  11 2.6152433239694e-37 2.6152433239694e-37 2.6152433239694e-37 2.7697800880694e-37 2.8974686462162e-37 2.9964680285394e-37 3.0579675429184e-37 3.0863121114237e-37 3.0951880480007e-37
 1  12 4.1915639664884e-37 4.1915639664884e-37 4.1915639664884e-37 4.3911492252040e-37 4.5909950133301e-37 4.7478323731969e-37 4.8434910599811e-37 4.8881900147078e-37 4.9004810837981e-37
 1  13 6.4989420178456e-37 6.4989420178456e-37 6.5017567219930e-37 6.9707612286536e-37 7.2827041676931e-37 7.5295412106257e-37 7.6771362784451e-37 7.7469384301733e-37 7.7469384301733e-37
 1  14 9.9813086073315e-37 9.9813086073315e-37 1.0271721324142e-36 1.1016377157486e-36 1.1516038487222e-36 1.1906368941317e-36 1.2145100873932e-36 1.2206570568679e-36 1.2206570568679e-36
 1  15 1.5305122629825e-36 1.5305122629825e-36 1.6269746897243e-36 1.7449056367212e-36 1.8238447028523e-36 1.8854311649985e-36 1.9231597696935e-36 1.9246834855917e-36 1.9246834855917e-36
 1  16 2.3363848847272e-36 2.3363848847272e-36 2.5838587673652e-36 2.7698371265221e-36 2.8929833252501e-36 2.9897616158761e-36 3.0479239771987e-36 3.0481883629825e-36 3.0481883629825e-36
 1  17 3.5506802707749e-36 3.6809324203843e-36 4.0835205814557e-36 4.3786960090658e-36 4.5756741800145e-36 4.7292765807193e-36 4.8211953027957e-36 4.8211953027957e-36 4.8211953027957e-36
 1  18 5.3315904442437e-36 5.8289115831235e-36 6.4655295917869e-36 6.9332240973807e-36 7.2442120907531e-36 7.4877820679733e-36 7.5760783102052e-36 7.5760783102052e-36 7.5760783102052e-36
 1  19 8.0770280273804e-36 9.2600292125488e-36 1.0265010158274e-35 1.1002909087368e-35 1.1488212331886e-35 1.1872529534011e-35 1.1890662022248e-35 1.1890662022248e-35 1.1890662022248e-35
 1  20 1.2654546809431e-35 1.4630941392106e-35 1.6227324996469e-35 1.7395307490691e-35 1.8172608869891e-35 1.8701140804366e-35 1.8701140804366e-35 1.8701140804366e-35 1.8701140804366e-35
 1  21 2.0036497795125e-35 2.3156749400196e-35 2.5685840132272e-35 2.7528496403809e-35 2.8769004546192e-35 2.9216008084023e-35 2.9216008084023e-35 2.9216008084023e-35 2.9216008084023e-35
 1  22 3.1478493196104e-35 3.6458129482309e-35 4.0521293434604e-35 4.3421888882162e-35 4.5444307397709e-35 4.6132568523665e-35 4.6132568523665e-35 4.6132568523665e-35 4.6132568523665e-35
 1  23 5.1945979279487e-35 5.7743686165467e-35 6.4175855795810e-35 6.8776550126274e-35 7.1934910592391e-35 7.4347308542373e-35 7.4963455844971e-35 7.4963455844971e-35 7.4963455844971e-35
 1  24 6.9703302296034e-35 7.2536628242655e-35 8.0721294646181e-35 8.6455847409397e-35 9.0491024494238e-35 9.3501782359156e-35 9.5277083033979e-35 9.5277083033979e-35 9.5277083033979e-35
 1  25 9.2623249564597e-35 9.2623249564597e-35 1.0171192163343e-34 1.0934803165953e-34 1.1394859971618e-34 1.1760126474037e-34 1.1995627124497e-34 1.1999387788065e-34 1.1999387788065e-34
 1  26 1.2188774392073e-34 1.2188774392073e-34 1.2767355237024e-34 1.3712986488907e-34 1.4306997993099e-34 1.4839323594523e-34 1.5085982257766e-34 1.5165840109338e-34 1.5165840109338e-34
 1  27 1.6030094780131e-34 1.6030094780131e-34 1.6078344001869e-34 1.7177962717822e-34 1.8046205345036e-34 1.8744991966795e-34 1.9005119453494e-34 1.9146823919953e-34 1.9146823919953e-34
 1  28 2.0761510051714e-34 2.0761510051714e-34 2.0761510051714e-34 2.1723353712499e-34 2.2752492128982e-34 2.3496400973835e-34 2.3931040010051e-34 2.3973034086557e-34 2.4051300888158e-34
 1  29 2.6877372978527e-34 2.6877372978527e-34 2.6877372978527e-34 2.7251184773863e-34 2.8375655323020e-34 2.9571810364591e-34 3.0026095309323e-34 3.0353158245340e-34 3.0193153260384e-34
 1  30 3.4847709109344e-34 3.4847709109344e-34 3.4847709109344e-34 3.4847709109344e-34 3.5800277385018e-34 3.7031685777676e-34 3.7690359802657e-34 3.8049898066003e-34 3.7831139026493e-34
 1  31 4.4690334530420e-34 4.4690334530420e-34 4.4690334530420e-34 4.4690334530420e-34 4.5040856843931e-34 4.6496890268417e-34 4.7444517794397e-34 4.7822526471908e-34 4.7613573167499e-34
