-----------------------------------------------------------------------------------------------
Content :
Spectral range definition: line 1 (3 values)  ==> max, min and step of the wavenumber (in cm-1)
Temperatures definition :  line 2 (1 value)   ==> NT = number of T values
Temperatures definition :  line 3 (NT values) ==> list of T values (in K)
Pressures definition :     line 4 (1 value)   ==> NP = number of P values
Pressures definition :     line 5 (NP values) ==> list of P values (in mbar)
For each spectral range: 
    First line of the block (6 values): 
    --> min, mean and max wavelengths (in microns), min and max wavenumbers (in cm-1)
        of the spectral range, nmaxai (number of exponentials for the CKD expansion) 
    If nmaxai not null, second line of the block (nmaxnai values): 
    --> coefs kdis_ai for nai = 1 to nmaxai 
    If nmaxai not null, following lines of the block : 
    --> for nai = 1 to nmaxai 
    -->     for pressure index ip = 1 to NP 
    -->         line : nai, ip, kdis_ki(T,P,nai) for temperature index it = 1 to IT 
-----------------------------------------------------------------------------------------------
24500 24000 10
9
  160.00  180.00  200.00  220.00  240.00  260.00  280.00  300.00  320.00
31
    0.007    0.011    0.017    0.028    0.044    0.069    0.110    0.174    0.276    0.438    0.694    1.100    1.743    2.763    4.379    6.941   11.000   17.434   27.631   43.792   69.405  110.000  174.338  219.479  276.308  347.851  437.918  551.306  694.053  873.761 1098.900
0.40816327 0.40824660 0.40832993 24500.0 24490.0  0
0.40832993 0.40841333 0.40849673 24490.0 24480.0  0
0.40849673 0.40858020 0.40866367 24480.0 24470.0  0
0.40866367 0.40874720 0.40883074 24470.0 24460.0  0
0.40883074 0.40891435 0.40899796 24460.0 24450.0  0
0.40899796 0.40908163 0.40916530 24450.0 24440.0  0
0.40916530 0.40924904 0.40933279 24440.0 24430.0  0
0.40933279 0.40941660 0.40950041 24430.0 24420.0  0
0.40950041 0.40958429 0.40966817 24420.0 24410.0  0
0.40966817 0.40975212 0.40983607 24410.0 24400.0  0
0.40983607 0.40992008 0.41000410 24400.0 24390.0  0
0.41000410 0.41008818 0.41017227 24390.0 24380.0  0
0.41017227 0.41025642 0.41034058 24380.0 24370.0  0
0.41034058 0.41042480 0.41050903 24370.0 24360.0  0
0.41050903 0.41059332 0.41067762 24360.0 24350.0  0
0.41067762 0.41076198 0.41084634 24350.0 24340.0  0
0.41084634 0.41093078 0.41101521 24340.0 24330.0  0
0.41101521 0.41109971 0.41118421 24330.0 24320.0  0
0.41118421 0.41126878 0.41135335 24320.0 24310.0  0
0.41135335 0.41143799 0.41152263 24310.0 24300.0  0
0.41152263 0.41160734 0.41169205 24300.0 24290.0  0
0.41169205 0.41177683 0.41186161 24290.0 24280.0  0
0.41186161 0.41194646 0.41203131 24280.0 24270.0  0
0.41203131 0.41211623 0.41220115 24270.0 24260.0  0
0.41220115 0.41228614 0.41237113 24260.0 24250.0  0
0.41237113 0.41245619 0.41254125 24250.0 24240.0  0
0.41254125 0.41262638 0.41271151 24240.0 24230.0  0
0.41271151 0.41279672 0.41288192 24230.0 24220.0  0
0.41288192 0.41296719 0.41305246 24220.0 24210.0  0
0.41305246 0.41313780 0.41322314 24210.0 24200.0  0
0.41322314 0.41330855 0.41339396 24200.0 24190.0  0
0.41339396 0.41347944 0.41356493 24190.0 24180.0  0
0.41356493 0.41365048 0.41373604 24180.0 24170.0  0
0.41373604 0.41382166 0.41390728 24170.0 24160.0  0
0.41390728 0.41399298 0.41407867 24160.0 24150.0  0
0.41407867 0.41416444 0.41425021 24150.0 24140.0  1
1.0000000000000 
 1   1 1.3907620343576e-34 1.2387024269404e-34 1.1171304823321e-34 1.0177211980116e-34 9.4033779648681e-35 9.4030324338138e-35 9.4030324338138e-35 9.4030324338138e-35 9.4030324338138e-35
 1   2 2.3300100304910e-34 2.0741483025889e-34 1.8698438257905e-34 1.7029181178440e-34 1.5639635505229e-34 1.5310870168702e-34 1.5310870168702e-34 1.5310870168702e-34 1.5310870168702e-34
 1   3 3.5755461662893e-34 3.1822156545996e-34 2.8682374400751e-34 2.6117496236779e-34 2.3982757169713e-34 2.2879160828833e-34 2.2879160828833e-34 2.2879160828833e-34 2.2879160828833e-34
 1   4 5.6233537526927e-34 5.0070236974573e-34 4.5143662090105e-34 4.1114967443349e-34 3.7759592287323e-34 3.5174928165705e-34 3.5174928165705e-34 3.5174928165705e-34 3.5174928165705e-34
 1   5 8.6614097188432e-34 7.9429999178535e-34 7.1589846751184e-34 6.5183310703706e-34 5.9849748450915e-34 5.5340276614672e-34 5.4372863131044e-34 5.4372863131044e-34 5.4372863131044e-34
 1   6 1.3318423544858e-33 1.2697625692735e-33 1.1441817527103e-33 1.0415972790690e-33 9.5620716537334e-34 8.8402703678705e-34 8.4789959544697e-34 8.4789959544697e-34 8.4789959544697e-34
 1   7 2.0193979083249e-33 1.9938432121510e-33 1.7972155170241e-33 1.6363434213133e-33 1.5022510154597e-33 1.3889330845339e-33 1.3026919312954e-33 1.3026919312954e-33 1.3026919312954e-33
 1   8 3.0821671263492e-33 3.0821671263492e-33 2.8433957546933e-33 2.5883428679237e-33 2.3759639158377e-33 2.1963887866504e-33 2.0425593714690e-33 2.0130504225015e-33 2.0130504225015e-33
 1   9 4.7257433276689e-33 4.7257433276689e-33 4.5146748681131e-33 4.1087987092932e-33 3.7710975494012e-33 3.4856217668063e-33 3.2410054331620e-33 3.1229262909380e-33 3.1229262909380e-33
 1  10 7.2315427986068e-33 7.2315427986068e-33 7.1316985124999e-33 6.4914295148100e-33 5.9582443790603e-33 5.5072251964070e-33 5.1207832652841e-33 4.8311179473545e-33 4.8311179473545e-33
 1  11 1.1083381381546e-32 1.1083381381546e-32 1.1083381381546e-32 1.0274418658938e-32 9.4292147108095e-33 8.7143892492348e-33 8.1020103243862e-33 7.5715192747517e-33 7.4820626852861e-33
 1  12 1.7308603302881e-32 1.7308603302881e-32 1.7308603302881e-32 1.6277612472606e-32 1.4935848853963e-32 1.3801398357768e-32 1.2829671544557e-32 1.1988021262788e-32 1.1733398166140e-32
 1  13 2.8299997108688e-32 2.8299997108688e-32 2.8279481793530e-32 2.5738780058606e-32 2.3622033585618e-32 2.1830706560608e-32 2.0295538856424e-32 1.8974572671584e-32 1.8974572671584e-32
 1  14 4.6314304036981e-32 4.6314304036981e-32 4.4883542271670e-32 4.0833288323836e-32 3.7461638448523e-32 3.4610620898662e-32 3.2168610730697e-32 3.0695175581716e-32 3.0695175581716e-32
 1  15 7.5899037125249e-32 7.5899037125249e-32 7.1115174785482e-32 6.4689910908944e-32 5.9341270553380e-32 5.4819402394524e-32 5.0946383607435e-32 4.9691613917593e-32 4.9691613917593e-32
 1  16 1.2453075480648e-31 1.2453075480648e-31 1.1241132576490e-31 1.0228512371929e-31 9.3846185122544e-32 8.6706908344902e-32 8.0588201640114e-32 8.0484858054262e-32 8.0484858054262e-32
 1  17 2.0459878844141e-31 1.9814309101613e-31 1.7839591439689e-31 1.6226004450248e-31 1.4882464953515e-31 1.3746537742541e-31 1.3043756689959e-31 1.3043756689959e-31 1.3043756689959e-31
 1  18 3.3659641266869e-31 3.1399245563854e-31 2.8265048486144e-31 2.5704476194713e-31 2.3573039274949e-31 2.1771173355337e-31 2.1150110319034e-31 2.1150110319034e-31 2.1150110319034e-31
 1  19 5.5462757505695e-31 4.9618462904141e-31 4.4682938283231e-31 4.0645350287026e-31 3.7281675553137e-31 3.4436029424712e-31 3.4317591315900e-31 3.4317591315900e-31 3.4317591315900e-31
 1  20 8.8577044625421e-31 7.8735528503670e-31 7.0874640429439e-31 6.4449411817732e-31 5.9099854576574e-31 5.5717129781236e-31 5.5717129781236e-31 5.5717129781236e-31 5.5717129781236e-31
 1  21 1.4041449291759e-30 1.2478268440476e-30 1.1230168975779e-30 1.0210437970790e-30 9.3616003345250e-31 9.0522384332529e-31 9.0522384332529e-31 9.0522384332529e-31 9.0522384332529e-31
 1  22 2.2253986971236e-30 1.9772140357667e-30 1.7791283794046e-30 1.6173286349800e-30 1.4826731239859e-30 1.4333191943305e-30 1.4333191943305e-30 1.4333191943305e-30 1.4333191943305e-30
 1  23 3.4052134128632e-30 3.1276421450521e-30 2.8145374697670e-30 2.5586635707230e-30 2.3456500765009e-30 2.1655397035933e-30 2.1233612735739e-30 2.1233612735739e-30 2.1233612735739e-30
 1  24 4.0745808974643e-30 3.9356694386435e-30 3.5415542065981e-30 3.2194634882581e-30 2.9513386811293e-30 2.7246068857145e-30 2.5884524783638e-30 2.5884524783638e-30 2.5884524783638e-30
 1  25 4.8872236520748e-30 4.8872236520748e-30 4.4501462644164e-30 4.0461790731575e-30 3.7097127171838e-30 3.4250636568271e-30 3.1810626268845e-30 3.1583923249532e-30 3.1583923249532e-30
 1  26 5.8746637332062e-30 5.8746637332062e-30 5.6071400268687e-30 5.0968727874253e-30 4.6720220456483e-30 4.3127868342969e-30 4.0049630438730e-30 3.8573217057261e-30 3.8573217057261e-30
 1  27 7.0755875063000e-30 7.0755875063000e-30 7.0397366213118e-30 6.4014202431656e-30 5.8694558230343e-30 5.4192098893812e-30 5.0331549750796e-30 4.7149078411482e-30 4.7149078411482e-30
 1  28 8.5374510888923e-30 8.5374510888923e-30 8.5374510888923e-30 8.0655922339863e-30 7.3935073826042e-30 6.8250232682189e-30 6.3377983511590e-30 5.9155592757108e-30 5.7677437763209e-30
 1  29 1.0318499191631e-29 1.0318499191631e-29 1.0318499191631e-29 1.0139277868611e-29 9.2956897079975e-30 8.5818339939974e-30 7.9697787238858e-30 7.4391481607043e-30 7.0610106240335e-30
 1  30 1.2489821951272e-29 1.2489821951272e-29 1.2489821951272e-29 1.2489821951272e-29 1.1695427759043e-29 1.0797514079987e-29 1.0027053328898e-29 9.3592860212471e-30 8.7747444659504e-30
 1  31 1.5127130984122e-29 1.5127130984122e-29 1.5127130984122e-29 1.5127130984122e-29 1.4701529054435e-29 1.3572789662278e-29 1.2604620917653e-29 1.1764722116589e-29 1.1029749633992e-29
0.41425021 0.41433604 0.41442188 24140.0 24130.0  1
1.0000000000000 
 1   1 3.5642141252409e-34 3.1745083605845e-34 2.8629568990460e-34 2.6081882431369e-34 2.4098671932963e-34 2.4097785720426e-34 2.4097785720426e-34 2.4097785720426e-34 2.4097785720426e-34
 1   2 5.9712977846487e-34 5.3155680056741e-34 4.7919835363637e-34 4.3641931322731e-34 4.0080771186915e-34 3.9238198876765e-34 3.9238198876765e-34 3.9238198876765e-34 3.9238198876765e-34
 1   3 9.1633099908009e-34 8.1553006260967e-34 7.3506338761631e-34 6.6933217715897e-34 6.1462306295052e-34 5.8633965867928e-34 5.8633965867928e-34 5.8633965867928e-34 5.8633965867928e-34
 1   4 1.4411356866280e-33 1.2831887351408e-33 1.1569276930575e-33 1.0536833813763e-33 9.6769247986484e-34 9.0145172015707e-34 9.0145172015707e-34 9.0145172015707e-34 9.0145172015707e-34
 1   5 2.2197181250814e-33 2.0356125671976e-33 1.8346836647726e-33 1.6704996137284e-33 1.5338132224502e-33 1.4182433933232e-33 1.3934501052479e-33 1.3934501052479e-33 1.3934501052479e-33
 1   6 3.4132036006140e-33 3.2541125625157e-33 2.9322719438231e-33 2.6693658364350e-33 2.4505422365707e-33 2.2655585476726e-33 2.1729692657622e-33 2.1729692657622e-33 2.1729692657622e-33
 1   7 5.1752486940035e-33 5.1097604343512e-33 4.6058598016163e-33 4.1935492805936e-33 3.8499284046193e-33 3.5595192191708e-33 3.3384965265154e-33 3.3384965265154e-33 3.3384965265154e-33
 1   8 7.8988797577763e-33 7.8988797577763e-33 7.2869871937153e-33 6.6332984586428e-33 6.0890464109220e-33 5.6288462500469e-33 5.2346074853002e-33 5.1589802195301e-33 5.1589802195301e-33
 1   9 1.2110983849356e-32 1.2110983849356e-32 1.1570085266613e-32 1.0529893988990e-32 9.6644274569892e-33 8.9328570783870e-33 8.3059534514660e-33 8.0033341857903e-33 8.0033341857903e-33
 1  10 1.8532767527931e-32 1.8532767527931e-32 1.8276900611324e-32 1.6636072128049e-32 1.5269530557859e-32 1.4113769818452e-32 1.3123402603572e-32 1.2381032370622e-32 1.2381032370622e-32
 1  11 2.8404137091963e-32 2.8404137091963e-32 2.8404137091963e-32 2.6331038193589e-32 2.4164797530959e-32 2.2332971786827e-32 2.0763616298818e-32 1.9404052756968e-32 1.9174787277520e-32
 1  12 4.4357937605115e-32 4.4357937605115e-32 4.4357937605115e-32 4.1715855359905e-32 3.8277017166235e-32 3.5369761027895e-32 3.2879537959131e-32 3.0722532273995e-32 3.0069968340080e-32
 1  13 7.2526332243757e-32 7.2526332243757e-32 7.2473758258916e-32 6.5962783211788e-32 6.0537447727305e-32 5.5947148164816e-32 5.2012868489634e-32 4.8627427126850e-32 4.8627427126850e-32
 1  14 1.1869281492739e-31 1.1869281492739e-31 1.1502624821313e-31 1.0464635097673e-31 9.6005180331869e-32 8.8699171435506e-32 8.2440798369426e-32 7.8664599174542e-32 7.8664599174542e-32
 1  15 1.9451162456319e-31 1.9451162456319e-31 1.8225214712465e-31 1.6578488186285e-31 1.5207780664116e-31 1.4048970104615e-31 1.3056385025770e-31 1.2734806211710e-31 1.2734806211710e-31
 1  16 3.1914342486407e-31 3.1914342486407e-31 2.8808531246280e-31 2.6213161971077e-31 2.4050644980677e-31 2.2221013884498e-31 2.0652883261603e-31 2.0626397022890e-31 2.0626397022890e-31
 1  17 5.2433917635660e-31 5.0779536290268e-31 4.5718793309130e-31 4.1583347759209e-31 3.8140383580368e-31 3.5229231853748e-31 3.3428115899531e-31 3.3428115899531e-31 3.3428115899531e-31
 1  18 8.6261847375771e-31 8.0469171082150e-31 7.2436627918857e-31 6.5874552956804e-31 6.0412359846951e-31 5.5794510223362e-31 5.4202815640710e-31 5.4202815640710e-31 5.4202815640710e-31
 1  19 1.4213818140990e-30 1.2716108563467e-30 1.1451140284637e-30 1.0416478620603e-30 9.5544472357435e-31 8.8251545537701e-31 8.7948004684455e-31 8.7948004684455e-31 8.7948004684455e-31
 1  20 2.2700264812119e-30 2.0178116609831e-30 1.8163460351844e-30 1.6516921904760e-30 1.5145941903000e-30 1.4279004474919e-30 1.4279004474919e-30 1.4279004474919e-30 1.4279004474919e-30
 1  21 3.5985019237994e-30 3.1978829166098e-30 2.8780284587228e-30 2.6167038393937e-30 2.3991629051695e-30 2.3198783502744e-30 2.3198783502744e-30 2.3198783502744e-30 2.3198783502744e-30
 1  22 5.7031875073647e-30 5.0671288306885e-30 4.5594879277435e-30 4.1448464954627e-30 3.7997427950782e-30 3.6732520797659e-30 3.6732520797659e-30 3.6732520797659e-30 3.6732520797659e-30
 1  23 8.7267737640074e-30 8.0154330436808e-30 7.2129807906569e-30 6.5572753715988e-30 6.0113667672803e-30 5.5497631131700e-30 5.4416642765102e-30 5.4416642765102e-30 5.4416642765102e-30
 1  24 1.0442207088637e-29 1.0086192919886e-29 9.0761871088007e-30 8.2508260695516e-30 7.5636234204225e-30 6.9825304834325e-30 6.6335813178485e-30 6.6335813178485e-30 6.6335813178485e-30
 1  25 1.2524827984961e-29 1.2524827984961e-29 1.1404639420830e-29 1.0369536335157e-29 9.5071869085466e-30 8.7776514164602e-30 8.1524042785459e-30 8.0943134165984e-30 8.0943134165984e-30
 1  26 1.5055409653919e-29 1.5055409653919e-29 1.4369769565921e-29 1.3062145888484e-29 1.1973380827419e-29 1.1052672714228e-29 1.0263859957256e-29 9.8855283229576e-30 9.8855283229576e-30
 1  27 1.8133149524711e-29 1.8133149524711e-29 1.8041276647833e-29 1.6405507609794e-29 1.5042077102953e-29 1.3888148653609e-29 1.2898854112590e-29 1.2083346913345e-29 1.2083346913345e-29
 1  28 2.1879579795358e-29 2.1879579795358e-29 2.1879579795358e-29 2.0670389193673e-29 1.8947933747910e-29 1.7490937652326e-29 1.6242322662826e-29 1.5160324687640e-29 1.4781549938991e-29
 1  29 2.6444008184799e-29 2.6444008184799e-29 2.6444008184799e-29 2.5984737087639e-29 2.3822892762126e-29 2.1993271352020e-29 2.0424666111526e-29 1.9064896376212e-29 1.8095927919270e-29
 1  30 3.2009717019897e-29 3.2009717019897e-29 3.2009717019897e-29 3.2009717019897e-29 2.9973286844951e-29 2.7671093384006e-29 2.5697201765473e-29 2.3985925741184e-29 2.2488110463208e-29
 1  31 3.8768777187521e-29 3.8768777187521e-29 3.8768777187521e-29 3.8768777187521e-29 3.7677734864760e-29 3.4783973965804e-29 3.2302380130540e-29 3.0150683048422e-29 2.8267084442359e-29
0.41442188 0.41450779 0.41459370 24130.0 24120.0  1
1.0000000000000 
 1   1 4.0563348352126e-34 3.6128240308897e-34 3.2582533791197e-34 2.9683066772299e-34 2.7426076292746e-34 2.7425070694064e-34 2.7425070694064e-34 2.7425070694064e-34 2.7425070694064e-34
 1   2 6.7957711552162e-34 6.0495058115318e-34 5.4536247662259e-34 4.9667662301840e-34 4.5614870020892e-34 4.4655983463083e-34 4.4655983463083e-34 4.4655983463083e-34 4.4655983463083e-34
 1   3 1.0428517519465e-33 9.2813277869135e-34 8.3655589129054e-34 7.6174834915917e-34 6.9948599498046e-34 6.6729815867232e-34 6.6729815867232e-34 6.6729815867232e-34 6.6729815867232e-34
 1   4 1.6401182275474e-33 1.4603620905971e-33 1.3166687427976e-33 1.1991678886929e-33 1.1013041268961e-33 1.0259189394939e-33 1.0259189394939e-33 1.0259189394939e-33 1.0259189394939e-33
 1   5 2.5262027467904e-33 2.3166756542021e-33 2.0880047177557e-33 1.9011497887879e-33 1.7455903765299e-33 1.6140655993133e-33 1.5858496941318e-33 1.5858496941318e-33 1.5858496941318e-33
 1   6 3.8844765509319e-33 3.7034184621526e-33 3.3371377285143e-33 3.0379308862048e-33 2.7888939591175e-33 2.5783713697508e-33 2.4730006071561e-33 2.4730006071561e-33 2.4730006071561e-33
 1   7 5.8898140774531e-33 5.8152829601652e-33 5.2418022454112e-33 4.7725599615843e-33 4.3814965009527e-33 4.0509908358557e-33 3.7994567179568e-33 3.7994567179568e-33 3.7994567179568e-33
 1   8 8.9895056205211e-33 8.9895056205211e-33 8.2931214612589e-33 7.5491723924586e-33 6.9297742969675e-33 6.4060335236426e-33 5.9573697377948e-33 5.8713026128215e-33 5.8713026128215e-33
 1   9 1.3783191419642e-32 1.3783191419642e-32 1.3167604129899e-32 1.1983781401601e-32 1.0998814848580e-32 1.0166236444464e-32 9.4527833725435e-33 9.1083899763755e-33 9.1083899763755e-33
 1  10 2.1091652691094e-32 2.1091652691094e-32 2.0800454822405e-32 1.8933058619217e-32 1.7377823757097e-32 1.6062489659565e-32 1.4935383064327e-32 1.4090534703240e-32 1.4090534703240e-32
 1  11 3.2325997669329e-32 3.2325997669329e-32 3.2325997669329e-32 2.9966639447907e-32 2.7501281023399e-32 2.5416532976008e-32 2.3630492736840e-32 2.2083243889466e-32 2.1822331163358e-32
 1  12 5.0482598188790e-32 5.0482598188790e-32 5.0482598188790e-32 4.7475689516858e-32 4.3562010380174e-32 4.0253340553442e-32 3.7419285387063e-32 3.4964503472977e-32 3.4221861406958e-32
 1  13 8.2540303966223e-32 8.2540303966223e-32 8.2480471303766e-32 7.5070442912298e-32 6.8895982510451e-32 6.3671891658829e-32 5.9194398411717e-32 5.5341621637349e-32 5.5341621637349e-32
 1  14 1.3508118100836e-31 1.3508118100836e-31 1.3090831712226e-31 1.1909512786896e-31 1.0926081282560e-31 1.0094605932955e-31 9.3823633263424e-32 8.9526161098668e-32 8.9526161098668e-32
 1  15 2.2136855541945e-31 2.2136855541945e-31 2.0741626032124e-31 1.8867517756192e-31 1.7307550941564e-31 1.5988741494983e-31 1.4859125513179e-31 1.4493154154961e-31 1.4493154154961e-31
 1  16 3.6320875841538e-31 3.6320875841538e-31 3.2786199593446e-31 2.9832466759462e-31 2.7371369501976e-31 2.5289117616839e-31 2.3504515007262e-31 2.3474372981119e-31 2.3474372981119e-31
 1  17 5.9673665090962e-31 5.7790838173431e-31 5.2031292012594e-31 4.7324838326817e-31 4.3406506583492e-31 4.0093432179428e-31 3.8043675660125e-31 3.8043675660125e-31 3.8043675660125e-31
 1  18 9.8172341700449e-31 9.1579802626800e-31 8.2438105311868e-31 7.4969987516066e-31 6.8753625442589e-31 6.3498244106843e-31 6.1686826120135e-31 6.1686826120135e-31 6.1686826120135e-31
 1  19 1.6176372727767e-30 1.4471857018510e-30 1.3032223444685e-30 1.1854703481997e-30 1.0873651883524e-30 1.0043679520996e-30 1.0009135033410e-30 1.0009135033410e-30 1.0009135033410e-30
 1  20 2.5834567214123e-30 2.2964162353483e-30 2.0671327708363e-30 1.8797452415412e-30 1.7237185849723e-30 1.6250569931191e-30 1.6250569931191e-30 1.6250569931191e-30 1.6250569931191e-30
 1  21 4.0953572428976e-30 3.6394211642701e-30 3.2754034776623e-30 2.9779975764523e-30 2.7304234198414e-30 2.6401939781051e-30 2.6401939781051e-30 2.6401939781051e-30 2.6401939781051e-30
 1  22 6.4906427094213e-30 5.7667578656990e-30 5.1890259021569e-30 4.7171346976464e-30 4.3243792774660e-30 4.1804224088124e-30 4.1804224088124e-30 4.1804224088124e-30 4.1804224088124e-30
 1  23 9.9317122734873e-30 9.1221446120986e-30 8.2088919542781e-30 7.4626603046699e-30 6.8413756171529e-30 6.3160285719399e-30 6.1930018974202e-30 6.1930018974202e-30 6.1930018974202e-30
 1  24 1.1884002631672e-29 1.1478827596458e-29 1.0329361887907e-29 9.3900474858939e-30 8.6079581804501e-30 7.9466261871520e-30 7.5494873955572e-30 7.5494873955572e-30 7.5494873955572e-30
 1  25 1.4254167125642e-29 1.4254167125642e-29 1.2979306826751e-29 1.1801295977623e-29 1.0819878189149e-29 9.9896090378077e-30 9.2780350994018e-30 9.2119230401624e-30 9.2119230401624e-30
 1  26 1.7134153111597e-29 1.7134153111597e-29 1.6353843034403e-29 1.4865675461742e-29 1.3626602853263e-29 1.2578786373008e-29 1.1681044974404e-29 1.1250457444036e-29 1.1250457444036e-29
 1  27 2.0636822341228e-29 2.0636822341228e-29 2.0532268419372e-29 1.8670715692642e-29 1.7118993936449e-29 1.5805771520479e-29 1.4679884912052e-29 1.3751735637501e-29 1.3751735637501e-29
 1  28 2.4900530311548e-29 2.4900530311548e-29 2.4900530311548e-29 2.3524442833854e-29 2.1564165132614e-29 1.9906001140441e-29 1.8485004888489e-29 1.7253583337641e-29 1.6822491002979e-29
 1  29 3.0095174136306e-29 3.0095174136306e-29 3.0095174136306e-29 2.9572512860586e-29 2.7112254717987e-29 2.5029973868669e-29 2.3244826393951e-29 2.1697304067817e-29 2.0594495516802e-29
 1  30 3.6429190593000e-29 3.6429190593000e-29 3.6429190593000e-29 3.6429190593000e-29 3.4111652887077e-29 3.1491828439320e-29 2.9245258242582e-29 2.7297637512196e-29 2.5593060112996e-29
 1  31 4.4121448078114e-29 4.4121448078114e-29 4.4121448078114e-29 4.4121448078114e-29 4.2879801042968e-29 3.9586683523715e-29 3.6762557029311e-29 3.4313562567622e-29 3.2169912261552e-29
0.41459370 0.41467968 0.41476566 24120.0 24110.0  1
1.0000000000000 
 1   1 1.9319502203379e-34 1.7207219211010e-34 1.5518404614694e-34 1.4137497217841e-34 1.3062446792997e-34 1.3061968100474e-34 1.3061968100474e-34 1.3061968100474e-34 1.3061968100474e-34
 1   2 3.2366881087344e-34 2.8812661419150e-34 2.5974620867744e-34 2.3655802140404e-34 2.1725420011163e-34 2.1268683058683e-34 2.1268683058683e-34 2.1268683058683e-34 2.1268683058683e-34
 1   3 4.9668915856363e-34 4.4205158420668e-34 3.9843628976961e-34 3.6280678048970e-34 3.3315142278248e-34 3.1781964741102e-34 3.1781964741102e-34 3.1781964741102e-34 3.1781964741102e-34
 1   4 7.8115511804277e-34 6.9554101757201e-34 6.2710538950606e-34 5.7114171058460e-34 5.2453069634510e-34 4.8862301734733e-34 4.8862301734733e-34 4.8862301734733e-34 4.8862301734733e-34
 1   5 1.2031790794941e-33 1.1033855784165e-33 9.9447767985176e-34 9.0548302293192e-34 8.3139271602554e-34 7.6874580070668e-34 7.5530590543270e-34 7.5530590543270e-34 7.5530590543270e-34
 1   6 1.8500973344478e-33 1.7638628852004e-33 1.5894099726468e-33 1.4469062618646e-33 1.3282991573731e-33 1.2280273770315e-33 1.1778366151518e-33 1.1778366151518e-33 1.1778366151518e-33
 1   7 2.8051986167764e-33 2.7697008914334e-33 2.4965633914183e-33 2.2730721606263e-33 2.0868266520110e-33 1.9294114280466e-33 1.8095989826680e-33 1.8095989826680e-33 1.8095989826680e-33
 1   8 4.2815192370473e-33 4.2815192370473e-33 3.9498454244392e-33 3.5955132235349e-33 3.3005207121442e-33 3.0510767701379e-33 2.8373706114614e-33 2.7963745112925e-33 2.7963745112925e-33
 1   9 6.5646539966586e-33 6.5646539966586e-33 6.2714621956765e-33 5.7076278814390e-33 5.2385185754105e-33 4.8419923721255e-33 4.5021731183501e-33 4.3381284735891e-33 4.3381284735891e-33
 1  10 1.0045526398946e-32 1.0045526398946e-32 9.9068342285960e-33 9.0174287541409e-33 8.2766990704939e-33 7.6502693147331e-33 7.1134423505477e-33 6.7110170023314e-33 6.7110170023314e-33
 1  11 1.5396215053415e-32 1.5396215053415e-32 1.5396215053415e-32 1.4272499759379e-32 1.3098286697399e-32 1.2105418618288e-32 1.1254773600684e-32 1.0517786397176e-32 1.0393505787568e-32
 1  12 2.4043836223524e-32 2.4043836223524e-32 2.4043836223524e-32 2.2611705007294e-32 2.0747683942261e-32 1.9171895561417e-32 1.7822122418142e-32 1.6652875819794e-32 1.6299131366065e-32
 1  13 3.9312269163533e-32 3.9312269163533e-32 3.9283772241733e-32 3.5754523838806e-32 3.2813713214221e-32 3.0325758849554e-32 2.8193209324387e-32 2.6358015788940e-32 2.6358015788940e-32
 1  14 6.4336416247764e-32 6.4336416247764e-32 6.2348966806527e-32 5.6722563013336e-32 5.2038723487880e-32 4.8078765138604e-32 4.4686382481679e-32 4.2639367802949e-32 4.2639367802949e-32
 1  15 1.0543334444460e-31 1.0543334444460e-31 9.8788145575026e-32 8.9862070364359e-32 8.2432534644139e-32 7.6151451027201e-32 7.0770984162089e-32 6.9027773059594e-32 6.9027773059594e-32
 1  16 1.7298893425670e-31 1.7298893425670e-31 1.5615400962679e-31 1.4208578727570e-31 1.3036481555422e-31 1.2044744008003e-31 1.1194694672161e-31 1.1180337184160e-31 1.1180337184160e-31
 1  17 2.8421351618984e-31 2.7524599892583e-31 2.4781440414629e-31 2.2539866727158e-31 2.0673729478420e-31 1.9095730580450e-31 1.8119379078589e-31 1.8119379078589e-31 1.8119379078589e-31
 1  18 4.6757488329381e-31 4.3617597157035e-31 3.9263563730601e-31 3.5706757625860e-31 3.2746094077184e-31 3.0242923525894e-31 2.9380101268435e-31 2.9380101268435e-31 2.9380101268435e-31
 1  19 7.7044777363064e-31 6.8926512449731e-31 6.2069755159859e-31 5.6461777240617e-31 5.1789220109940e-31 4.7835891548803e-31 4.7671350551552e-31 4.7671350551552e-31 4.7671350551552e-31
 1  20 1.2304479594068e-30 1.0937358975362e-30 9.8453341274025e-31 8.9528828295350e-31 8.2097418837135e-31 7.7397947587802e-31 7.7397947587802e-31 7.7397947587802e-31 7.7397947587802e-31
 1  21 1.9505402821951e-30 1.7333841578016e-30 1.5600114363943e-30 1.4183660598321e-30 1.3004455446932e-30 1.2574673083176e-30 1.2574673083176e-30 1.2574673083176e-30 1.2574673083176e-30
 1  22 3.0913690224930e-30 2.7465925797358e-30 2.4714324859372e-30 2.2466851130656e-30 2.0596257817933e-30 1.9910636161686e-30 1.9910636161686e-30 1.9910636161686e-30 1.9910636161686e-30
 1  23 4.7302641231891e-30 4.3447038569104e-30 3.9097288173886e-30 3.5543104832141e-30 3.2584063935867e-30 3.0082106024549e-30 2.9496207666652e-30 2.9496207666652e-30 2.9496207666652e-30
 1  24 5.6600982102828e-30 5.4671339477083e-30 4.9196947557055e-30 4.4723121382119e-30 4.0997936526171e-30 3.7848228565403e-30 3.5956912697868e-30 3.5956912697868e-30 3.5956912697868e-30
 1  25 6.7889805425526e-30 6.7889805425526e-30 6.1818100627258e-30 5.6207595865359e-30 5.1532897454173e-30 4.7578455464786e-30 4.4189781727637e-30 4.3874948605459e-30 4.3874948605459e-30
 1  26 8.1606617031825e-30 8.1606617031825e-30 7.7890279416559e-30 7.0802646572626e-30 6.4900634258052e-30 5.9909432582313e-30 5.5634311972441e-30 5.3584170831386e-30 5.3584170831386e-30
 1  27 9.8289962605588e-30 9.8289962605588e-30 9.7791891543212e-30 8.8923954637445e-30 8.1534725678120e-30 7.5278703365642e-30 6.9916485580129e-30 6.5497371614258e-30 6.5497371614258e-30
 1  28 1.1859734409740e-29 1.1859734409740e-29 1.1859734409740e-29 1.1204185472490e-29 1.0270569867089e-29 9.4807715756531e-30 8.8039185430259e-30 8.2175405834346e-30 8.0122898658262e-30
 1  29 1.4333863009520e-29 1.4333863009520e-29 1.4333863009520e-29 1.4084871864999e-29 1.2912920924348e-29 1.1921299468751e-29 1.1070897578643e-29 1.0333898355706e-29 9.8088371907190e-30
 1  30 1.7350361317346e-29 1.7350361317346e-29 1.7350361317346e-29 1.7350361317346e-29 1.6246946399325e-29 1.4999360578639e-29 1.3929447813854e-29 1.3001650623372e-29 1.2189810966502e-29
 1  31 2.1014000674509e-29 2.1014000674509e-29 2.1014000674509e-29 2.1014000674509e-29 2.0422840991977e-29 1.8854818044365e-29 1.7509855400131e-29 1.6343403892251e-29 1.5322263798675e-29
0.41476566 0.41485171 0.41493776 24110.0 24100.0  0
0.41493776 0.41502388 0.41511000 24100.0 24090.0  1
1.0000000000000 
 1   1 9.5390063653127e-35 8.4960346532493e-35 7.6622148398547e-35 6.9803976958697e-35 6.4496269841905e-35 6.4493905077879e-35 6.4493905077879e-35 6.4493905077879e-35 6.4493905077879e-35
 1   2 1.5981154496285e-34 1.4226214898904e-34 1.2824965939651e-34 1.1680064288487e-34 1.0726981734035e-34 1.0501481969106e-34 1.0501481969106e-34 1.0501481969106e-34 1.0501481969106e-34
 1   3 2.4524122827789e-34 2.1826269161269e-34 1.9672756622900e-34 1.7913605220077e-34 1.6449406472039e-34 1.5692450099069e-34 1.5692450099069e-34 1.5692450099069e-34 1.5692450099069e-34
 1   4 3.8569755850880e-34 3.4342342965762e-34 3.0963226038092e-34 2.8200150802200e-34 2.5898744084931e-34 2.4125924116448e-34 2.4125924116448e-34 2.4125924116448e-34 2.4125924116448e-34
 1   5 5.9407349315273e-34 5.4479764240347e-34 4.9102199009572e-34 4.4708214901522e-34 4.1050058114664e-34 3.7957027124626e-34 3.7293478930686e-34 3.7293478930686e-34 3.7293478930686e-34
 1   6 9.1349126186789e-34 8.7091063204828e-34 7.8477352842689e-34 7.1441279877274e-34 6.5584847635332e-34 6.0634064914077e-34 5.8156072313021e-34 5.8156072313021e-34 5.8156072313021e-34
 1   7 1.3850757181888e-33 1.3675477198856e-33 1.2326796714314e-33 1.1223355575422e-33 1.0303717671961e-33 9.5264863173271e-34 8.9349555194742e-34 8.9349555194742e-34 8.9349555194742e-34
 1   8 2.1140134486226e-33 2.1140134486226e-33 1.9502395349042e-33 1.7752936494072e-33 1.6296357566739e-33 1.5064708565081e-33 1.4009594937688e-33 1.3807191340866e-33 1.3807191340866e-33
 1   9 3.2413184085329e-33 3.2413184085329e-33 3.0965456263116e-33 2.8181499931285e-33 2.5865283821906e-33 2.3907363900787e-33 2.2229560610049e-33 2.1419654185882e-33 2.1419654185882e-33
 1  10 4.9600094335542e-33 4.9600094335542e-33 4.8915258673592e-33 4.4523611778920e-33 4.0866428448321e-33 3.7773243633827e-33 3.5122687543715e-33 3.3135866991955e-33 3.3135866991955e-33
 1  11 7.6019300482914e-33 7.6019300482914e-33 7.6019300482914e-33 7.0470585111369e-33 6.4673120441510e-33 5.9770625742490e-33 5.5570496264925e-33 5.1931856357711e-33 5.1318270347101e-33
 1  12 1.1871719321085e-32 1.1871719321085e-32 1.1871719321085e-32 1.1164556613310e-32 1.0244211392858e-32 9.4661487433124e-33 8.7996831193305e-33 8.2223978436416e-33 8.0477509745201e-33
 1  13 1.9410556179464e-32 1.9410556179464e-32 1.9396485512085e-32 1.7653801912680e-32 1.6201869494110e-32 1.4973360348066e-32 1.3920412752685e-32 1.3014357870118e-32 1.3014357870118e-32
 1  14 3.1766306605336e-32 3.1766306605336e-32 3.0784942207816e-32 2.8006828817593e-32 2.5694237638918e-32 2.3738914458288e-32 2.2063962843377e-32 2.1053333044626e-32 2.1053333044626e-32
 1  15 5.2058042737536e-32 5.2058042737536e-32 4.8776773684122e-32 4.4369580876660e-32 4.0701183329955e-32 3.7599820748199e-32 3.4943332819719e-32 3.4082682875821e-32 3.4082682875821e-32
 1  16 8.5413835171638e-32 8.5413835171638e-32 7.7101091770928e-32 7.0155289608487e-32 6.4367702029912e-32 5.9470986354993e-32 5.5274160016555e-32 5.5203277707200e-32 5.5203277707200e-32
 1  17 1.4033132669227e-31 1.3590335702215e-31 1.2235861757031e-31 1.1129111491339e-31 1.0207663804123e-31 9.4285426219144e-32 8.9465035392425e-32 8.9465035392425e-32 8.9465035392425e-32
 1  18 2.3086659679387e-31 2.1536250809325e-31 1.9386463247250e-31 1.7630264107672e-31 1.6168400525080e-31 1.4932510450007e-31 1.4506521876718e-31 1.4506521876718e-31 1.4506521876718e-31
 1  19 3.8041098976508e-31 3.4032489267041e-31 3.0647119609413e-31 2.7878038130034e-31 2.5570954142392e-31 2.3619123355479e-31 2.3537884940894e-31 2.3537884940894e-31 2.3537884940894e-31
 1  20 6.0753662280724e-31 5.4003315441466e-31 4.8611572059046e-31 4.4204902346571e-31 4.0535700173982e-31 3.8215492967408e-31 3.8215492967408e-31 3.8215492967408e-31 3.8215492967408e-31
 1  21 9.6308242758915e-31 8.5586192030828e-31 7.7025804884241e-31 7.0031890913515e-31 6.4209775539373e-31 6.2087862474839e-31 6.2087862474839e-31 6.2087862474839e-31 6.2087862474839e-31
 1  22 1.5263684119156e-30 1.3561354829391e-30 1.2202736326225e-30 1.1093018877693e-30 1.0169358675009e-30 9.8307965536670e-31 9.8307965536670e-31 9.8307965536670e-31 9.8307965536670e-31
 1  23 2.3355699773437e-30 2.1451997016631e-30 1.9304380122424e-30 1.7549466738567e-30 1.6088359233942e-30 1.4852941002301e-30 1.4563635855840e-30 1.4563635855840e-30 1.4563635855840e-30
 1  24 2.7946763172156e-30 2.6993937544034e-30 2.4290797065957e-30 2.2081888955903e-30 2.0242746229635e-30 1.8687484448695e-30 1.7753587100808e-30 1.7753587100808e-30 1.7753587100808e-30
 1  25 3.3520569940817e-30 3.3520569940817e-30 3.0522498870513e-30 2.7752202870371e-30 2.5444391486826e-30 2.3491808853726e-30 2.1818514274426e-30 2.1663051855146e-30 2.1663051855146e-30
 1  26 4.0293238007204e-30 4.0293238007204e-30 3.8458191643649e-30 3.4958498577635e-30 3.2044615472342e-30 2.9580608161041e-30 2.7469533154422e-30 2.6456934108760e-30 2.6456934108760e-30
 1  27 4.8530545703642e-30 4.8530545703642e-30 4.8284669901269e-30 4.3906903243891e-30 4.0257367561990e-30 3.7169180273566e-30 3.4521714969525e-30 3.2339019443099e-30 3.2339019443099e-30
 1  28 5.8557286821241e-30 5.8557286821241e-30 5.8557286821241e-30 5.5321197893201e-30 5.0710946665095e-30 4.6811352301722e-30 4.3469871371374e-30 4.0574088998293e-30 3.9560301292743e-30
 1  29 7.0773276140975e-30 7.0773276140975e-30 7.0773276140975e-30 6.9544149155099e-30 6.3758317059787e-30 5.8860989422510e-30 5.4663063996853e-30 5.1024120929646e-30 4.8430671942014e-30
 1  30 8.5670261506008e-30 8.5670261506008e-30 8.5670261506008e-30 8.5670261506008e-30 8.0219413327233e-30 7.4057392947002e-30 6.8773205416892e-30 6.4193870630609e-30 6.0185205437807e-30
 1  31 1.0376010017646e-29 1.0376010017646e-29 1.0376010017646e-29 1.0376010017646e-29 1.0083972834235e-29 9.3094164727496e-30 8.6451459316536e-30 8.0692056095812e-30 7.5651746968074e-30
0.41511000 0.41519620 0.41528239 24090.0 24080.0  1
1.0000000000000 
 1   1 3.1273494557749e-34 2.7854107765014e-34 2.5120456622091e-34 2.2885033708812e-34 2.1144925544061e-34 2.1144149534118e-34 2.1144149534118e-34 2.1144149534118e-34 2.1144149534118e-34
 1   2 5.2393991859832e-34 4.6640410781812e-34 4.2046312535860e-34 3.8292750147931e-34 3.5168111676002e-34 3.4428824452494e-34 3.4428824452494e-34 3.4428824452494e-34 3.4428824452494e-34
 1   3 8.0401710563382e-34 7.1557084437929e-34 6.4496693433131e-34 5.8729226828093e-34 5.3928911975517e-34 5.1447278097038e-34 5.1447278097038e-34 5.1447278097038e-34 5.1447278097038e-34
 1   4 1.2644971811013e-33 1.1259088766977e-33 1.0151236769205e-33 9.2453365376142e-34 8.4908271214397e-34 7.9096195517100e-34 7.9096195517100e-34 7.9096195517100e-34 7.9096195517100e-34
 1   5 1.9476499575836e-33 1.7861089321188e-33 1.6098073710275e-33 1.4657471404208e-33 1.3458142068713e-33 1.2444107377106e-33 1.2226566535452e-33 1.2226566535452e-33 1.2226566535452e-33
 1   6 2.9948508549571e-33 2.8552588804160e-33 2.5728643623882e-33 2.3421822285760e-33 2.1501799200486e-33 1.9878705988229e-33 1.9066310822116e-33 1.9066310822116e-33 1.9066310822116e-33
 1   7 4.5409243916509e-33 4.4834625543629e-33 4.0413212927942e-33 3.6795456412554e-33 3.3780441972389e-33 3.1232308174432e-33 2.9293010655224e-33 2.9293010655224e-33 2.9293010655224e-33
 1   8 6.9307227739719e-33 6.9307227739719e-33 6.3938252801254e-33 5.8202560359531e-33 5.3427132926415e-33 4.9389206975584e-33 4.5930072402580e-33 4.5266505841541e-33 4.5266505841541e-33
 1   9 1.0626554154774e-32 1.0626554154774e-32 1.0151949045313e-32 9.2392474768770e-33 8.4798597591465e-33 7.8379590283609e-33 7.2878982018372e-33 7.0223753338215e-33 7.0223753338215e-33
 1  10 1.6261227550723e-32 1.6261227550723e-32 1.6036719884659e-32 1.4596996444291e-32 1.3397943717311e-32 1.2383847679592e-32 1.1514870827587e-32 1.0863505163225e-32 1.0863505163225e-32
 1  11 2.4922675473133e-32 2.4922675473133e-32 2.4922675473133e-32 2.3103658209321e-32 2.1202920578239e-32 1.9595624540690e-32 1.8218626948250e-32 1.7025717648620e-32 1.6824556769732e-32
 1  12 3.8921032317485e-32 3.8921032317485e-32 3.8921032317485e-32 3.6602769378567e-32 3.3585407623121e-32 3.1034496719760e-32 2.8849499575395e-32 2.6956900773325e-32 2.6384332168719e-32
 1  13 6.3636856049703e-32 6.3636856049703e-32 6.3590729651377e-32 5.7877750699248e-32 5.3117380614081e-32 4.9089725545141e-32 4.5637665978761e-32 4.2667221141592e-32 4.2667221141592e-32
 1  14 1.0414477929217e-31 1.0414477929217e-31 1.0092759231330e-31 9.1819873838069e-32 8.4237835358245e-32 7.7827341568225e-32 7.2336072605605e-32 6.9022777208603e-32 6.9022777208603e-32
 1  15 1.7067057727823e-31 1.7067057727823e-31 1.5991364022880e-31 1.4546466350253e-31 1.3343766358176e-31 1.2326990781084e-31 1.1456075245021e-31 1.1173916634015e-31 1.1173916634015e-31
 1  16 2.8002638180232e-31 2.8002638180232e-31 2.5277482573755e-31 2.3000216175816e-31 2.1102761406583e-31 1.9497391122654e-31 1.8121483213477e-31 1.8098244865656e-31 1.8098244865656e-31
 1  17 4.6007160881297e-31 4.4555542907466e-31 4.0115051871529e-31 3.6486477134693e-31 3.3465529533729e-31 3.0911208521257e-31 2.9330871565023e-31 2.9330871565023e-31 2.9330871565023e-31
 1  18 7.5688835225435e-31 7.0606134009824e-31 6.3558086173254e-31 5.7800322061853e-31 5.3007629408523e-31 4.8955817930673e-31 4.7559241304326e-31 4.7559241304326e-31 4.7559241304326e-31
 1  19 1.2471646175501e-30 1.1157502736197e-30 1.0047576519868e-30 9.1397337691688e-31 8.3833614589345e-31 7.7434655925389e-31 7.7168326521312e-31 7.7168326521312e-31 7.7168326521312e-31
 1  20 1.9917916703497e-30 1.7704893422820e-30 1.5937166210143e-30 1.4492448858350e-30 1.3289512827007e-30 1.2528844790217e-30 1.2528844790217e-30 1.2528844790217e-30 1.2528844790217e-30
 1  21 3.1574357546703e-30 2.8059189332659e-30 2.5252689987303e-30 2.2959750017888e-30 2.1050995456560e-30 2.0355339780534e-30 2.0355339780534e-30 2.0355339780534e-30 2.0355339780534e-30
 1  22 5.0041512976652e-30 4.4460517824937e-30 4.0006323346055e-30 3.6368140118396e-30 3.3340096763333e-30 3.2230230732315e-30 3.2230230732315e-30 3.2230230732315e-30 3.2230230732315e-30
 1  23 7.6571318331208e-30 7.0329830771279e-30 6.3288864112679e-30 5.7535547131506e-30 5.2745612658120e-30 4.8695321799763e-30 4.7746816348480e-30 4.7746816348480e-30 4.7746816348480e-30
 1  24 9.1623032607046e-30 8.8499287084708e-30 7.9637278432051e-30 7.2395337974488e-30 6.6365582337821e-30 6.1266897220225e-30 5.8205063574751e-30 5.8205063574751e-30 5.8205063574751e-30
 1  25 1.0989660198493e-29 1.0989660198493e-29 1.0006781411601e-29 9.0985579888109e-30 8.3418999864296e-30 7.7017870767571e-30 7.1531596010249e-30 7.1021871567077e-30 7.1021871567077e-30
 1  26 1.3210069345275e-29 1.3210069345275e-29 1.2608472777541e-29 1.1461133115094e-29 1.0505821457480e-29 9.6979585450184e-30 9.0058191957740e-30 8.6738513156216e-30 8.6738513156216e-30
 1  27 1.5910585743804e-29 1.5910585743804e-29 1.5829973538569e-29 1.4394690798475e-29 1.3198391890355e-29 1.2185898168986e-29 1.1317848441130e-29 1.0602281207355e-29 1.0602281207355e-29
 1  28 1.9197818644296e-29 1.9197818644296e-29 1.9197818644296e-29 1.8136831361097e-29 1.6625504480855e-29 1.5347097762528e-29 1.4251515962703e-29 1.3302119768820e-29 1.2969762941097e-29
 1  29 2.3202791468282e-29 2.3202791468282e-29 2.3202791468282e-29 2.2799808683012e-29 2.0902933197395e-29 1.9297587833946e-29 1.7921241559416e-29 1.6728120435704e-29 1.5877894587630e-29
 1  30 2.8086239620581e-29 2.8086239620581e-29 2.8086239620581e-29 2.8086239620581e-29 2.6299449086879e-29 2.4279575890923e-29 2.2547629221654e-29 2.1046016250569e-29 1.9731693948044e-29
 1  31 3.4016833939237e-29 3.4016833939237e-29 3.4016833939237e-29 3.4016833939237e-29 3.3059535414051e-29 3.0520569931304e-29 2.8343257980925e-29 2.6455220708194e-29 2.4802377097491e-29
0.41528239 0.41536866 0.41545492 24080.0 24070.0  1
1.0000000000000 
 1   1 3.9343267867919e-34 3.5041546291085e-34 3.1602506702172e-34 2.8790265037525e-34 2.6601124918421e-34 2.6600149166275e-34 2.6600149166275e-34 2.6600149166275e-34 2.6600149166275e-34
 1   2 6.5913664629326e-34 5.8675447961542e-34 5.2895900396984e-34 4.8173769694063e-34 4.4242833932967e-34 4.3312774537402e-34 4.3312774537402e-34 4.3312774537402e-34 4.3312774537402e-34
 1   3 1.0114842362078e-33 9.0021588988527e-34 8.1139351635623e-34 7.3883658672920e-34 6.7844657464616e-34 6.4722640896103e-34 6.4722640896103e-34 6.4722640896103e-34 6.4722640896103e-34
 1   4 1.5907856683793e-33 1.4164368054428e-33 1.2770649605860e-33 1.1630994975768e-33 1.0681791552674e-33 9.9506037607488e-34 9.9506037607488e-34 9.9506037607488e-34 9.9506037607488e-34
 1   5 2.4502175062563e-33 2.2469936347823e-33 2.0252002586432e-33 1.8439669477372e-33 1.6930865540084e-33 1.5655163969274e-33 1.5381486843884e-33 1.5381486843884e-33 1.5381486843884e-33
 1   6 3.7676360858800e-33 3.5920245767069e-33 3.2367630005815e-33 2.9465562205665e-33 2.7050099475588e-33 2.5008181299553e-33 2.3986151409651e-33 2.3986151409651e-33 2.3986151409651e-33
 1   7 5.7126549564987e-33 5.6403660946849e-33 5.0841379635812e-33 4.6290118975397e-33 4.2497107272561e-33 3.9291457036052e-33 3.6851725857760e-33 3.6851725857760e-33 3.6851725857760e-33
 1   8 8.7191125324732e-33 8.7191125324732e-33 8.0436778865945e-33 7.3221080261820e-33 6.7213407814675e-33 6.2133538364956e-33 5.7781792156654e-33 5.6946992802899e-33 5.6946992802899e-33
 1   9 1.3368607786418e-32 1.3368607786418e-32 1.2771540410173e-32 1.1623332221969e-32 1.0667994004060e-32 9.8604580377201e-33 9.1684584723865e-33 8.8344167733454e-33 8.8344167733454e-33
 1  10 2.0457241328692e-32 2.0457241328692e-32 2.0174803831652e-32 1.8363584503489e-32 1.6855135785900e-32 1.5579364420113e-32 1.4486154673849e-32 1.3666704337579e-32 1.3666704337579e-32
 1  11 3.1353666945895e-32 3.1353666945895e-32 3.1353666945895e-32 2.9065290950847e-32 2.6674100342404e-32 2.4652059041158e-32 2.2919741832559e-32 2.1419007296647e-32 2.1165936587227e-32
 1  12 4.8964138667436e-32 4.8964138667436e-32 4.8964138667436e-32 4.6047693102007e-32 4.2251751479501e-32 3.9042607820718e-32 3.6293796565925e-32 3.3912818064655e-32 3.3192498636358e-32
 1  13 8.0057577612682e-32 8.0057577612682e-32 7.9999543456581e-32 7.2812441691275e-32 6.6823727029274e-32 6.1756782139941e-32 5.7413959403131e-32 5.3676992332206e-32 5.3676992332206e-32
 1  14 1.3101807302980e-31 1.3101807302980e-31 1.2697075194037e-31 1.1551296164909e-31 1.0597447151406e-31 9.7909816196091e-32 9.1001576955631e-32 8.6833297497502e-32 8.6833297497502e-32
 1  15 2.1471006170877e-31 2.1471006170877e-31 2.0117748862346e-31 1.8300019646469e-31 1.6786977390830e-31 1.5507835001119e-31 1.4412183753087e-31 1.4057213846498e-31 1.4057213846498e-31
 1  16 3.5228383146827e-31 3.5228383146827e-31 3.1800046819688e-31 2.8935164901705e-31 2.6548095576457e-31 2.4528474030332e-31 2.2797518631938e-31 2.2768284087433e-31 2.2768284087433e-31
 1  17 5.7878751044940e-31 5.6052568849186e-31 5.0466290555661e-31 4.5901408707519e-31 4.2100932027808e-31 3.8887492524920e-31 3.6899355419487e-31 3.6899355419487e-31 3.6899355419487e-31
 1  18 9.5219424659545e-31 8.8825214992767e-31 7.9958536336153e-31 7.2715041404861e-31 6.6685658164804e-31 6.1588305587604e-31 5.9831341201204e-31 5.9831341201204e-31 5.9831341201204e-31
 1  19 1.5689805523307e-30 1.4036566758423e-30 1.2640242158064e-30 1.1498139369969e-30 1.0546594560493e-30 9.7415755920441e-31 9.7080702414637e-31 9.7080702414637e-31 9.7080702414637e-31
 1  20 2.5057495858964e-30 2.2273439992149e-30 2.0049573951580e-30 1.8232064082949e-30 1.6718723251745e-30 1.5761767406673e-30 1.5761767406673e-30 1.5761767406673e-30 1.5761767406673e-30
 1  21 3.9721759673608e-30 3.5299549925815e-30 3.1768865186340e-30 2.8884260353942e-30 2.6482964255664e-30 2.5607794605545e-30 2.5607794605545e-30 2.5607794605545e-30 2.5607794605545e-30
 1  22 6.2954151030039e-30 5.5933060570318e-30 5.0329507211813e-30 4.5752534698976e-30 4.1943112977453e-30 4.0546843860428e-30 4.0546843860428e-30 4.0546843860428e-30 4.0546843860428e-30
 1  23 9.6329704464575e-30 8.8477665511816e-30 7.9619854784585e-30 7.2381916650188e-30 6.6355930118607e-30 6.1260540146776e-30 6.0067298652442e-30 6.0067298652442e-30 6.0067298652442e-30
 1  24 1.1526536492299e-29 1.1133558010310e-29 1.0018676285957e-29 9.1075978224874e-30 8.3490394689187e-30 7.7076024824095e-30 7.3224157412157e-30 7.3224157412157e-30 7.3224157412157e-30
 1  25 1.3825440073693e-29 1.3825440073693e-29 1.2588927597871e-29 1.1446316243900e-29 1.0494426121203e-29 9.6891308645624e-30 8.9989610796127e-30 8.9348381448939e-30 8.9348381448939e-30
 1  26 1.6618802846502e-29 1.6618802846502e-29 1.5861963535872e-29 1.4418540732497e-29 1.3216716812849e-29 1.2200417875207e-29 1.1329685387124e-29 1.0912055001847e-29 1.0912055001847e-29
 1  27 2.0016149286932e-29 2.0016149286932e-29 1.9914734029032e-29 1.8109078409672e-29 1.6604083024122e-29 1.5330336153481e-29 1.4238315819420e-29 1.3338097042961e-29 1.3338097042961e-29
 1  28 2.4151618910978e-29 2.4151618910978e-29 2.4151618910978e-29 2.2816845639856e-29 2.0915525469040e-29 1.9307243062425e-29 1.7928978381115e-29 1.6734606907572e-29 1.6316486012013e-29
 1  29 2.9190032201427e-29 2.9190032201427e-29 2.9190032201427e-29 2.8683061236222e-29 2.6296701627443e-29 2.4277109797815e-29 2.2545628060071e-29 2.1044657567178e-29 1.9975033691885e-29
 1  30 3.5333559140293e-29 3.5333559140293e-29 3.5333559140293e-29 3.5333559140293e-29 3.3085788246606e-29 3.0544607944422e-29 2.8365634879467e-29 2.6476643669560e-29 2.4823232812303e-29
 1  31 4.2794476327900e-29 4.2794476327900e-29 4.2794476327900e-29 4.2794476327900e-29 4.1590204370737e-29 3.8396094696954e-29 3.5656781342476e-29 3.3281540969860e-29 3.1202334085289e-29
0.41545492 0.41554126 0.41562760 24070.0 24060.0  1
1.0000000000000 
 1   1 3.8639082466929e-34 3.4414341994749e-34 3.1036866626574e-34 2.8274955405595e-34 2.6124992309153e-34 2.6124034924106e-34 2.6124034924106e-34 2.6124034924106e-34 2.6124034924106e-34
 1   2 6.4733895336158e-34 5.7625221819254e-34 5.1949131532893e-34 4.7311521628861e-34 4.3450941041371e-34 4.2537526829485e-34 4.2537526829485e-34 4.2537526829485e-34 4.2537526829485e-34
 1   3 9.9338006200168e-34 8.8410316841336e-34 7.9687055915831e-34 7.2561232120020e-34 6.6630321290694e-34 6.3564177438044e-34 6.3564177438044e-34 6.3564177438044e-34 6.3564177438044e-34
 1   4 1.5623124401375e-33 1.3910845147024e-33 1.2542069219213e-33 1.1422814007883e-33 1.0490600151578e-33 9.7724989178550e-34 9.7724989178550e-34 9.7724989178550e-34 9.7724989178550e-34
 1   5 2.4063616487370e-33 2.2067757486078e-33 1.9889518699547e-33 1.8109621887730e-33 1.6627824933152e-33 1.5374954585042e-33 1.5106175965016e-33 1.5106175965016e-33 1.5106175965016e-33
 1   6 3.7002001790253e-33 3.5277323825566e-33 3.1788298635272e-33 2.8938172991749e-33 2.6565937229714e-33 2.4560564071020e-33 2.3556824138532e-33 2.3556824138532e-33 2.3556824138532e-33
 1   7 5.6104064171023e-33 5.5394113337585e-33 4.9931396398062e-33 4.5461597496159e-33 4.1736466918663e-33 3.8588188153313e-33 3.6192122916735e-33 3.6192122916735e-33 3.6192122916735e-33
 1   8 8.5630509637222e-33 8.5630509637222e-33 7.8997084812936e-33 7.1910536303767e-33 6.6010384855525e-33 6.1021432547001e-33 5.6747559166022e-33 5.5927699610782e-33 5.5927699610782e-33
 1   9 1.3129327095100e-32 1.3129327095100e-32 1.2542946431872e-32 1.1415291762392e-32 1.0477051844500e-32 9.6839678465197e-33 9.0043528488560e-33 8.6762900079567e-33 8.6762900079567e-33
 1  10 2.0091082185250e-32 2.0091082185250e-32 1.9813700783287e-32 1.8034903058688e-32 1.6553453976969e-32 1.5300512180843e-32 1.4226871476784e-32 1.3422085432541e-32 1.3422085432541e-32
 1  11 3.0792480065341e-32 3.0792480065341e-32 3.0792480065341e-32 2.8545064170947e-32 2.6196676250554e-32 2.4210821073530e-32 2.2509507528433e-32 2.1035630099702e-32 2.0787087982268e-32
 1  12 4.8087745915444e-32 4.8087745915444e-32 4.8087745915444e-32 4.5223504054136e-32 4.1495511882579e-32 3.8343797000306e-32 3.5644183122830e-32 3.3305819230513e-32 3.2598389097773e-32
 1  13 7.8624667631444e-32 7.8624667631444e-32 7.8567673787845e-32 7.1509212246821e-32 6.5627696792143e-32 6.0651417782089e-32 5.6386318731755e-32 5.2716231411920e-32 5.2716231411920e-32
 1  14 1.2867302057462e-31 1.2867302057462e-31 1.2469815695698e-31 1.1344545516509e-31 1.0407769382957e-31 9.6157359830527e-32 8.9372759085886e-32 8.5279070621788e-32 8.5279070621788e-32
 1  15 2.1086701802762e-31 2.1086701802762e-31 1.9757669081813e-31 1.7972477549567e-31 1.6486513981794e-31 1.5230263169070e-31 1.4154221517799e-31 1.3805605158176e-31 1.3805605158176e-31
 1  16 3.4597840924080e-31 3.4597840924080e-31 3.1230874806008e-31 2.8417272653586e-31 2.6072920793046e-31 2.4089448049198e-31 2.2389471628926e-31 2.2360759003912e-31 2.2360759003912e-31
 1  17 5.6842797277515e-31 5.5049303228669e-31 4.9563017186602e-31 4.5079841599797e-31 4.1347379023225e-31 3.8191454107933e-31 3.6238899216500e-31 3.6238899216500e-31 3.6238899216500e-31
 1  18 9.3515117718085e-31 8.7235363585257e-31 7.8527400175891e-31 7.1413548165562e-31 6.5492065902956e-31 6.0485941091335e-31 5.8760423529808e-31 5.8760423529808e-31 5.8760423529808e-31
 1  19 1.5408978042104e-30 1.3785333522997e-30 1.2414001813328e-30 1.1292338521005e-30 1.0357824273683e-30 9.5672121639979e-31 9.5343058453387e-31 9.5343058453387e-31 9.5343058453387e-31
 1  20 2.4609000565538e-30 2.1874778136034e-30 1.9690719036161e-30 1.7905733685624e-30 1.6419478125054e-30 1.5479648762476e-30 1.5479648762476e-30 1.5479648762476e-30 1.5479648762476e-30
 1  21 3.9010790597575e-30 3.4667743341344e-30 3.1200247535796e-30 2.8367268534496e-30 2.6008946628893e-30 2.5149440205899e-30 2.5149440205899e-30 2.5149440205899e-30 2.5149440205899e-30
 1  22 6.1827354118787e-30 5.4931941872683e-30 4.9428683572981e-30 4.4933619506510e-30 4.1192395265244e-30 3.9821121860094e-30 3.9821121860094e-30 3.9821121860094e-30 3.9821121860094e-30
 1  23 9.4605568344009e-30 8.6894031999225e-30 7.8194779473196e-30 7.1086405266542e-30 6.5168278335011e-30 6.0164072870566e-30 5.8992182115226e-30 5.8992182115226e-30 5.8992182115226e-30
 1  24 1.1320230274803e-29 1.0934282941744e-29 9.8393534002246e-30 8.9445881652374e-30 8.1996068654603e-30 7.5696494746625e-30 7.1913554561837e-30 7.1913554561837e-30 7.1913554561837e-30
 1  25 1.3577977636066e-29 1.3577977636066e-29 1.2363596051327e-29 1.1241446950699e-29 1.0306594537162e-29 9.5157136624488e-30 8.8378939032675e-30 8.7749182510352e-30 8.7749182510352e-30
 1  26 1.6321344471224e-29 1.6321344471224e-29 1.5578049864781e-29 1.4160466119949e-29 1.2980152430367e-29 1.1982037732056e-29 1.1126896248725e-29 1.0716746897577e-29 1.0716746897577e-29
 1  27 1.9657870645863e-29 1.9657870645863e-29 1.9558272984349e-29 1.7784963960257e-29 1.6306884950313e-29 1.5055931761490e-29 1.3983458111732e-29 1.3099365989292e-29 1.3099365989292e-29
 1  28 2.3719319860836e-29 2.3719319860836e-29 2.3719319860836e-29 2.2408458213680e-29 2.0541168322201e-29 1.8961659008029e-29 1.7608059771702e-29 1.6435076652971e-29 1.6024445819336e-29
 1  29 2.8667545463108e-29 2.8667545463108e-29 2.8667545463108e-29 2.8169656461297e-29 2.5826040460221e-29 2.3842570349480e-29 2.2142073514349e-29 2.0667975762711e-29 1.9617511881099e-29
 1  30 3.4701186061585e-29 3.4701186061585e-29 3.4701186061585e-29 3.4701186061585e-29 3.2493561779441e-29 2.9997851479538e-29 2.7857965764657e-29 2.6002786662336e-29 2.4378980959444e-29
 1  31 4.2028570100204e-29 4.2028570100204e-29 4.2028570100204e-29 4.2028570100204e-29 4.0845808373107e-29 3.7708790485113e-29 3.5018561260827e-29 3.2685905004840e-29 3.0643901670117e-29
0.41562760 0.41571401 0.41580042 24060.0 24050.0  1
1.0000000000000 
 1   1 3.8639082466929e-34 3.4414341994749e-34 3.1036866626574e-34 2.8274955405595e-34 2.6124992309153e-34 2.6124034924106e-34 2.6124034924106e-34 2.6124034924106e-34 2.6124034924106e-34
 1   2 6.4733895336158e-34 5.7625221819254e-34 5.1949131532893e-34 4.7311521628861e-34 4.3450941041371e-34 4.2537526829485e-34 4.2537526829485e-34 4.2537526829485e-34 4.2537526829485e-34
 1   3 9.9338006200168e-34 8.8410316841336e-34 7.9687055915831e-34 7.2561232120020e-34 6.6630321290694e-34 6.3564177438044e-34 6.3564177438044e-34 6.3564177438044e-34 6.3564177438044e-34
 1   4 1.5623124401375e-33 1.3910845147024e-33 1.2542069219213e-33 1.1422814007883e-33 1.0490600151578e-33 9.7724989178550e-34 9.7724989178550e-34 9.7724989178550e-34 9.7724989178550e-34
 1   5 2.4063616487370e-33 2.2067757486078e-33 1.9889518699547e-33 1.8109621887730e-33 1.6627824933152e-33 1.5374954585042e-33 1.5106175965016e-33 1.5106175965016e-33 1.5106175965016e-33
 1   6 3.7002001790253e-33 3.5277323825566e-33 3.1788298635272e-33 2.8938172991749e-33 2.6565937229714e-33 2.4560564071020e-33 2.3556824138532e-33 2.3556824138532e-33 2.3556824138532e-33
 1   7 5.6104064171023e-33 5.5394113337585e-33 4.9931396398062e-33 4.5461597496159e-33 4.1736466918663e-33 3.8588188153313e-33 3.6192122916735e-33 3.6192122916735e-33 3.6192122916735e-33
 1   8 8.5630509637222e-33 8.5630509637222e-33 7.8997084812936e-33 7.1910536303767e-33 6.6010384855525e-33 6.1021432547001e-33 5.6747559166022e-33 5.5927699610782e-33 5.5927699610782e-33
 1   9 1.3129327095100e-32 1.3129327095100e-32 1.2542946431872e-32 1.1415291762392e-32 1.0477051844500e-32 9.6839678465197e-33 9.0043528488560e-33 8.6762900079567e-33 8.6762900079567e-33
 1  10 2.0091082185250e-32 2.0091082185250e-32 1.9813700783287e-32 1.8034903058688e-32 1.6553453976969e-32 1.5300512180843e-32 1.4226871476784e-32 1.3422085432541e-32 1.3422085432541e-32
 1  11 3.0792480065341e-32 3.0792480065341e-32 3.0792480065341e-32 2.8545064170947e-32 2.6196676250554e-32 2.4210821073530e-32 2.2509507528433e-32 2.1035630099702e-32 2.0787087982268e-32
 1  12 4.8087745915444e-32 4.8087745915444e-32 4.8087745915444e-32 4.5223504054136e-32 4.1495511882579e-32 3.8343797000306e-32 3.5644183122830e-32 3.3305819230513e-32 3.2598389097773e-32
 1  13 7.8624667631444e-32 7.8624667631444e-32 7.8567673787845e-32 7.1509212246821e-32 6.5627696792143e-32 6.0651417782089e-32 5.6386318731755e-32 5.2716231411920e-32 5.2716231411920e-32
 1  14 1.2867302057462e-31 1.2867302057462e-31 1.2469815695698e-31 1.1344545516509e-31 1.0407769382957e-31 9.6157359830527e-32 8.9372759085886e-32 8.5279070621788e-32 8.5279070621788e-32
 1  15 2.1086701802762e-31 2.1086701802762e-31 1.9757669081813e-31 1.7972477549567e-31 1.6486513981794e-31 1.5230263169070e-31 1.4154221517799e-31 1.3805605158176e-31 1.3805605158176e-31
 1  16 3.4597840924080e-31 3.4597840924080e-31 3.1230874806008e-31 2.8417272653586e-31 2.6072920793046e-31 2.4089448049198e-31 2.2389471628926e-31 2.2360759003912e-31 2.2360759003912e-31
 1  17 5.6842797277515e-31 5.5049303228669e-31 4.9563017186602e-31 4.5079841599797e-31 4.1347379023225e-31 3.8191454107933e-31 3.6238899216500e-31 3.6238899216500e-31 3.6238899216500e-31
 1  18 9.3515117718085e-31 8.7235363585257e-31 7.8527400175891e-31 7.1413548165562e-31 6.5492065902956e-31 6.0485941091335e-31 5.8760423529808e-31 5.8760423529808e-31 5.8760423529808e-31
 1  19 1.5408978042104e-30 1.3785333522997e-30 1.2414001813328e-30 1.1292338521005e-30 1.0357824273683e-30 9.5672121639979e-31 9.5343058453387e-31 9.5343058453387e-31 9.5343058453387e-31
 1  20 2.4609000565538e-30 2.1874778136034e-30 1.9690719036161e-30 1.7905733685624e-30 1.6419478125054e-30 1.5479648762476e-30 1.5479648762476e-30 1.5479648762476e-30 1.5479648762476e-30
 1  21 3.9010790597575e-30 3.4667743341344e-30 3.1200247535796e-30 2.8367268534496e-30 2.6008946628893e-30 2.5149440205899e-30 2.5149440205899e-30 2.5149440205899e-30 2.5149440205899e-30
 1  22 6.1827354118787e-30 5.4931941872683e-30 4.9428683572981e-30 4.4933619506510e-30 4.1192395265244e-30 3.9821121860094e-30 3.9821121860094e-30 3.9821121860094e-30 3.9821121860094e-30
 1  23 9.4605568344009e-30 8.6894031999225e-30 7.8194779473196e-30 7.1086405266542e-30 6.5168278335011e-30 6.0164072870566e-30 5.8992182115226e-30 5.8992182115226e-30 5.8992182115226e-30
 1  24 1.1320230274803e-29 1.0934282941744e-29 9.8393534002246e-30 8.9445881652374e-30 8.1996068654603e-30 7.5696494746625e-30 7.1913554561837e-30 7.1913554561837e-30 7.1913554561837e-30
 1  25 1.3577977636066e-29 1.3577977636066e-29 1.2363596051327e-29 1.1241446950699e-29 1.0306594537162e-29 9.5157136624488e-30 8.8378939032675e-30 8.7749182510352e-30 8.7749182510352e-30
 1  26 1.6321344471224e-29 1.6321344471224e-29 1.5578049864781e-29 1.4160466119949e-29 1.2980152430367e-29 1.1982037732056e-29 1.1126896248725e-29 1.0716746897577e-29 1.0716746897577e-29
 1  27 1.9657870645863e-29 1.9657870645863e-29 1.9558272984349e-29 1.7784963960257e-29 1.6306884950313e-29 1.5055931761490e-29 1.3983458111732e-29 1.3099365989292e-29 1.3099365989292e-29
 1  28 2.3719319860836e-29 2.3719319860836e-29 2.3719319860836e-29 2.2408458213680e-29 2.0541168322201e-29 1.8961659008029e-29 1.7608059771702e-29 1.6435076652971e-29 1.6024445819336e-29
 1  29 2.8667545463108e-29 2.8667545463108e-29 2.8667545463108e-29 2.8169656461297e-29 2.5826040460221e-29 2.3842570349480e-29 2.2142073514349e-29 2.0667975762711e-29 1.9617511881099e-29
 1  30 3.4701186061585e-29 3.4701186061585e-29 3.4701186061585e-29 3.4701186061585e-29 3.2493561779441e-29 2.9997851479538e-29 2.7857965764657e-29 2.6002786662336e-29 2.4378980959444e-29
 1  31 4.2028570100204e-29 4.2028570100204e-29 4.2028570100204e-29 4.2028570100204e-29 4.0845808373107e-29 3.7708790485113e-29 3.5018561260827e-29 3.2685905004840e-29 3.0643901670117e-29
0.41580042 0.41588690 0.41597338 24050.0 24040.0  1
1.0000000000000 
 1   1 3.8639082466929e-34 3.4414341994749e-34 3.1036866626574e-34 2.8274955405595e-34 2.6124992309153e-34 2.6124034924106e-34 2.6124034924106e-34 2.6124034924106e-34 2.6124034924106e-34
 1   2 6.4733895336158e-34 5.7625221819254e-34 5.1949131532893e-34 4.7311521628861e-34 4.3450941041371e-34 4.2537526829485e-34 4.2537526829485e-34 4.2537526829485e-34 4.2537526829485e-34
 1   3 9.9338006200168e-34 8.8410316841336e-34 7.9687055915831e-34 7.2561232120020e-34 6.6630321290694e-34 6.3564177438044e-34 6.3564177438044e-34 6.3564177438044e-34 6.3564177438044e-34
 1   4 1.5623124401375e-33 1.3910845147024e-33 1.2542069219213e-33 1.1422814007883e-33 1.0490600151578e-33 9.7724989178550e-34 9.7724989178550e-34 9.7724989178550e-34 9.7724989178550e-34
 1   5 2.4063616487370e-33 2.2067757486078e-33 1.9889518699547e-33 1.8109621887730e-33 1.6627824933152e-33 1.5374954585042e-33 1.5106175965016e-33 1.5106175965016e-33 1.5106175965016e-33
 1   6 3.7002001790253e-33 3.5277323825566e-33 3.1788298635272e-33 2.8938172991749e-33 2.6565937229714e-33 2.4560564071020e-33 2.3556824138532e-33 2.3556824138532e-33 2.3556824138532e-33
 1   7 5.6104064171023e-33 5.5394113337585e-33 4.9931396398062e-33 4.5461597496159e-33 4.1736466918663e-33 3.8588188153313e-33 3.6192122916735e-33 3.6192122916735e-33 3.6192122916735e-33
 1   8 8.5630509637222e-33 8.5630509637222e-33 7.8997084812936e-33 7.1910536303767e-33 6.6010384855525e-33 6.1021432547001e-33 5.6747559166022e-33 5.5927699610782e-33 5.5927699610782e-33
 1   9 1.3129327095100e-32 1.3129327095100e-32 1.2542946431872e-32 1.1415291762392e-32 1.0477051844500e-32 9.6839678465197e-33 9.0043528488560e-33 8.6762900079567e-33 8.6762900079567e-33
 1  10 2.0091082185250e-32 2.0091082185250e-32 1.9813700783287e-32 1.8034903058688e-32 1.6553453976969e-32 1.5300512180843e-32 1.4226871476784e-32 1.3422085432541e-32 1.3422085432541e-32
 1  11 3.0792480065341e-32 3.0792480065341e-32 3.0792480065341e-32 2.8545064170947e-32 2.6196676250554e-32 2.4210821073530e-32 2.2509507528433e-32 2.1035630099702e-32 2.0787087982268e-32
 1  12 4.8087745915444e-32 4.8087745915444e-32 4.8087745915444e-32 4.5223504054136e-32 4.1495511882579e-32 3.8343797000306e-32 3.5644183122830e-32 3.3305819230513e-32 3.2598389097773e-32
 1  13 7.8624667631444e-32 7.8624667631444e-32 7.8567673787845e-32 7.1509212246821e-32 6.5627696792143e-32 6.0651417782089e-32 5.6386318731755e-32 5.2716231411920e-32 5.2716231411920e-32
 1  14 1.2867302057462e-31 1.2867302057462e-31 1.2469815695698e-31 1.1344545516509e-31 1.0407769382957e-31 9.6157359830527e-32 8.9372759085886e-32 8.5279070621788e-32 8.5279070621788e-32
 1  15 2.1086701802762e-31 2.1086701802762e-31 1.9757669081813e-31 1.7972477549567e-31 1.6486513981794e-31 1.5230263169070e-31 1.4154221517799e-31 1.3805605158176e-31 1.3805605158176e-31
 1  16 3.4597840924080e-31 3.4597840924080e-31 3.1230874806008e-31 2.8417272653586e-31 2.6072920793046e-31 2.4089448049198e-31 2.2389471628926e-31 2.2360759003912e-31 2.2360759003912e-31
 1  17 5.6842797277515e-31 5.5049303228669e-31 4.9563017186602e-31 4.5079841599797e-31 4.1347379023225e-31 3.8191454107933e-31 3.6238899216500e-31 3.6238899216500e-31 3.6238899216500e-31
 1  18 9.3515117718085e-31 8.7235363585257e-31 7.8527400175891e-31 7.1413548165562e-31 6.5492065902956e-31 6.0485941091335e-31 5.8760423529808e-31 5.8760423529808e-31 5.8760423529808e-31
 1  19 1.5408978042104e-30 1.3785333522997e-30 1.2414001813328e-30 1.1292338521005e-30 1.0357824273683e-30 9.5672121639979e-31 9.5343058453387e-31 9.5343058453387e-31 9.5343058453387e-31
 1  20 2.4609000565538e-30 2.1874778136034e-30 1.9690719036161e-30 1.7905733685624e-30 1.6419478125054e-30 1.5479648762476e-30 1.5479648762476e-30 1.5479648762476e-30 1.5479648762476e-30
 1  21 3.9010790597575e-30 3.4667743341344e-30 3.1200247535796e-30 2.8367268534496e-30 2.6008946628893e-30 2.5149440205899e-30 2.5149440205899e-30 2.5149440205899e-30 2.5149440205899e-30
 1  22 6.1827354118787e-30 5.4931941872683e-30 4.9428683572981e-30 4.4933619506510e-30 4.1192395265244e-30 3.9821121860094e-30 3.9821121860094e-30 3.9821121860094e-30 3.9821121860094e-30
 1  23 9.4605568344009e-30 8.6894031999225e-30 7.8194779473196e-30 7.1086405266542e-30 6.5168278335011e-30 6.0164072870566e-30 5.8992182115226e-30 5.8992182115226e-30 5.8992182115226e-30
 1  24 1.1320230274803e-29 1.0934282941744e-29 9.8393534002246e-30 8.9445881652374e-30 8.1996068654603e-30 7.5696494746625e-30 7.1913554561837e-30 7.1913554561837e-30 7.1913554561837e-30
 1  25 1.3577977636066e-29 1.3577977636066e-29 1.2363596051327e-29 1.1241446950699e-29 1.0306594537162e-29 9.5157136624488e-30 8.8378939032675e-30 8.7749182510352e-30 8.7749182510352e-30
 1  26 1.6321344471224e-29 1.6321344471224e-29 1.5578049864781e-29 1.4160466119949e-29 1.2980152430367e-29 1.1982037732056e-29 1.1126896248725e-29 1.0716746897577e-29 1.0716746897577e-29
 1  27 1.9657870645863e-29 1.9657870645863e-29 1.9558272984349e-29 1.7784963960257e-29 1.6306884950313e-29 1.5055931761490e-29 1.3983458111732e-29 1.3099365989292e-29 1.3099365989292e-29
 1  28 2.3719319860836e-29 2.3719319860836e-29 2.3719319860836e-29 2.2408458213680e-29 2.0541168322201e-29 1.8961659008029e-29 1.7608059771702e-29 1.6435076652971e-29 1.6024445819336e-29
 1  29 2.8667545463108e-29 2.8667545463108e-29 2.8667545463108e-29 2.8169656461297e-29 2.5826040460221e-29 2.3842570349480e-29 2.2142073514349e-29 2.0667975762711e-29 1.9617511881099e-29
 1  30 3.4701186061585e-29 3.4701186061585e-29 3.4701186061585e-29 3.4701186061585e-29 3.2493561779441e-29 2.9997851479538e-29 2.7857965764657e-29 2.6002786662336e-29 2.4378980959444e-29
 1  31 4.2028570100204e-29 4.2028570100204e-29 4.2028570100204e-29 4.2028570100204e-29 4.0845808373107e-29 3.7708790485113e-29 3.5018561260827e-29 3.2685905004840e-29 3.0643901670117e-29
0.41597338 0.41605993 0.41614648 24040.0 24030.0  1
1.0000000000000 
 1   1 3.8639082466929e-34 3.4414341994749e-34 3.1036866626574e-34 2.8274955405595e-34 2.6124992309153e-34 2.6124034924106e-34 2.6124034924106e-34 2.6124034924106e-34 2.6124034924106e-34
 1   2 6.4733895336158e-34 5.7625221819254e-34 5.1949131532893e-34 4.7311521628861e-34 4.3450941041371e-34 4.2537526829485e-34 4.2537526829485e-34 4.2537526829485e-34 4.2537526829485e-34
 1   3 9.9338006200168e-34 8.8410316841336e-34 7.9687055915831e-34 7.2561232120020e-34 6.6630321290694e-34 6.3564177438044e-34 6.3564177438044e-34 6.3564177438044e-34 6.3564177438044e-34
 1   4 1.5623124401375e-33 1.3910845147024e-33 1.2542069219213e-33 1.1422814007883e-33 1.0490600151578e-33 9.7724989178550e-34 9.7724989178550e-34 9.7724989178550e-34 9.7724989178550e-34
 1   5 2.4063616487370e-33 2.2067757486078e-33 1.9889518699547e-33 1.8109621887730e-33 1.6627824933152e-33 1.5374954585042e-33 1.5106175965016e-33 1.5106175965016e-33 1.5106175965016e-33
 1   6 3.7002001790253e-33 3.5277323825566e-33 3.1788298635272e-33 2.8938172991749e-33 2.6565937229714e-33 2.4560564071020e-33 2.3556824138532e-33 2.3556824138532e-33 2.3556824138532e-33
 1   7 5.6104064171023e-33 5.5394113337585e-33 4.9931396398062e-33 4.5461597496159e-33 4.1736466918663e-33 3.8588188153313e-33 3.6192122916735e-33 3.6192122916735e-33 3.6192122916735e-33
 1   8 8.5630509637222e-33 8.5630509637222e-33 7.8997084812936e-33 7.1910536303767e-33 6.6010384855525e-33 6.1021432547001e-33 5.6747559166022e-33 5.5927699610782e-33 5.5927699610782e-33
 1   9 1.3129327095100e-32 1.3129327095100e-32 1.2542946431872e-32 1.1415291762392e-32 1.0477051844500e-32 9.6839678465197e-33 9.0043528488560e-33 8.6762900079567e-33 8.6762900079567e-33
 1  10 2.0091082185250e-32 2.0091082185250e-32 1.9813700783287e-32 1.8034903058688e-32 1.6553453976969e-32 1.5300512180843e-32 1.4226871476784e-32 1.3422085432541e-32 1.3422085432541e-32
 1  11 3.0792480065341e-32 3.0792480065341e-32 3.0792480065341e-32 2.8545064170947e-32 2.6196676250554e-32 2.4210821073530e-32 2.2509507528433e-32 2.1035630099702e-32 2.0787087982268e-32
 1  12 4.8087745915444e-32 4.8087745915444e-32 4.8087745915444e-32 4.5223504054136e-32 4.1495511882579e-32 3.8343797000306e-32 3.5644183122830e-32 3.3305819230513e-32 3.2598389097773e-32
 1  13 7.8624667631444e-32 7.8624667631444e-32 7.8567673787845e-32 7.1509212246821e-32 6.5627696792143e-32 6.0651417782089e-32 5.6386318731755e-32 5.2716231411920e-32 5.2716231411920e-32
 1  14 1.2867302057462e-31 1.2867302057462e-31 1.2469815695698e-31 1.1344545516509e-31 1.0407769382957e-31 9.6157359830527e-32 8.9372759085886e-32 8.5279070621788e-32 8.5279070621788e-32
 1  15 2.1086701802762e-31 2.1086701802762e-31 1.9757669081813e-31 1.7972477549567e-31 1.6486513981794e-31 1.5230263169070e-31 1.4154221517799e-31 1.3805605158176e-31 1.3805605158176e-31
 1  16 3.4597840924080e-31 3.4597840924080e-31 3.1230874806008e-31 2.8417272653586e-31 2.6072920793046e-31 2.4089448049198e-31 2.2389471628926e-31 2.2360759003912e-31 2.2360759003912e-31
 1  17 5.6842797277515e-31 5.5049303228669e-31 4.9563017186602e-31 4.5079841599797e-31 4.1347379023225e-31 3.8191454107933e-31 3.6238899216500e-31 3.6238899216500e-31 3.6238899216500e-31
 1  18 9.3515117718085e-31 8.7235363585257e-31 7.8527400175891e-31 7.1413548165562e-31 6.5492065902956e-31 6.0485941091335e-31 5.8760423529808e-31 5.8760423529808e-31 5.8760423529808e-31
 1  19 1.5408978042104e-30 1.3785333522997e-30 1.2414001813328e-30 1.1292338521005e-30 1.0357824273683e-30 9.5672121639979e-31 9.5343058453387e-31 9.5343058453387e-31 9.5343058453387e-31
 1  20 2.4609000565538e-30 2.1874778136034e-30 1.9690719036161e-30 1.7905733685624e-30 1.6419478125054e-30 1.5479648762476e-30 1.5479648762476e-30 1.5479648762476e-30 1.5479648762476e-30
 1  21 3.9010790597575e-30 3.4667743341344e-30 3.1200247535796e-30 2.8367268534496e-30 2.6008946628893e-30 2.5149440205899e-30 2.5149440205899e-30 2.5149440205899e-30 2.5149440205899e-30
 1  22 6.1827354118787e-30 5.4931941872683e-30 4.9428683572981e-30 4.4933619506510e-30 4.1192395265244e-30 3.9821121860094e-30 3.9821121860094e-30 3.9821121860094e-30 3.9821121860094e-30
 1  23 9.4605568344009e-30 8.6894031999225e-30 7.8194779473196e-30 7.1086405266542e-30 6.5168278335011e-30 6.0164072870566e-30 5.8992182115226e-30 5.8992182115226e-30 5.8992182115226e-30
 1  24 1.1320230274803e-29 1.0934282941744e-29 9.8393534002246e-30 8.9445881652374e-30 8.1996068654603e-30 7.5696494746625e-30 7.1913554561837e-30 7.1913554561837e-30 7.1913554561837e-30
 1  25 1.3577977636066e-29 1.3577977636066e-29 1.2363596051327e-29 1.1241446950699e-29 1.0306594537162e-29 9.5157136624488e-30 8.8378939032675e-30 8.7749182510352e-30 8.7749182510352e-30
 1  26 1.6321344471224e-29 1.6321344471224e-29 1.5578049864781e-29 1.4160466119949e-29 1.2980152430367e-29 1.1982037732056e-29 1.1126896248725e-29 1.0716746897577e-29 1.0716746897577e-29
 1  27 1.9657870645863e-29 1.9657870645863e-29 1.9558272984349e-29 1.7784963960257e-29 1.6306884950313e-29 1.5055931761490e-29 1.3983458111732e-29 1.3099365989292e-29 1.3099365989292e-29
 1  28 2.3719319860836e-29 2.3719319860836e-29 2.3719319860836e-29 2.2408458213680e-29 2.0541168322201e-29 1.8961659008029e-29 1.7608059771702e-29 1.6435076652971e-29 1.6024445819336e-29
 1  29 2.8667545463108e-29 2.8667545463108e-29 2.8667545463108e-29 2.8169656461297e-29 2.5826040460221e-29 2.3842570349480e-29 2.2142073514349e-29 2.0667975762711e-29 1.9617511881099e-29
 1  30 3.4701186061585e-29 3.4701186061585e-29 3.4701186061585e-29 3.4701186061585e-29 3.2493561779441e-29 2.9997851479538e-29 2.7857965764657e-29 2.6002786662336e-29 2.4378980959444e-29
 1  31 4.2028570100204e-29 4.2028570100204e-29 4.2028570100204e-29 4.2028570100204e-29 4.0845808373107e-29 3.7708790485113e-29 3.5018561260827e-29 3.2685905004840e-29 3.0643901670117e-29
0.41614648 0.41623310 0.41631973 24030.0 24020.0  1
1.0000000000000 
 1   1 3.8639082466929e-34 3.4414341994749e-34 3.1036866626574e-34 2.8274955405595e-34 2.6124992309153e-34 2.6124034924106e-34 2.6124034924106e-34 2.6124034924106e-34 2.6124034924106e-34
 1   2 6.4733895336158e-34 5.7625221819254e-34 5.1949131532893e-34 4.7311521628861e-34 4.3450941041371e-34 4.2537526829485e-34 4.2537526829485e-34 4.2537526829485e-34 4.2537526829485e-34
 1   3 9.9338006200168e-34 8.8410316841336e-34 7.9687055915831e-34 7.2561232120020e-34 6.6630321290694e-34 6.3564177438044e-34 6.3564177438044e-34 6.3564177438044e-34 6.3564177438044e-34
 1   4 1.5623124401375e-33 1.3910845147024e-33 1.2542069219213e-33 1.1422814007883e-33 1.0490600151578e-33 9.7724989178550e-34 9.7724989178550e-34 9.7724989178550e-34 9.7724989178550e-34
 1   5 2.4063616487370e-33 2.2067757486078e-33 1.9889518699547e-33 1.8109621887730e-33 1.6627824933152e-33 1.5374954585042e-33 1.5106175965016e-33 1.5106175965016e-33 1.5106175965016e-33
 1   6 3.7002001790253e-33 3.5277323825566e-33 3.1788298635272e-33 2.8938172991749e-33 2.6565937229714e-33 2.4560564071020e-33 2.3556824138532e-33 2.3556824138532e-33 2.3556824138532e-33
 1   7 5.6104064171023e-33 5.5394113337585e-33 4.9931396398062e-33 4.5461597496159e-33 4.1736466918663e-33 3.8588188153313e-33 3.6192122916735e-33 3.6192122916735e-33 3.6192122916735e-33
 1   8 8.5630509637222e-33 8.5630509637222e-33 7.8997084812936e-33 7.1910536303767e-33 6.6010384855525e-33 6.1021432547001e-33 5.6747559166022e-33 5.5927699610782e-33 5.5927699610782e-33
 1   9 1.3129327095100e-32 1.3129327095100e-32 1.2542946431872e-32 1.1415291762392e-32 1.0477051844500e-32 9.6839678465197e-33 9.0043528488560e-33 8.6762900079567e-33 8.6762900079567e-33
 1  10 2.0091082185250e-32 2.0091082185250e-32 1.9813700783287e-32 1.8034903058688e-32 1.6553453976969e-32 1.5300512180843e-32 1.4226871476784e-32 1.3422085432541e-32 1.3422085432541e-32
 1  11 3.0792480065341e-32 3.0792480065341e-32 3.0792480065341e-32 2.8545064170947e-32 2.6196676250554e-32 2.4210821073530e-32 2.2509507528433e-32 2.1035630099702e-32 2.0787087982268e-32
 1  12 4.8087745915444e-32 4.8087745915444e-32 4.8087745915444e-32 4.5223504054136e-32 4.1495511882579e-32 3.8343797000306e-32 3.5644183122830e-32 3.3305819230513e-32 3.2598389097773e-32
 1  13 7.8624667631444e-32 7.8624667631444e-32 7.8567673787845e-32 7.1509212246821e-32 6.5627696792143e-32 6.0651417782089e-32 5.6386318731755e-32 5.2716231411920e-32 5.2716231411920e-32
 1  14 1.2867302057462e-31 1.2867302057462e-31 1.2469815695698e-31 1.1344545516509e-31 1.0407769382957e-31 9.6157359830527e-32 8.9372759085886e-32 8.5279070621788e-32 8.5279070621788e-32
 1  15 2.1086701802762e-31 2.1086701802762e-31 1.9757669081813e-31 1.7972477549567e-31 1.6486513981794e-31 1.5230263169070e-31 1.4154221517799e-31 1.3805605158176e-31 1.3805605158176e-31
 1  16 3.4597840924080e-31 3.4597840924080e-31 3.1230874806008e-31 2.8417272653586e-31 2.6072920793046e-31 2.4089448049198e-31 2.2389471628926e-31 2.2360759003912e-31 2.2360759003912e-31
 1  17 5.6842797277515e-31 5.5049303228669e-31 4.9563017186602e-31 4.5079841599797e-31 4.1347379023225e-31 3.8191454107933e-31 3.6238899216500e-31 3.6238899216500e-31 3.6238899216500e-31
 1  18 9.3515117718085e-31 8.7235363585257e-31 7.8527400175891e-31 7.1413548165562e-31 6.5492065902956e-31 6.0485941091335e-31 5.8760423529808e-31 5.8760423529808e-31 5.8760423529808e-31
 1  19 1.5408978042104e-30 1.3785333522997e-30 1.2414001813328e-30 1.1292338521005e-30 1.0357824273683e-30 9.5672121639979e-31 9.5343058453387e-31 9.5343058453387e-31 9.5343058453387e-31
 1  20 2.4609000565538e-30 2.1874778136034e-30 1.9690719036161e-30 1.7905733685624e-30 1.6419478125054e-30 1.5479648762476e-30 1.5479648762476e-30 1.5479648762476e-30 1.5479648762476e-30
 1  21 3.9010790597575e-30 3.4667743341344e-30 3.1200247535796e-30 2.8367268534496e-30 2.6008946628893e-30 2.5149440205899e-30 2.5149440205899e-30 2.5149440205899e-30 2.5149440205899e-30
 1  22 6.1827354118787e-30 5.4931941872683e-30 4.9428683572981e-30 4.4933619506510e-30 4.1192395265244e-30 3.9821121860094e-30 3.9821121860094e-30 3.9821121860094e-30 3.9821121860094e-30
 1  23 9.4605568344009e-30 8.6894031999225e-30 7.8194779473196e-30 7.1086405266542e-30 6.5168278335011e-30 6.0164072870566e-30 5.8992182115226e-30 5.8992182115226e-30 5.8992182115226e-30
 1  24 1.1320230274803e-29 1.0934282941744e-29 9.8393534002246e-30 8.9445881652374e-30 8.1996068654603e-30 7.5696494746625e-30 7.1913554561837e-30 7.1913554561837e-30 7.1913554561837e-30
 1  25 1.3577977636066e-29 1.3577977636066e-29 1.2363596051327e-29 1.1241446950699e-29 1.0306594537162e-29 9.5157136624488e-30 8.8378939032675e-30 8.7749182510352e-30 8.7749182510352e-30
 1  26 1.6321344471224e-29 1.6321344471224e-29 1.5578049864781e-29 1.4160466119949e-29 1.2980152430367e-29 1.1982037732056e-29 1.1126896248725e-29 1.0716746897577e-29 1.0716746897577e-29
 1  27 1.9657870645863e-29 1.9657870645863e-29 1.9558272984349e-29 1.7784963960257e-29 1.6306884950313e-29 1.5055931761490e-29 1.3983458111732e-29 1.3099365989292e-29 1.3099365989292e-29
 1  28 2.3719319860836e-29 2.3719319860836e-29 2.3719319860836e-29 2.2408458213680e-29 2.0541168322201e-29 1.8961659008029e-29 1.7608059771702e-29 1.6435076652971e-29 1.6024445819336e-29
 1  29 2.8667545463108e-29 2.8667545463108e-29 2.8667545463108e-29 2.8169656461297e-29 2.5826040460221e-29 2.3842570349480e-29 2.2142073514349e-29 2.0667975762711e-29 1.9617511881099e-29
 1  30 3.4701186061585e-29 3.4701186061585e-29 3.4701186061585e-29 3.4701186061585e-29 3.2493561779441e-29 2.9997851479538e-29 2.7857965764657e-29 2.6002786662336e-29 2.4378980959444e-29
 1  31 4.2028570100204e-29 4.2028570100204e-29 4.2028570100204e-29 4.2028570100204e-29 4.0845808373107e-29 3.7708790485113e-29 3.5018561260827e-29 3.2685905004840e-29 3.0643901670117e-29
0.41631973 0.41640643 0.41649313 24020.0 24010.0  1
1.0000000000000 
 1   1 3.8639082466929e-34 3.4414341994749e-34 3.1036866626574e-34 2.8274955405595e-34 2.6124992309153e-34 2.6124034924106e-34 2.6124034924106e-34 2.6124034924106e-34 2.6124034924106e-34
 1   2 6.4733895336158e-34 5.7625221819254e-34 5.1949131532893e-34 4.7311521628861e-34 4.3450941041371e-34 4.2537526829485e-34 4.2537526829485e-34 4.2537526829485e-34 4.2537526829485e-34
 1   3 9.9338006200168e-34 8.8410316841336e-34 7.9687055915831e-34 7.2561232120020e-34 6.6630321290694e-34 6.3564177438044e-34 6.3564177438044e-34 6.3564177438044e-34 6.3564177438044e-34
 1   4 1.5623124401375e-33 1.3910845147024e-33 1.2542069219213e-33 1.1422814007883e-33 1.0490600151578e-33 9.7724989178550e-34 9.7724989178550e-34 9.7724989178550e-34 9.7724989178550e-34
 1   5 2.4063616487370e-33 2.2067757486078e-33 1.9889518699547e-33 1.8109621887730e-33 1.6627824933152e-33 1.5374954585042e-33 1.5106175965016e-33 1.5106175965016e-33 1.5106175965016e-33
 1   6 3.7002001790253e-33 3.5277323825566e-33 3.1788298635272e-33 2.8938172991749e-33 2.6565937229714e-33 2.4560564071020e-33 2.3556824138532e-33 2.3556824138532e-33 2.3556824138532e-33
 1   7 5.6104064171023e-33 5.5394113337585e-33 4.9931396398062e-33 4.5461597496159e-33 4.1736466918663e-33 3.8588188153313e-33 3.6192122916735e-33 3.6192122916735e-33 3.6192122916735e-33
 1   8 8.5630509637222e-33 8.5630509637222e-33 7.8997084812936e-33 7.1910536303767e-33 6.6010384855525e-33 6.1021432547001e-33 5.6747559166022e-33 5.5927699610782e-33 5.5927699610782e-33
 1   9 1.3129327095100e-32 1.3129327095100e-32 1.2542946431872e-32 1.1415291762392e-32 1.0477051844500e-32 9.6839678465197e-33 9.0043528488560e-33 8.6762900079567e-33 8.6762900079567e-33
 1  10 2.0091082185250e-32 2.0091082185250e-32 1.9813700783287e-32 1.8034903058688e-32 1.6553453976969e-32 1.5300512180843e-32 1.4226871476784e-32 1.3422085432541e-32 1.3422085432541e-32
 1  11 3.0792480065341e-32 3.0792480065341e-32 3.0792480065341e-32 2.8545064170947e-32 2.6196676250554e-32 2.4210821073530e-32 2.2509507528433e-32 2.1035630099702e-32 2.0787087982268e-32
 1  12 4.8087745915444e-32 4.8087745915444e-32 4.8087745915444e-32 4.5223504054136e-32 4.1495511882579e-32 3.8343797000306e-32 3.5644183122830e-32 3.3305819230513e-32 3.2598389097773e-32
 1  13 7.8624667631444e-32 7.8624667631444e-32 7.8567673787845e-32 7.1509212246821e-32 6.5627696792143e-32 6.0651417782089e-32 5.6386318731755e-32 5.2716231411920e-32 5.2716231411920e-32
 1  14 1.2867302057462e-31 1.2867302057462e-31 1.2469815695698e-31 1.1344545516509e-31 1.0407769382957e-31 9.6157359830527e-32 8.9372759085886e-32 8.5279070621788e-32 8.5279070621788e-32
 1  15 2.1086701802762e-31 2.1086701802762e-31 1.9757669081813e-31 1.7972477549567e-31 1.6486513981794e-31 1.5230263169070e-31 1.4154221517799e-31 1.3805605158176e-31 1.3805605158176e-31
 1  16 3.4597840924080e-31 3.4597840924080e-31 3.1230874806008e-31 2.8417272653586e-31 2.6072920793046e-31 2.4089448049198e-31 2.2389471628926e-31 2.2360759003912e-31 2.2360759003912e-31
 1  17 5.6842797277515e-31 5.5049303228669e-31 4.9563017186602e-31 4.5079841599797e-31 4.1347379023225e-31 3.8191454107933e-31 3.6238899216500e-31 3.6238899216500e-31 3.6238899216500e-31
 1  18 9.3515117718085e-31 8.7235363585257e-31 7.8527400175891e-31 7.1413548165562e-31 6.5492065902956e-31 6.0485941091335e-31 5.8760423529808e-31 5.8760423529808e-31 5.8760423529808e-31
 1  19 1.5408978042104e-30 1.3785333522997e-30 1.2414001813328e-30 1.1292338521005e-30 1.0357824273683e-30 9.5672121639979e-31 9.5343058453387e-31 9.5343058453387e-31 9.5343058453387e-31
 1  20 2.4609000565538e-30 2.1874778136034e-30 1.9690719036161e-30 1.7905733685624e-30 1.6419478125054e-30 1.5479648762476e-30 1.5479648762476e-30 1.5479648762476e-30 1.5479648762476e-30
 1  21 3.9010790597575e-30 3.4667743341344e-30 3.1200247535796e-30 2.8367268534496e-30 2.6008946628893e-30 2.5149440205899e-30 2.5149440205899e-30 2.5149440205899e-30 2.5149440205899e-30
 1  22 6.1827354118787e-30 5.4931941872683e-30 4.9428683572981e-30 4.4933619506510e-30 4.1192395265244e-30 3.9821121860094e-30 3.9821121860094e-30 3.9821121860094e-30 3.9821121860094e-30
 1  23 9.4605568344009e-30 8.6894031999225e-30 7.8194779473196e-30 7.1086405266542e-30 6.5168278335011e-30 6.0164072870566e-30 5.8992182115226e-30 5.8992182115226e-30 5.8992182115226e-30
 1  24 1.1320230274803e-29 1.0934282941744e-29 9.8393534002246e-30 8.9445881652374e-30 8.1996068654603e-30 7.5696494746625e-30 7.1913554561837e-30 7.1913554561837e-30 7.1913554561837e-30
 1  25 1.3577977636066e-29 1.3577977636066e-29 1.2363596051327e-29 1.1241446950699e-29 1.0306594537162e-29 9.5157136624488e-30 8.8378939032675e-30 8.7749182510352e-30 8.7749182510352e-30
 1  26 1.6321344471224e-29 1.6321344471224e-29 1.5578049864781e-29 1.4160466119949e-29 1.2980152430367e-29 1.1982037732056e-29 1.1126896248725e-29 1.0716746897577e-29 1.0716746897577e-29
 1  27 1.9657870645863e-29 1.9657870645863e-29 1.9558272984349e-29 1.7784963960257e-29 1.6306884950313e-29 1.5055931761490e-29 1.3983458111732e-29 1.3099365989292e-29 1.3099365989292e-29
 1  28 2.3719319860836e-29 2.3719319860836e-29 2.3719319860836e-29 2.2408458213680e-29 2.0541168322201e-29 1.8961659008029e-29 1.7608059771702e-29 1.6435076652971e-29 1.6024445819336e-29
 1  29 2.8667545463108e-29 2.8667545463108e-29 2.8667545463108e-29 2.8169656461297e-29 2.5826040460221e-29 2.3842570349480e-29 2.2142073514349e-29 2.0667975762711e-29 1.9617511881099e-29
 1  30 3.4701186061585e-29 3.4701186061585e-29 3.4701186061585e-29 3.4701186061585e-29 3.2493561779441e-29 2.9997851479538e-29 2.7857965764657e-29 2.6002786662336e-29 2.4378980959444e-29
 1  31 4.2028570100204e-29 4.2028570100204e-29 4.2028570100204e-29 4.2028570100204e-29 4.0845808373107e-29 3.7708790485113e-29 3.5018561260827e-29 3.2685905004840e-29 3.0643901670117e-29
0.41649313 0.41657990 0.41666667 24010.0 24000.0  1
1.0000000000000 
 1   1 3.8639082466929e-34 3.4414341994749e-34 3.1036866626574e-34 2.8274955405595e-34 2.6124992309153e-34 2.6124034924106e-34 2.6124034924106e-34 2.6124034924106e-34 2.6124034924106e-34
 1   2 6.4733895336158e-34 5.7625221819254e-34 5.1949131532893e-34 4.7311521628861e-34 4.3450941041371e-34 4.2537526829485e-34 4.2537526829485e-34 4.2537526829485e-34 4.2537526829485e-34
 1   3 9.9338006200168e-34 8.8410316841336e-34 7.9687055915831e-34 7.2561232120020e-34 6.6630321290694e-34 6.3564177438044e-34 6.3564177438044e-34 6.3564177438044e-34 6.3564177438044e-34
 1   4 1.5623124401375e-33 1.3910845147024e-33 1.2542069219213e-33 1.1422814007883e-33 1.0490600151578e-33 9.7724989178550e-34 9.7724989178550e-34 9.7724989178550e-34 9.7724989178550e-34
 1   5 2.4063616487370e-33 2.2067757486078e-33 1.9889518699547e-33 1.8109621887730e-33 1.6627824933152e-33 1.5374954585042e-33 1.5106175965016e-33 1.5106175965016e-33 1.5106175965016e-33
 1   6 3.7002001790253e-33 3.5277323825566e-33 3.1788298635272e-33 2.8938172991749e-33 2.6565937229714e-33 2.4560564071020e-33 2.3556824138532e-33 2.3556824138532e-33 2.3556824138532e-33
 1   7 5.6104064171023e-33 5.5394113337585e-33 4.9931396398062e-33 4.5461597496159e-33 4.1736466918663e-33 3.8588188153313e-33 3.6192122916735e-33 3.6192122916735e-33 3.6192122916735e-33
 1   8 8.5630509637222e-33 8.5630509637222e-33 7.8997084812936e-33 7.1910536303767e-33 6.6010384855525e-33 6.1021432547001e-33 5.6747559166022e-33 5.5927699610782e-33 5.5927699610782e-33
 1   9 1.3129327095100e-32 1.3129327095100e-32 1.2542946431872e-32 1.1415291762392e-32 1.0477051844500e-32 9.6839678465197e-33 9.0043528488560e-33 8.6762900079567e-33 8.6762900079567e-33
 1  10 2.0091082185250e-32 2.0091082185250e-32 1.9813700783287e-32 1.8034903058688e-32 1.6553453976969e-32 1.5300512180843e-32 1.4226871476784e-32 1.3422085432541e-32 1.3422085432541e-32
 1  11 3.0792480065341e-32 3.0792480065341e-32 3.0792480065341e-32 2.8545064170947e-32 2.6196676250554e-32 2.4210821073530e-32 2.2509507528433e-32 2.1035630099702e-32 2.0787087982268e-32
 1  12 4.8087745915444e-32 4.8087745915444e-32 4.8087745915444e-32 4.5223504054136e-32 4.1495511882579e-32 3.8343797000306e-32 3.5644183122830e-32 3.3305819230513e-32 3.2598389097773e-32
 1  13 7.8624667631444e-32 7.8624667631444e-32 7.8567673787845e-32 7.1509212246821e-32 6.5627696792143e-32 6.0651417782089e-32 5.6386318731755e-32 5.2716231411920e-32 5.2716231411920e-32
 1  14 1.2867302057462e-31 1.2867302057462e-31 1.2469815695698e-31 1.1344545516509e-31 1.0407769382957e-31 9.6157359830527e-32 8.9372759085886e-32 8.5279070621788e-32 8.5279070621788e-32
 1  15 2.1086701802762e-31 2.1086701802762e-31 1.9757669081813e-31 1.7972477549567e-31 1.6486513981794e-31 1.5230263169070e-31 1.4154221517799e-31 1.3805605158176e-31 1.3805605158176e-31
 1  16 3.4597840924080e-31 3.4597840924080e-31 3.1230874806008e-31 2.8417272653586e-31 2.6072920793046e-31 2.4089448049198e-31 2.2389471628926e-31 2.2360759003912e-31 2.2360759003912e-31
 1  17 5.6842797277515e-31 5.5049303228669e-31 4.9563017186602e-31 4.5079841599797e-31 4.1347379023225e-31 3.8191454107933e-31 3.6238899216500e-31 3.6238899216500e-31 3.6238899216500e-31
 1  18 9.3515117718085e-31 8.7235363585257e-31 7.8527400175891e-31 7.1413548165562e-31 6.5492065902956e-31 6.0485941091335e-31 5.8760423529808e-31 5.8760423529808e-31 5.8760423529808e-31
 1  19 1.5408978042104e-30 1.3785333522997e-30 1.2414001813328e-30 1.1292338521005e-30 1.0357824273683e-30 9.5672121639979e-31 9.5343058453387e-31 9.5343058453387e-31 9.5343058453387e-31
 1  20 2.4609000565538e-30 2.1874778136034e-30 1.9690719036161e-30 1.7905733685624e-30 1.6419478125054e-30 1.5479648762476e-30 1.5479648762476e-30 1.5479648762476e-30 1.5479648762476e-30
 1  21 3.9010790597575e-30 3.4667743341344e-30 3.1200247535796e-30 2.8367268534496e-30 2.6008946628893e-30 2.5149440205899e-30 2.5149440205899e-30 2.5149440205899e-30 2.5149440205899e-30
 1  22 6.1827354118787e-30 5.4931941872683e-30 4.9428683572981e-30 4.4933619506510e-30 4.1192395265244e-30 3.9821121860094e-30 3.9821121860094e-30 3.9821121860094e-30 3.9821121860094e-30
 1  23 9.4605568344009e-30 8.6894031999225e-30 7.8194779473196e-30 7.1086405266542e-30 6.5168278335011e-30 6.0164072870566e-30 5.8992182115226e-30 5.8992182115226e-30 5.8992182115226e-30
 1  24 1.1320230274803e-29 1.0934282941744e-29 9.8393534002246e-30 8.9445881652374e-30 8.1996068654603e-30 7.5696494746625e-30 7.1913554561837e-30 7.1913554561837e-30 7.1913554561837e-30
 1  25 1.3577977636066e-29 1.3577977636066e-29 1.2363596051327e-29 1.1241446950699e-29 1.0306594537162e-29 9.5157136624488e-30 8.8378939032675e-30 8.7749182510352e-30 8.7749182510352e-30
 1  26 1.6321344471224e-29 1.6321344471224e-29 1.5578049864781e-29 1.4160466119949e-29 1.2980152430367e-29 1.1982037732056e-29 1.1126896248725e-29 1.0716746897577e-29 1.0716746897577e-29
 1  27 1.9657870645863e-29 1.9657870645863e-29 1.9558272984349e-29 1.7784963960257e-29 1.6306884950313e-29 1.5055931761490e-29 1.3983458111732e-29 1.3099365989292e-29 1.3099365989292e-29
 1  28 2.3719319860836e-29 2.3719319860836e-29 2.3719319860836e-29 2.2408458213680e-29 2.0541168322201e-29 1.8961659008029e-29 1.7608059771702e-29 1.6435076652971e-29 1.6024445819336e-29
 1  29 2.8667545463108e-29 2.8667545463108e-29 2.8667545463108e-29 2.8169656461297e-29 2.5826040460221e-29 2.3842570349480e-29 2.2142073514349e-29 2.0667975762711e-29 1.9617511881099e-29
 1  30 3.4701186061585e-29 3.4701186061585e-29 3.4701186061585e-29 3.4701186061585e-29 3.2493561779441e-29 2.9997851479538e-29 2.7857965764657e-29 2.6002786662336e-29 2.4378980959444e-29
 1  31 4.2028570100204e-29 4.2028570100204e-29 4.2028570100204e-29 4.2028570100204e-29 4.0845808373107e-29 3.7708790485113e-29 3.5018561260827e-29 3.2685905004840e-29 3.0643901670117e-29
