-----------------------------------------------------------------------------------------------
Content :
Spectral range definition: line 1 (3 values)  ==> max, min and step of the wavenumber (in cm-1)
Temperatures definition :  line 2 (1 value)   ==> NT = number of T values
Temperatures definition :  line 3 (NT values) ==> list of T values (in K)
Pressures definition :     line 4 (1 value)   ==> NP = number of P values
Pressures definition :     line 5 (NP values) ==> list of P values (in mbar)
For each spectral range: 
    First line of the block (6 values): 
    --> min, mean and max wavelengths (in microns), min and max wavenumbers (in cm-1)
        of the spectral range, nmaxai (number of exponentials for the CKD expansion) 
    If nmaxai not null, second line of the block (nmaxnai values): 
    --> coefs kdis_ai for nai = 1 to nmaxai 
    If nmaxai not null, following lines of the block : 
    --> for nai = 1 to nmaxai 
    -->     for pressure index ip = 1 to NP 
    -->         line : nai, ip, kdis_ki(T,P,nai) for temperature index it = 1 to IT 
-----------------------------------------------------------------------------------------------
25500 25000 10
9
  160.00  180.00  200.00  220.00  240.00  260.00  280.00  300.00  320.00
31
    0.007    0.011    0.017    0.028    0.044    0.069    0.110    0.174    0.276    0.438    0.694    1.100    1.743    2.763    4.379    6.941   11.000   17.434   27.631   43.792   69.405  110.000  174.338  219.479  276.308  347.851  437.918  551.306  694.053  873.761 1098.900
0.39215686 0.39223378 0.39231071 25500.0 25490.0  0
0.39231071 0.39238770 0.39246468 25490.0 25480.0  0
0.39246468 0.39254172 0.39261877 25480.0 25470.0  0
0.39261877 0.39269588 0.39277298 25470.0 25460.0  0
0.39277298 0.39285014 0.39292731 25460.0 25450.0  0
0.39292731 0.39300454 0.39308176 25450.0 25440.0  0
0.39308176 0.39315905 0.39323634 25440.0 25430.0  0
0.39323634 0.39331368 0.39339103 25430.0 25420.0  0
0.39339103 0.39346844 0.39354585 25420.0 25410.0  0
0.39354585 0.39362332 0.39370079 25410.0 25400.0  0
0.39370079 0.39377832 0.39385585 25400.0 25390.0  0
0.39385585 0.39393344 0.39401103 25390.0 25380.0  0
0.39401103 0.39408868 0.39416634 25380.0 25370.0  0
0.39416634 0.39424406 0.39432177 25370.0 25360.0  0
0.39432177 0.39439954 0.39447732 25360.0 25350.0  0
0.39447732 0.39455516 0.39463299 25350.0 25340.0  0
0.39463299 0.39471089 0.39478879 25340.0 25330.0  0
0.39478879 0.39486675 0.39494471 25330.0 25320.0  0
0.39494471 0.39502273 0.39510075 25320.0 25310.0  0
0.39510075 0.39517884 0.39525692 25310.0 25300.0  0
0.39525692 0.39533507 0.39541321 25300.0 25290.0  0
0.39541321 0.39549142 0.39556962 25290.0 25280.0  0
0.39556962 0.39564789 0.39572616 25280.0 25270.0  0
0.39572616 0.39580449 0.39588282 25270.0 25260.0  0
0.39588282 0.39596121 0.39603960 25260.0 25250.0  0
0.39603960 0.39611806 0.39619651 25250.0 25240.0  0
0.39619651 0.39627503 0.39635355 25240.0 25230.0  0
0.39635355 0.39643213 0.39651071 25230.0 25220.0  0
0.39651071 0.39658935 0.39666799 25220.0 25210.0  0
0.39666799 0.39674670 0.39682540 25210.0 25200.0  0
0.39682540 0.39690416 0.39698293 25200.0 25190.0  0
0.39698293 0.39706176 0.39714059 25190.0 25180.0  0
0.39714059 0.39721948 0.39729837 25180.0 25170.0  0
0.39729837 0.39737732 0.39745628 25170.0 25160.0  0
0.39745628 0.39753530 0.39761431 25160.0 25150.0  0
0.39761431 0.39769339 0.39777247 25150.0 25140.0  0
0.39777247 0.39785162 0.39793076 25140.0 25130.0  0
0.39793076 0.39800996 0.39808917 25130.0 25120.0  0
0.39808917 0.39816844 0.39824771 25120.0 25110.0  0
0.39824771 0.39832704 0.39840637 25110.0 25100.0  0
0.39840637 0.39848577 0.39856517 25100.0 25090.0  0
0.39856517 0.39864462 0.39872408 25090.0 25080.0  0
0.39872408 0.39880360 0.39888313 25080.0 25070.0  0
0.39888313 0.39896272 0.39904230 25070.0 25060.0  0
0.39904230 0.39912195 0.39920160 25060.0 25050.0  0
0.39920160 0.39928131 0.39936102 25050.0 25040.0  0
0.39936102 0.39944080 0.39952058 25040.0 25030.0  0
0.39952058 0.39960042 0.39968026 25030.0 25020.0  0
0.39968026 0.39976016 0.39984006 25020.0 25010.0  1
1.0000000000000 
 1   1 1.9319261135201e-36 1.7206433084814e-36 1.5518367521763e-36 1.4138830662070e-36 1.3060963542115e-36 1.3060481943859e-36 1.3060481943859e-36 1.3060481943859e-36 1.3060481943859e-36
 1   2 3.2366290613802e-36 2.8811571733591e-36 2.5976471855217e-36 2.3658447074440e-36 2.1724117095061e-36 2.1266105494593e-36 2.1266105494593e-36 2.1266105494593e-36 2.1266105494593e-36
 1   3 4.9669845116789e-36 4.4203990100965e-36 3.9844250588476e-36 3.6284735455984e-36 3.3315790722946e-36 3.1778227753873e-36 3.1778227753873e-36 3.1778227753873e-36 3.1778227753873e-36
 1   4 7.8118071144761e-36 6.9553047944882e-36 6.2708505368338e-36 5.7120598825726e-36 5.2457870335072e-36 4.8856552115209e-36 4.8856552115209e-36 4.8856552115209e-36 4.8856552115209e-36
 1   5 1.2032249398450e-35 1.1033871281405e-35 9.9443851775237e-36 9.0555029530271e-36 8.3148661782037e-36 7.6869739766048e-36 7.5521716651467e-36 7.5521716651467e-36 7.5521716651467e-36
 1   6 1.8501665497133e-35 1.7638929842843e-35 1.5894853236714e-35 1.4470788896385e-35 1.3284483785749e-35 1.2280429087098e-35 1.1776974700258e-35 1.1776974700258e-35 1.1776974700258e-35
 1   7 2.8053043538707e-35 2.7697898455909e-35 2.4965763746616e-35 2.2733521211363e-35 2.0870615212924e-35 1.9295748378326e-35 1.8093859931936e-35 1.8093859931936e-35 1.8093859931936e-35
 1   8 4.2816802017132e-35 4.2816802017132e-35 3.9498435418115e-35 3.5958573081802e-35 3.3009000616199e-35 3.0514200397431e-35 2.8371729929531e-35 2.7960444659988e-35 2.7960444659988e-35
 1   9 6.5649011948554e-35 6.5649011948554e-35 6.2715608269994e-35 5.7079175994705e-35 5.2391415874165e-35 4.8425367959056e-35 4.5022024827500e-35 4.3376157674934e-35 4.3376157674934e-35
 1  10 1.0045904439766e-34 1.0045904439766e-34 9.9071398571272e-35 9.0175041510833e-35 8.2777164241204e-35 7.6511285735529e-35 7.1140068633425e-35 6.7102239798632e-35 6.7102239798632e-35
 1  11 1.5396794902738e-34 1.5396794902738e-34 1.5396794902738e-34 1.4272474734206e-34 1.3099588511475e-34 1.2106804324090e-34 1.1256037991795e-34 1.0516986096745e-34 1.0392276936794e-34
 1  12 2.4044736946070e-34 2.4044736946070e-34 2.4044736946070e-34 2.2611829995404e-34 2.0749325777261e-34 1.9174126612961e-34 1.7824126452339e-34 1.6652181543443e-34 1.6297207504256e-34
 1  13 3.9313747347679e-34 3.9313747347679e-34 3.9285237017897e-34 3.5754166782397e-34 3.2817795669367e-34 3.0329168517856e-34 2.8196325853785e-34 2.6354904769672e-34 2.6354904769672e-34
 1  14 6.4338837398785e-34 6.4338837398785e-34 6.2350369318224e-34 5.6724352336143e-34 5.2045003199107e-34 4.8084165800462e-34 4.4688125886738e-34 4.2634330625985e-34 4.2634330625985e-34
 1  15 1.0543731577880e-33 1.0543731577880e-33 9.8788820749594e-34 8.9868848191317e-34 8.2442166718318e-34 7.6160012666837e-34 7.0768460889997e-34 6.9019609986011e-34 6.9019609986011e-34
 1  16 1.7299544649540e-33 1.7299544649540e-33 1.5615246752514e-33 1.4210312434801e-33 1.3037947837687e-33 1.2046098765242e-33 1.1193418122030e-33 1.1179015561167e-33 1.1179015561167e-33
 1  17 2.8422424845326e-33 2.7525258169420e-33 2.4782131899180e-33 2.2542592918963e-33 2.0676049316522e-33 1.9096590821909e-33 1.8117240560491e-33 1.8117240560491e-33 1.8117240560491e-33
 1  18 4.6759244077131e-33 4.3617955829749e-33 3.9266378598761e-33 3.5710934304226e-33 3.2749772199008e-33 3.0242034999101e-33 2.9376630547896e-33 2.9376630547896e-33 2.9376630547896e-33
 1  19 7.7047667022051e-33 6.8925919412831e-33 6.2077092595597e-33 5.6468151505671e-33 5.1795032488695e-33 4.7830736565264e-33 4.7665715525508e-33 4.7665715525508e-33 4.7665715525508e-33
 1  20 1.2304789072344e-32 1.0937628163568e-32 9.8465291643469e-33 8.9538881416912e-33 8.2101587433977e-33 7.7388802829500e-33 7.7388802829500e-33 7.7388802829500e-33 7.7388802829500e-33
 1  21 1.9506976103591e-32 1.7335911506019e-32 1.5601945666593e-32 1.4185253099293e-32 1.3004153109785e-32 1.2573187493415e-32 1.2573187493415e-32 1.2573187493415e-32 1.2573187493415e-32
 1  22 3.0916177335878e-32 2.7469201782565e-32 2.4717225509232e-32 2.2469374681928e-32 2.0598211019346e-32 1.9912274800811e-32 1.9912274800811e-32 1.9912274800811e-32 1.9912274800811e-32
 1  23 4.7305125286554e-32 4.3451231792552e-32 3.9102031998888e-32 3.5547816095950e-32 3.2588485557868e-32 3.0084997035355e-32 2.9498634004542e-32 2.9498634004542e-32 2.9498634004542e-32
 1  24 5.6603961510810e-32 5.4670214528989e-32 4.9192316814609e-32 4.4728424037136e-32 4.1003499905835e-32 3.7852734235250e-32 3.5959873885687e-32 3.5959873885687e-32 3.5959873885687e-32
 1  25 6.7899139791067e-32 6.7899139791067e-32 6.1808674338058e-32 5.6212110468963e-32 5.1539755523315e-32 4.7584916451936e-32 4.4201020864224e-32 4.3886693674814e-32 4.3886693674814e-32
 1  26 8.1617840651887e-32 8.1617840651887e-32 7.7889501709497e-32 7.0799101986961e-32 6.4910933234257e-32 5.9922323288463e-32 5.5647638081698e-32 5.3598510451873e-32 5.3598510451873e-32
 1  27 9.8325094840350e-32 9.8325094840350e-32 9.7823464381080e-32 8.8896219553534e-32 8.1527527420913e-32 7.5294897681116e-32 6.9931728215376e-32 6.5514890476766e-32 6.5514890476766e-32
 1  28 1.1863971784756e-31 1.1863971784756e-31 1.1863971784756e-31 1.1203544969128e-31 1.0268621414673e-31 9.4816361752580e-32 8.8058139101172e-32 8.2195737184638e-32 8.0144334973244e-32
 1  29 1.4338985719861e-31 1.4338985719861e-31 1.4338985719861e-31 1.4088069397712e-31 1.2909291891168e-31 1.1920788128709e-31 1.1073277860664e-31 1.0336227621272e-31 9.8114610821892e-32
 1  30 1.7348411125198e-31 1.7348411125198e-31 1.7348411125198e-31 1.7348411125198e-31 1.6255988960149e-31 1.5004327277370e-31 1.3933790466144e-31 1.3006933153925e-31 1.2193024391899e-31
 1  31 2.1011641786485e-31 2.1011641786485e-31 2.1011641786485e-31 2.1011641786485e-31 2.0426593546103e-31 1.8865578190514e-31 1.7514233411291e-31 1.6349488956307e-31 1.5327668157462e-31
0.39984006 0.39992003 0.40000000 25010.0 25000.0  1
1.0000000000000 
 1   1 2.1927646365478e-34 1.9530133801479e-34 1.7613393835193e-34 1.6046027090771e-34 1.4825971861325e-34 1.4825427736011e-34 1.4825427736011e-34 1.4825427736011e-34 1.4825427736011e-34
 1   2 3.6736455320515e-34 3.2702296461737e-34 2.9481113628585e-34 2.6849266724928e-34 2.4658450608020e-34 2.4140108108830e-34 2.4140108108830e-34 2.4140108108830e-34 2.4140108108830e-34
 1   3 5.6374312158987e-34 5.0172803448457e-34 4.5222383477412e-34 4.1178471688942e-34 3.7812730601288e-34 3.6072762485668e-34 3.6072762485668e-34 3.6072762485668e-34 3.6072762485668e-34
 1   4 8.8661303252336e-34 7.8943932264470e-34 7.1176228860038e-34 6.4824417584721e-34 5.9534132809494e-34 5.5459070420727e-34 5.5459070420727e-34 5.5459070420727e-34 5.5459070420727e-34
 1   5 1.3656115521201e-33 1.2523439470462e-33 1.1287294202912e-33 1.0277202927510e-33 9.4362827379358e-34 8.7253024285852e-34 8.5727774447912e-34 8.5727774447912e-34 8.5727774447912e-34
 1   6 2.0998656394265e-33 2.0019877349633e-33 1.8039845277749e-33 1.6422410968766e-33 1.5076157696387e-33 1.3938129472933e-33 1.3368532664982e-33 1.3368532664982e-33 1.3368532664982e-33
 1   7 3.1839079991228e-33 3.1436175629063e-33 2.8336027847250e-33 2.5799463485100e-33 2.3685421383802e-33 2.1898785683277e-33 2.0539080347422e-33 2.0539080347422e-33 2.0539080347422e-33
 1   8 4.8595362579696e-33 4.8595362579696e-33 4.4830794166729e-33 4.0809229627894e-33 3.7460874377195e-33 3.4629633785103e-33 3.2204302412608e-33 3.1739052768812e-33 3.1739052768812e-33
 1   9 7.4508995953619e-33 7.4508995953619e-33 7.1181208180639e-33 6.4781736119526e-33 5.9457264662499e-33 5.4956476790773e-33 5.1099745947283e-33 4.9238075136267e-33 4.9238075136267e-33
 1  10 1.1401700843645e-32 1.1401700843645e-32 1.1244282313603e-32 1.0234794213739e-32 9.3940880008711e-33 8.6830344067946e-33 8.0737470320886e-33 7.6170527831147e-33 7.6170527831147e-33
 1  11 1.7474747674426e-32 1.7474747674426e-32 1.7474747674426e-32 1.6199303977690e-32 1.4866612236700e-32 1.3739633476472e-32 1.2774133844584e-32 1.1937743165351e-32 1.1796703679720e-32
 1  12 2.7289818405893e-32 2.7289818405893e-32 2.7289818405893e-32 2.5664318368953e-32 2.3548697431806e-32 2.1760099023057e-32 2.0228058133848e-32 1.8901079295403e-32 1.8499633280918e-32
 1  13 4.4619535056683e-32 4.4619535056683e-32 4.4587191329620e-32 4.0581406333078e-32 3.7243731183240e-32 3.4419650086427e-32 3.1999213178536e-32 2.9916539878674e-32 2.9916539878674e-32
 1  14 7.3022014701612e-32 7.3022014701612e-32 7.0766211655025e-32 6.4380226922220e-32 5.9064088985456e-32 5.4569257196669e-32 5.0719060632401e-32 4.8396001676532e-32 4.8396001676532e-32
 1  15 1.1966713517501e-31 1.1966713517501e-31 1.1212469322239e-31 1.0199377744444e-31 9.3560933785902e-32 8.6431678097600e-32 8.0325319960968e-32 7.8347015865780e-32 7.8347015865780e-32
 1  16 1.9634293896728e-31 1.9634293896728e-31 1.7723491389142e-31 1.6126808008465e-31 1.4796370571766e-31 1.3670750095261e-31 1.2706055970877e-31 1.2689762443680e-31 1.2689762443680e-31
 1  17 3.2258313292356e-31 3.1240483296832e-31 2.8126981972662e-31 2.5582810178415e-31 2.3464621079984e-31 2.1673654343992e-31 2.0565628666930e-31 2.0565628666930e-31 2.0565628666930e-31
 1  18 5.3069883589342e-31 4.9506043326406e-31 4.4564283883459e-31 4.0527175488950e-31 3.7166721609582e-31 3.4325819776356e-31 3.3346630631132e-31 3.3346630631132e-31 3.3346630631132e-31
 1  19 8.7446030980834e-31 7.8231645797224e-31 7.0449478228679e-31 6.4083978835925e-31 5.8780604416823e-31 5.4294066916175e-31 5.4107332585581e-31 5.4107332585581e-31 5.4107332585581e-31
 1  20 1.3965611098221e-30 1.2413922820107e-30 1.1174484397787e-30 1.0161496028395e-30 9.3180543813976e-31 8.7847231904747e-31 8.7847231904747e-31 8.7847231904747e-31 8.7847231904747e-31
 1  21 2.2138621134460e-30 1.9673942380786e-30 1.7706136625645e-30 1.6098412061630e-30 1.4760095756496e-30 1.4272344594125e-30 1.4272344594125e-30 1.4272344594125e-30 1.4272344594125e-30
 1  22 3.5087020547186e-30 3.1173871323355e-30 2.8050767150734e-30 2.5499808992501e-30 2.3376715731639e-30 2.2598553517722e-30 2.2598553517722e-30 2.2598553517722e-30 2.2598553517722e-30
 1  23 5.3688637484541e-30 4.9312330320950e-30 4.4375539927722e-30 4.0341664612876e-30 3.6983049676870e-30 3.4143190742233e-30 3.3478165627803e-30 3.3478165627803e-30 3.3478165627803e-30
 1  24 6.4242282189953e-30 6.2052071022845e-30 5.5838370268580e-30 5.0760561930655e-30 4.6532904961481e-30 4.2957810985828e-30 4.0811064897837e-30 4.0811064897837e-30 4.0811064897837e-30
 1  25 7.7054689131430e-30 7.7054689131430e-30 7.0163478572333e-30 6.3795150469973e-30 5.8490135060758e-30 5.4001717709544e-30 5.0154800539416e-30 4.9797386309873e-30 4.9797386309873e-30
 1  26 9.2623222193946e-30 9.2623222193946e-30 8.8405285152461e-30 8.0360668251592e-30 7.3662381706143e-30 6.7998342110322e-30 6.3145194252726e-30 6.0817188816629e-30 6.0817188816629e-30
 1  27 1.1155879237439e-29 1.1155879237439e-29 1.1099350936622e-29 1.0092894554239e-29 9.2541520634587e-30 8.5442603044886e-30 7.9356596712148e-30 7.4338480917753e-30 7.4338480917753e-30
 1  28 1.3460757715560e-29 1.3460757715560e-29 1.3460757715560e-29 1.2716757436348e-29 1.1657073165127e-29 1.0760751387540e-29 9.9926220649277e-30 9.3268965439440e-30 9.0938214048540e-30
 1  29 1.6268888458996e-29 1.6268888458996e-29 1.6268888458996e-29 1.5986301874008e-29 1.4656185441307e-29 1.3530655430846e-29 1.2565662965996e-29 1.1729124762222e-29 1.1132874907033e-29
 1  30 1.9692729977857e-29 1.9692729977857e-29 1.9692729977857e-29 1.9692729977857e-29 1.8440053984513e-29 1.7023404616631e-29 1.5809382639124e-29 1.4756538428471e-29 1.3834889167483e-29
 1  31 2.3850978237393e-29 2.3850978237393e-29 2.3850978237393e-29 2.3850978237393e-29 2.3179844313921e-29 2.1399528215025e-29 1.9872708131160e-29 1.8549306874507e-29 1.7390255150585e-29
