-----------------------------------------------------------------------------------------------
Content :
Spectral range definition: line 1 (3 values)  ==> max, min and step of the wavenumber (in cm-1)
Temperatures definition :  line 2 (1 value)   ==> NT = number of T values
Temperatures definition :  line 3 (NT values) ==> list of T values (in K)
Pressures definition :     line 4 (1 value)   ==> NP = number of P values
Pressures definition :     line 5 (NP values) ==> list of P values (in mbar)
For each spectral range: 
    First line of the block (6 values): 
    --> min, mean and max wavelengths (in microns), min and max wavenumbers (in cm-1)
        of the spectral range, nmaxai (number of exponentials for the CKD expansion) 
    If nmaxai not null, second line of the block (nmaxnai values): 
    --> coefs kdis_ai for nai = 1 to nmaxai 
    If nmaxai not null, following lines of the block : 
    --> for nai = 1 to nmaxai 
    -->     for pressure index ip = 1 to NP 
    -->         line : nai, ip, kdis_ki(T,P,nai) for temperature index it = 1 to IT 
-----------------------------------------------------------------------------------------------
12000 11500 10
9
  160.00  180.00  200.00  220.00  240.00  260.00  280.00  300.00  320.00
31
    0.007    0.011    0.017    0.028    0.044    0.069    0.110    0.174    0.276    0.438    0.694    1.100    1.743    2.763    4.379    6.941   11.000   17.434   27.631   43.792   69.405  110.000  174.338  219.479  276.308  347.851  437.918  551.306  694.053  873.761 1098.900
0.83333333 0.83368084 0.83402836 12000.0 11990.0  0
0.83402836 0.83437645 0.83472454 11990.0 11980.0  0
0.83472454 0.83507322 0.83542189 11980.0 11970.0  0
0.83542189 0.83577114 0.83612040 11970.0 11960.0  0
0.83612040 0.83647024 0.83682008 11960.0 11950.0  0
0.83682008 0.83717051 0.83752094 11950.0 11940.0  0
0.83752094 0.83787196 0.83822297 11940.0 11930.0  0
0.83822297 0.83857457 0.83892617 11930.0 11920.0  0
0.83892617 0.83927836 0.83963056 11920.0 11910.0  0
0.83963056 0.83998334 0.84033613 11910.0 11900.0  0
0.84033613 0.84068951 0.84104289 11900.0 11890.0  0
0.84104289 0.84139686 0.84175084 11890.0 11880.0  0
0.84175084 0.84210541 0.84245998 11880.0 11870.0  0
0.84245998 0.84281515 0.84317032 11870.0 11860.0  0
0.84317032 0.84352609 0.84388186 11860.0 11850.0  0
0.84388186 0.84423822 0.84459459 11850.0 11840.0  0
0.84459459 0.84495156 0.84530854 11840.0 11830.0  0
0.84530854 0.84566612 0.84602369 11830.0 11820.0  0
0.84602369 0.84638187 0.84674005 11820.0 11810.0  0
0.84674005 0.84709884 0.84745763 11810.0 11800.0  0
0.84745763 0.84781702 0.84817642 11800.0 11790.0  0
0.84817642 0.84853642 0.84889643 11790.0 11780.0  0
0.84889643 0.84925705 0.84961767 11780.0 11770.0  0
0.84961767 0.84997890 0.85034014 11770.0 11760.0  0
0.85034014 0.85070198 0.85106383 11760.0 11750.0  0
0.85106383 0.85142630 0.85178876 11750.0 11740.0  0
0.85178876 0.85215184 0.85251492 11740.0 11730.0  0
0.85251492 0.85287862 0.85324232 11730.0 11720.0  0
0.85324232 0.85360664 0.85397096 11720.0 11710.0  0
0.85397096 0.85433590 0.85470085 11710.0 11700.0  0
0.85470085 0.85506642 0.85543199 11700.0 11690.0  0
0.85543199 0.85579818 0.85616438 11690.0 11680.0  0
0.85616438 0.85653120 0.85689803 11680.0 11670.0  0
0.85689803 0.85726548 0.85763293 11670.0 11660.0  0
0.85763293 0.85800101 0.85836910 11660.0 11650.0  0
0.85836910 0.85873782 0.85910653 11650.0 11640.0  0
0.85910653 0.85947588 0.85984523 11640.0 11630.0  0
0.85984523 0.86021522 0.86058520 11630.0 11620.0  0
0.86058520 0.86095582 0.86132644 11620.0 11610.0  0
0.86132644 0.86169771 0.86206897 11610.0 11600.0  0
0.86206897 0.86244087 0.86281277 11600.0 11590.0  0
0.86281277 0.86318532 0.86355786 11590.0 11580.0  0
0.86355786 0.86393105 0.86430424 11580.0 11570.0  0
0.86430424 0.86467807 0.86505190 11570.0 11560.0  0
0.86505190 0.86542638 0.86580087 11560.0 11550.0  0
0.86580087 0.86617600 0.86655113 11550.0 11540.0  0
0.86655113 0.86692691 0.86730269 11540.0 11530.0  0
0.86730269 0.86767912 0.86805556 11530.0 11520.0  1
1.0000000000000 
 1   1 4.8297664961930e-35 4.1950193487778e-35 3.6683209673814e-35 3.2257628415368e-35 2.8896090523579e-35 2.8894589587188e-35 2.8894589587188e-35 2.8894589587188e-35 2.8894589587188e-35
 1   2 8.0887023278435e-35 7.0225209160418e-35 6.1415039713123e-35 5.4009046481521e-35 4.7922801076191e-35 4.6494578309801e-35 4.6494578309801e-35 4.6494578309801e-35 4.6494578309801e-35
 1   3 1.2417348350236e-34 1.0777446487117e-34 9.4216606902376e-35 8.2896757016075e-35 7.3448887623178e-35 6.8657278775639e-35 6.8657278775639e-35 6.8657278775639e-35 6.8657278775639e-35
 1   4 1.9526345587263e-34 1.6952823407216e-34 1.4821647557400e-34 1.3050009970930e-34 1.1550196269539e-34 1.0428815984827e-34 1.0428815984827e-34 1.0428815984827e-34 1.0428815984827e-34
 1   5 2.9915943223456e-34 2.6888533287197e-34 2.3507242154156e-34 2.0696619090128e-34 1.8316780267366e-34 1.6346409519267e-34 1.5927426139258e-34 1.5927426139258e-34 1.5927426139258e-34
 1   6 4.5672850361391e-34 4.3006640910959e-34 3.7575041970132e-34 3.3076060043438e-34 2.9286810381701e-34 2.6099661783426e-34 2.4537978508272e-34 2.4537978508272e-34 2.4537978508272e-34
 1   7 6.8632752958446e-34 6.7526089311994e-34 5.8998543604125e-34 5.1933018995092e-34 4.6013803416202e-34 4.0961712367360e-34 3.7242117633572e-34 3.7242117633572e-34 3.7242117633572e-34
 1   8 1.0376140062586e-33 1.0376140062586e-33 9.3356227689520e-34 8.2154960387634e-34 7.2796234562913e-34 6.4794309317305e-34 5.8118263639253e-34 5.6848637904868e-34 5.6848637904868e-34
 1   9 1.5751795115042e-33 1.5751795115042e-33 1.4827322072708e-33 1.3044457137655e-33 1.1555789969610e-33 1.0290927742411e-33 9.2179107850416e-34 8.7112350672838e-34 8.7112350672838e-34
 1  10 2.3856229896526e-33 2.3856229896526e-33 2.3417292959089e-33 2.0601084001008e-33 1.8248692052982e-33 1.6260813556306e-33 1.4549509594925e-33 1.3310487121281e-33 1.3310487121281e-33
 1  11 3.6175225185442e-33 3.6175225185442e-33 3.6175225185442e-33 3.2609686333169e-33 2.8879897859307e-33 2.5736032707903e-33 2.3022124819122e-33 2.0741333334030e-33 2.0359775214593e-33
 1  12 5.6198544529471e-33 5.6198544529471e-33 5.6198544529471e-33 5.1652566246795e-33 4.5734613405977e-33 4.0747420665560e-33 3.6455198552449e-33 3.2821139399782e-33 3.1737374015942e-33
 1  13 9.2880591451109e-33 9.2880591451109e-33 9.2790372259683e-33 8.1616864991576e-33 7.2283777800672e-33 6.4414923107352e-33 5.7600453785941e-33 5.1965236723854e-33 5.1965236723854e-33
 1  14 1.5359976031948e-32 1.5359976031948e-32 1.4733055507295e-32 1.2955665437182e-32 1.1471616308896e-32 1.0214181920298e-32 9.1408747627605e-33 8.5109604009334e-33 8.5109604009334e-33
 1  15 2.5426154397269e-32 2.5426154397269e-32 2.3340216161848e-32 2.0524561890163e-32 1.8173368946375e-32 1.6169721192983e-32 1.4486041532517e-32 1.3948545271236e-32 1.3948545271236e-32
 1  16 4.2120319456136e-32 4.2120319456136e-32 3.6868719097969e-32 3.2430563769306e-32 2.8722446268486e-32 2.5541755450465e-32 2.2914177336176e-32 2.2869831811791e-32 2.2869831811791e-32
 1  17 6.9829771712858e-32 6.7054259103885e-32 5.8528710083374e-32 5.1472211617916e-32 4.5549642023036e-32 4.0535852988247e-32 3.7515384988979e-32 3.7515384988979e-32 3.7515384988979e-32
 1  18 1.1583949046986e-31 1.0621634123169e-31 9.2714043003381e-32 8.1534903647964e-32 7.2101279363971e-32 6.4235082757252e-32 6.1562519943525e-32 6.1562519943525e-32 6.1562519943525e-32
 1  19 1.9229212665963e-31 1.6771540799015e-31 1.4644618953053e-31 1.2882078021452e-31 1.1385754821966e-31 1.0158251899086e-31 1.0107247199204e-31 1.0107247199204e-31 1.0107247199204e-31
 1  20 3.0709047002803e-31 2.6600781233261e-31 2.3224561623659e-31 2.0415116019262e-31 1.8056396091272e-31 1.6599678822948e-31 1.6599678822948e-31 1.6599678822948e-31 1.6599678822948e-31
 1  21 4.8617501252552e-31 4.2118028417646e-31 3.6766747901771e-31 3.2315837283908e-31 2.8611614783619e-31 2.7269599903059e-31 2.7269599903059e-31 2.7269599903059e-31 2.7269599903059e-31
 1  22 7.6911678488709e-31 6.6628924105456e-31 5.8166427426428e-31 5.1149854626596e-31 4.5323761379570e-31 4.3207344926621e-31 4.3207344926621e-31 4.3207344926621e-31 4.3207344926621e-31
 1  23 1.1662304209028e-30 1.0512675435901e-30 9.1757321081684e-31 8.0716899463620e-31 7.1445563929701e-31 6.3716796718525e-31 6.1919221353293e-31 6.1919221353293e-31 6.1919221353293e-31
 1  24 1.3778521298135e-30 1.3213355839401e-30 1.1579860677634e-30 1.0169743296760e-30 8.9776537868910e-31 7.9979902121474e-31 7.4203762682380e-31 7.4203762682380e-31 7.4203762682380e-31
 1  25 1.6346939779258e-30 1.6346939779258e-30 1.4512130395365e-30 1.2765390929026e-30 1.1324849873562e-30 1.0072559066207e-30 8.9975817075216e-31 8.8977295749899e-31 8.8977295749899e-31
 1  26 1.9356513767081e-30 1.9356513767081e-30 1.8227309443398e-30 1.6051238062738e-30 1.4224346808792e-30 1.2670485276722e-30 1.1307256014514e-30 1.0646773010256e-30 1.0646773010256e-30
 1  27 2.3102944037728e-30 2.3102944037728e-30 2.2928995324089e-30 1.9861192048104e-30 1.7792241116645e-30 1.5877785877913e-30 1.4190577207081e-30 1.2777185369144e-30 1.2777185369144e-30
 1  28 2.7383398570767e-30 2.7383398570767e-30 2.7383398570767e-30 2.5098265764633e-30 2.2132181306209e-30 1.9931183802938e-30 1.7959544995818e-30 1.6080907540153e-30 1.5406280047470e-30
 1  29 3.2405159338045e-30 3.2405159338045e-30 3.2405159338045e-30 3.1578164267608e-30 2.7739272432512e-30 2.4778017845277e-30 2.2479954601284e-30 2.0205406886680e-30 1.8496149703409e-30
 1  30 3.7999444158693e-30 3.7999444158693e-30 3.7999444158693e-30 3.7999444158693e-30 3.5157343321229e-30 3.1305964914941e-30 2.7628491964100e-30 2.5136867118323e-30 2.2942301920140e-30
 1  31 4.5588988640144e-30 4.5588988640144e-30 4.5588988640144e-30 4.5588988640144e-30 4.3733336330817e-30 3.8938933098107e-30 3.5100791698605e-30 3.1653185257473e-30 2.8523400515358e-30
0.86805556 0.86843264 0.86880973 11520.0 11510.0  1
1.0000000000000 
 1   1 3.2799117247804e-33 2.8647713847791e-33 2.5173444785020e-33 2.2252947437501e-33 1.9944928564509e-33 1.9943898170242e-33 1.9943898170242e-33 1.9943898170242e-33 1.9943898170242e-33
 1   2 5.4919874835425e-33 4.7961194397686e-33 4.2137189269438e-33 3.7241530804752e-33 3.3099929925599e-33 3.2116415842785e-33 3.2116415842785e-33 3.2116415842785e-33 3.2116415842785e-33
 1   3 8.4278911538967e-33 7.3590280996894e-33 6.4645158369640e-33 5.7126013245689e-33 5.0766353708870e-33 4.7457675065932e-33 4.7457675065932e-33 4.7457675065932e-33 4.7457675065932e-33
 1   4 1.3260754710362e-32 1.1579268081544e-32 1.0172421014117e-32 8.9897517396508e-33 7.9894236795163e-33 7.2130860679310e-33 7.2130860679310e-33 7.2130860679310e-33 7.2130860679310e-33
 1   5 2.0353902150943e-32 1.8366767154444e-32 1.6132676957885e-32 1.4254717468587e-32 1.2666288115368e-32 1.1312924571535e-32 1.1022158697019e-32 1.1022158697019e-32 1.1022158697019e-32
 1   6 3.1106034367215e-32 2.9362740980115e-32 2.5787060550330e-32 2.2781909242453e-32 2.0240308254351e-32 1.8075223984289e-32 1.6988992266364e-32 1.6988992266364e-32 1.6988992266364e-32
 1   7 4.6837049313528e-32 4.6110053077318e-32 4.0498854303555e-32 3.5780032066219e-32 3.1787753499767e-32 2.8388270856963e-32 2.5795603455525e-32 2.5795603455525e-32 2.5795603455525e-32
 1   8 7.0940361143099e-32 7.0940361143099e-32 6.4074557248703e-32 5.6601569379806e-32 5.0282094117370e-32 4.4898535702115e-32 4.0277106110480e-32 3.9390383701881e-32 3.9390383701881e-32
 1   9 1.0787484621126e-31 1.0787484621126e-31 1.0174954498317e-31 8.9867924326226e-32 7.9823818806077e-32 7.1269534826160e-32 6.3924381967914e-32 6.0379102760778e-32 6.0379102760778e-32
 1  10 1.6363023598263e-31 1.6363023598263e-31 1.6071070768326e-31 1.4194811337733e-31 1.2608085569702e-31 1.1256737263997e-31 1.0096672452024e-31 9.2282136991530e-32 9.2282136991530e-32
 1  11 2.4847804123699e-31 2.4847804123699e-31 2.4847804123699e-31 2.2467632599300e-31 1.9953974287412e-31 1.7813188661076e-31 1.5975802828664e-31 1.4386585012609e-31 1.4118708657967e-31
 1  12 3.8626201289630e-31 3.8626201289630e-31 3.8626201289630e-31 3.5586337633573e-31 3.1599474569596e-31 2.8204611619590e-31 2.5291447446642e-31 2.2772247854384e-31 2.2010821388639e-31
 1  13 6.3753791876734e-31 6.3753791876734e-31 6.3693667691678e-31 5.6246835747581e-31 4.9950079264463e-31 4.4587916021888e-31 3.9985728685029e-31 3.6032712805388e-31 3.6032712805388e-31
 1  14 1.0528007643818e-30 1.0528007643818e-30 1.0111722776395e-30 8.9269833976022e-31 7.9255515482723e-31 7.0729603234457e-31 6.3413443944374e-31 5.9001978214948e-31 5.9001978214948e-31
 1  15 1.7400487405731e-30 1.7400487405731e-30 1.6020663924871e-30 1.4142284137568e-30 1.2554680275257e-30 1.1202943586218e-30 1.0043105879753e-30 9.6673388920100e-31 9.6673388920100e-31
 1  16 2.8777235825079e-30 2.8777235825079e-30 2.5317297037615e-30 2.2351216340772e-30 1.9844199101768e-30 1.7709106394573e-30 1.5876939521980e-30 1.5845994868294e-30 1.5845994868294e-30
 1  17 4.7624707876107e-30 4.5803752398435e-30 4.0186909370997e-30 3.5469836739452e-30 3.1483547316718e-30 2.8089646861487e-30 2.5985893774080e-30 2.5985893774080e-30 2.5985893774080e-30
 1  18 7.8859202734518e-30 7.2572884641236e-30 6.3667121267655e-30 5.6188889518458e-30 4.9868841320076e-30 4.4488078935684e-30 4.2630252432006e-30 4.2630252432006e-30 4.2630252432006e-30
 1  19 1.3066360364870e-29 1.1467853557357e-29 1.0061577880101e-29 8.8807360644171e-30 7.8825514006819e-30 7.0325851017605e-30 6.9971983959816e-30 6.9971983959816e-30 6.9971983959816e-30
 1  20 2.0867633008001e-29 1.8194854514570e-29 1.5960584690719e-29 1.4084486679010e-29 1.2498893382237e-29 1.1490143187197e-29 1.1490143187197e-29 1.1490143187197e-29 1.1490143187197e-29
 1  21 3.3061244676877e-29 2.8825282134819e-29 2.5284038634888e-29 2.2309934859963e-29 1.9796584245475e-29 1.8876418552397e-29 1.8876418552397e-29 1.8876418552397e-29 1.8876418552397e-29
 1  22 5.2392817651178e-29 4.5681358045836e-29 4.0068692631281e-29 3.5354283952054e-29 3.1368656191580e-29 2.9900712387968e-29 2.9900712387968e-29 2.9900712387968e-29 2.9900712387968e-29
 1  23 7.9852353649325e-29 7.2212550671805e-29 6.3344720594964e-29 5.5895012921487e-29 4.9596490751815e-29 4.4232155947996e-29 4.2974144526853e-29 4.2974144526853e-29 4.2974144526853e-29
 1  24 9.4728230521240e-29 9.0833241838774e-29 7.9680590790941e-29 7.0309075866863e-29 6.2386173224581e-29 5.5638485071426e-29 5.1578251599731e-29 5.1578251599731e-29 5.1578251599731e-29
 1  25 1.1248850044849e-28 1.1248850044849e-28 1.0004985782854e-28 8.8296382841903e-29 7.8351470425133e-29 6.9887868969495e-29 6.2622833903559e-29 6.1947759346865e-29 6.1947759346865e-29
 1  26 1.3370834842750e-28 1.3370834842750e-28 1.2600678328408e-28 1.1118930421920e-28 9.8659071593328e-29 8.7991977577130e-29 7.8837304309197e-29 7.4446521073735e-29 7.4446521073735e-29
 1  27 1.5904785685405e-28 1.5904785685405e-28 1.5800752968341e-28 1.3947200674970e-28 1.2379751293369e-28 1.1043253412167e-28 9.8964385656293e-29 8.9521496972183e-29 8.9521496972183e-29
 1  28 1.8939398868991e-28 1.8939398868991e-28 1.8939398868991e-28 1.7561873865149e-28 1.5585774649417e-28 1.3901923265683e-28 1.2456882380229e-28 1.1207577366141e-28 1.0770860714189e-28
 1  29 2.2574253397575e-28 2.2574253397575e-28 2.2574253397575e-28 2.2048575634080e-28 1.9570538148829e-28 1.7458588649644e-28 1.5645752922710e-28 1.4077891873583e-28 1.2964803069637e-28
 1  30 2.6919774871933e-28 2.6919774871933e-28 2.6919774871933e-28 2.6919774871933e-28 2.4581667030497e-28 2.1934351136491e-28 1.9660576577435e-28 1.7693353491334e-28 1.5973655736510e-28
 1  31 3.2100131606696e-28 3.2100131606696e-28 3.2100131606696e-28 3.2100131606696e-28 3.0850838629670e-28 2.7529427995828e-28 2.4673035554471e-28 2.2205529294898e-28 2.0049193129026e-28
0.86880973 0.86918748 0.86956522 11510.0 11500.0  1
1.0000000000000 
 1   1 4.7579365179865e-32 4.1593245421643e-32 3.6577487433817e-32 3.2356760356490e-32 2.9016269897682e-32 2.9014777019856e-32 2.9014777019856e-32 2.9014777019856e-32 2.9014777019856e-32
 1   2 7.9666484764691e-32 6.9633023345889e-32 6.1225017882988e-32 5.4150140563355e-32 4.8156632823138e-32 4.6732724189892e-32 4.6732724189892e-32 4.6732724189892e-32 4.6732724189892e-32
 1   3 1.2225264675459e-31 1.0684149263734e-31 9.3928205240873e-32 8.3061847299796e-32 7.3860524209412e-32 6.9068909484401e-32 6.9068909484401e-32 6.9068909484401e-32 6.9068909484401e-32
 1   4 1.9236387883480e-31 1.6811693335051e-31 1.4780642457352e-31 1.3071381982697e-31 1.1624333155409e-31 1.0499733008000e-31 1.0499733008000e-31 1.0499733008000e-31 1.0499733008000e-31
 1   5 2.9532447687290e-31 2.6665960044025e-31 2.3440603379408e-31 2.0726523280704e-31 1.8428886741161e-31 1.6468631186235e-31 1.6047314027496e-31 1.6047314027496e-31 1.6047314027496e-31
 1   6 4.5144747695872e-31 4.2629565943305e-31 3.7467956142912e-31 3.3124880674816e-31 2.9448430404060e-31 2.6313229454174e-31 2.4738887519129e-31 2.4738887519129e-31 2.4738887519129e-31
 1   7 6.7994213774162e-31 6.6944896986957e-31 5.8844565415440e-31 5.2022964810613e-31 4.6249679471803e-31 4.1327992770391e-31 3.7569328424738e-31 3.7569328424738e-31 3.7569328424738e-31
 1   8 1.0301272651058e-30 1.0301272651058e-30 9.3099049141622e-31 8.2296368905023e-31 7.3156735758171e-31 6.5363828873236e-31 5.8664639548126e-31 5.7378817999513e-31 5.7378817999513e-31
 1   9 1.5668528135161e-30 1.5668528135161e-30 1.4783763629953e-30 1.3066470767300e-30 1.1613504266350e-30 1.0375380516911e-30 9.3109243028633e-31 8.7967085308757e-31 8.7967085308757e-31
 1  10 2.3772669248770e-30 2.3772669248770e-30 2.3350815359311e-30 2.0639250818517e-30 1.8343352364921e-30 1.6387581791141e-30 1.4706815769748e-30 1.3446887070299e-30 1.3446887070299e-30
 1  11 3.6108117006412e-30 3.6108117006412e-30 3.6108117006412e-30 3.2667804272629e-30 2.9030679930280e-30 2.5932101271795e-30 2.3270469850234e-30 2.0965054594373e-30 2.0576342122443e-30
 1  12 5.6136611052897e-30 5.6136611052897e-30 5.6136611052897e-30 5.1742105355964e-30 4.5973708192863e-30 4.1059412059533e-30 3.6839609273414e-30 3.3185567216369e-30 3.2080546102867e-30
 1  13 9.2633288187171e-30 9.2633288187171e-30 9.2546403167922e-30 8.1784344254506e-30 7.2672182880830e-30 6.4911738447887e-30 5.8244379629006e-30 5.2508847407164e-30 5.2508847407164e-30
 1  14 1.5293234918661e-29 1.5293234918661e-29 1.4691836210137e-29 1.2979556595791e-29 1.1530730656143e-29 1.0296741449474e-29 9.2365892374619e-30 8.5966659115183e-30 8.5966659115183e-30
 1  15 2.5269741614316e-29 2.5269741614316e-29 2.3277073683457e-29 2.0561974384132e-29 1.8265655009518e-29 1.6309066667828e-29 1.4627978090785e-29 1.4083024175959e-29 1.4083024175959e-29
 1  16 4.1779911479525e-29 4.1779911479525e-29 3.6785234854406e-29 3.2497142805432e-29 2.8871778296648e-29 2.5780925551274e-29 2.3124594198642e-29 2.3079727554101e-29 2.3079727554101e-29
 1  17 6.9122594687561e-29 6.6495078557089e-29 5.8386871361501e-29 5.1569163617805e-29 4.5804641636401e-29 4.0890682540811e-29 3.7841342613535e-29 3.7841342613535e-29 3.7841342613535e-29
 1  18 1.1441835447514e-28 1.0535220778081e-28 9.2495716603831e-29 8.1690370910282e-29 7.2550756007102e-29 6.4758654100698e-29 6.2066601261496e-29 6.2066601261496e-29 6.2066601261496e-29
 1  19 1.8951095282284e-28 1.6647086030515e-28 1.4616780312791e-28 1.2911062401952e-28 1.1467481612136e-28 1.0236369413785e-28 1.0185109584609e-28 1.0185109584609e-28 1.0185109584609e-28
 1  20 3.0259816470574e-28 2.6408447693935e-28 2.3183969114194e-28 2.0474409571798e-28 1.8181257750089e-28 1.6720603591317e-28 1.6720603591317e-28 1.6720603591317e-28 1.6720603591317e-28
 1  21 4.7931750009807e-28 4.1829508388565e-28 3.6721602730897e-28 3.2426249324179e-28 2.8791733037041e-28 2.7460563963254e-28 2.7460563963254e-28 2.7460563963254e-28 2.7460563963254e-28
 1  22 7.5933562880158e-28 6.6271682720602e-28 5.8177066571891e-28 5.1371494594257e-28 4.5611274057013e-28 4.3487950737801e-28 4.3487950737801e-28 4.3487950737801e-28 4.3487950737801e-28
 1  23 1.1570324585978e-27 1.0471437107959e-27 9.1940929612932e-28 8.1189444957690e-28 7.2094168572948e-28 6.4336936831895e-28 6.2516793404528e-28 6.2516793404528e-28 6.2516793404528e-28
 1  24 1.3727519235122e-27 1.3166184804636e-27 1.1558903821407e-27 1.0208478337072e-27 9.0662959539035e-28 8.0913151047868e-28 7.5038414716131e-28 7.5038414716131e-28 7.5038414716131e-28
 1  25 1.6298777266730e-27 1.6298777266730e-27 1.4509152125262e-27 1.2815594295349e-27 1.1381074042957e-27 1.0160150014013e-27 9.1101965640208e-28 9.0126125826336e-28 9.0126125826336e-28
 1  26 1.9373846053245e-27 1.9373846053245e-27 1.8265355888523e-27 1.6133376477176e-27 1.4327281745788e-27 1.2786910457723e-27 1.1462998287967e-27 1.0825895847539e-27 1.0825895847539e-27
 1  27 2.3053242767359e-27 2.3053242767359e-27 2.2902554156650e-27 2.0219063520498e-27 1.7971867276158e-27 1.6040801839574e-27 1.4386750610611e-27 1.3016853011573e-27 1.3016853011573e-27
 1  28 2.7444116521529e-27 2.7444116521529e-27 2.7444116521529e-27 2.5454711778035e-27 2.2607195466309e-27 2.0175448910978e-27 1.8096394054502e-27 1.6290372508452e-27 1.5655191183144e-27
 1  29 3.2703469124821e-27 3.2703469124821e-27 3.2703469124821e-27 3.1949194069542e-27 2.8388078342962e-27 2.5334816861207e-27 2.2724692600356e-27 2.0462050397862e-27 1.8845860062711e-27
 1  30 3.8994503880723e-27 3.8994503880723e-27 3.8994503880723e-27 3.8994503880723e-27 3.5646305487284e-27 3.1826724184378e-27 2.8559819293892e-27 2.5706692748239e-27 2.3221428451613e-27
 1  31 4.6447375134875e-27 4.6447375134875e-27 4.6447375134875e-27 4.6447375134875e-27 4.4655532285076e-27 3.9897572431646e-27 3.5803315000071e-27 3.2245843132946e-27 2.9138048944816e-27
