-----------------------------------------------------------------------------------------------
Content :
Spectral range definition: line 1 (3 values)  ==> max, min and step of the wavenumber (in cm-1)
Temperatures definition :  line 2 (1 value)   ==> NT = number of T values
Temperatures definition :  line 3 (NT values) ==> list of T values (in K)
Pressures definition :     line 4 (1 value)   ==> NP = number of P values
Pressures definition :     line 5 (NP values) ==> list of P values (in mbar)
For each spectral range: 
    First line of the block (6 values): 
    --> min, mean and max wavelengths (in microns), min and max wavenumbers (in cm-1)
        of the spectral range, nmaxai (number of exponentials for the CKD expansion) 
    If nmaxai not null, second line of the block (nmaxnai values): 
    --> coefs kdis_ai for nai = 1 to nmaxai 
    If nmaxai not null, following lines of the block : 
    --> for nai = 1 to nmaxai 
    -->     for pressure index ip = 1 to NP 
    -->         line : nai, ip, kdis_ki(T,P,nai) for temperature index it = 1 to IT 
-----------------------------------------------------------------------------------------------
12000 11500 10
9
  160.00  180.00  200.00  220.00  240.00  260.00  280.00  300.00  320.00
31
    0.007    0.011    0.017    0.028    0.044    0.069    0.110    0.174    0.276    0.438    0.694    1.100    1.743    2.763    4.379    6.941   11.000   17.434   27.631   43.792   69.405  110.000  174.338  219.479  276.308  347.851  437.918  551.306  694.053  873.761 1098.900
0.83333333 0.83368084 0.83402836 12000.0 11990.0  0
0.83402836 0.83437645 0.83472454 11990.0 11980.0  0
0.83472454 0.83507322 0.83542189 11980.0 11970.0  0
0.83542189 0.83577114 0.83612040 11970.0 11960.0  0
0.83612040 0.83647024 0.83682008 11960.0 11950.0  0
0.83682008 0.83717051 0.83752094 11950.0 11940.0  0
0.83752094 0.83787196 0.83822297 11940.0 11930.0  0
0.83822297 0.83857457 0.83892617 11930.0 11920.0  0
0.83892617 0.83927836 0.83963056 11920.0 11910.0  0
0.83963056 0.83998334 0.84033613 11910.0 11900.0  0
0.84033613 0.84068951 0.84104289 11900.0 11890.0  0
0.84104289 0.84139686 0.84175084 11890.0 11880.0  0
0.84175084 0.84210541 0.84245998 11880.0 11870.0  0
0.84245998 0.84281515 0.84317032 11870.0 11860.0  0
0.84317032 0.84352609 0.84388186 11860.0 11850.0  0
0.84388186 0.84423822 0.84459459 11850.0 11840.0  0
0.84459459 0.84495156 0.84530854 11840.0 11830.0  0
0.84530854 0.84566612 0.84602369 11830.0 11820.0  0
0.84602369 0.84638187 0.84674005 11820.0 11810.0  0
0.84674005 0.84709884 0.84745763 11810.0 11800.0  0
0.84745763 0.84781702 0.84817642 11800.0 11790.0  0
0.84817642 0.84853642 0.84889643 11790.0 11780.0  0
0.84889643 0.84925705 0.84961767 11780.0 11770.0  0
0.84961767 0.84997890 0.85034014 11770.0 11760.0  0
0.85034014 0.85070198 0.85106383 11760.0 11750.0  0
0.85106383 0.85142630 0.85178876 11750.0 11740.0  0
0.85178876 0.85215184 0.85251492 11740.0 11730.0  0
0.85251492 0.85287862 0.85324232 11730.0 11720.0  0
0.85324232 0.85360664 0.85397096 11720.0 11710.0  0
0.85397096 0.85433590 0.85470085 11710.0 11700.0  0
0.85470085 0.85506642 0.85543199 11700.0 11690.0  0
0.85543199 0.85579818 0.85616438 11690.0 11680.0  0
0.85616438 0.85653120 0.85689803 11680.0 11670.0  0
0.85689803 0.85726548 0.85763293 11670.0 11660.0  0
0.85763293 0.85800101 0.85836910 11660.0 11650.0  0
0.85836910 0.85873782 0.85910653 11650.0 11640.0  0
0.85910653 0.85947588 0.85984523 11640.0 11630.0  0
0.85984523 0.86021522 0.86058520 11630.0 11620.0  0
0.86058520 0.86095582 0.86132644 11620.0 11610.0  0
0.86132644 0.86169771 0.86206897 11610.0 11600.0  0
0.86206897 0.86244087 0.86281277 11600.0 11590.0  0
0.86281277 0.86318532 0.86355786 11590.0 11580.0  0
0.86355786 0.86393105 0.86430424 11580.0 11570.0  0
0.86430424 0.86467807 0.86505190 11570.0 11560.0  0
0.86505190 0.86542638 0.86580087 11560.0 11550.0  0
0.86580087 0.86617600 0.86655113 11550.0 11540.0  0
0.86655113 0.86692691 0.86730269 11540.0 11530.0  0
0.86730269 0.86767912 0.86805556 11530.0 11520.0  1
1.0000000000000 
 1   1 9.6648006190484e-36 9.2886510363631e-36 8.8627072432101e-36 8.4093814054410e-36 7.9804888319035e-36 7.9802915290798e-36 7.9802915290798e-36 7.9802915290798e-36 7.9802915290798e-36
 1   2 1.6145340292203e-35 1.5519314934050e-35 1.4809024768453e-35 1.4052208444615e-35 1.3276188457573e-35 1.3082886217597e-35 1.3082886217597e-35 1.3082886217597e-35 1.3082886217597e-35
 1   3 2.4738757879551e-35 2.3781258037733e-35 2.2693875540686e-35 2.1534471055776e-35 2.0344879956294e-35 1.9659741237207e-35 1.9659741237207e-35 1.9659741237207e-35 1.9659741237207e-35
 1   4 3.8995759480598e-35 3.7479561178748e-35 3.5759941513190e-35 3.3928078782311e-35 3.2049474653748e-35 3.0361988802267e-35 3.0361988802267e-35 3.0361988802267e-35 3.0361988802267e-35
 1   5 6.1218930750796e-35 5.9288347731408e-35 5.6579923799279e-35 5.3688695572330e-35 5.0719326817587e-35 4.7749421399163e-35 4.7087720820611e-35 4.7087720820611e-35 4.7087720820611e-35
 1   6 9.6358738726883e-35 9.4498742765728e-35 9.0206919907436e-35 8.5613073061155e-35 8.0886948662095e-35 7.6154803298318e-35 7.3577572112169e-35 7.3577572112169e-35 7.3577572112169e-35
 1   7 1.4906340547844e-34 1.4822249079900e-34 1.4152993309874e-34 1.3433845610672e-34 1.2692256760041e-34 1.1949957332258e-34 1.1310693887333e-34 1.1310693887333e-34 1.1310693887333e-34
 1   8 2.3127291155902e-34 2.3127291155902e-34 2.2274701889008e-34 2.1153952973333e-34 1.9994029330884e-34 1.8830180868919e-34 1.7683840844295e-34 1.7457622466609e-34 1.7457622466609e-34
 1   9 3.5890260100041e-34 3.5890260100041e-34 3.5085448250023e-34 3.3348928557284e-34 3.1539773874747e-34 2.9717746151535e-34 2.7920153557964e-34 2.6989017391206e-34 2.6989017391206e-34
 1  10 5.5285257968924e-34 5.5285257968924e-34 5.4885617440293e-34 5.2231539458903e-34 4.9437517956693e-34 4.6607395920944e-34 4.3811886683696e-34 4.1478291625024e-34 4.1478291625024e-34
 1  11 8.4670720336485e-34 8.4670720336485e-34 8.4670720336485e-34 8.1344245811101e-34 7.7106028479860e-34 7.2790256072114e-34 6.8491399762759e-34 6.4275144890425e-34 6.3548276121884e-34
 1  12 1.2961538868174e-33 1.2961538868174e-33 1.2961538868174e-33 1.2558788789643e-33 1.1933090595445e-33 1.1287785522817e-33 1.0638688562552e-33 9.9975399644802e-34 9.7956726869555e-34
 1  13 1.9841020374026e-33 1.9841020374026e-33 1.9835080454134e-33 1.9097235507092e-33 1.8217872060471e-33 1.7285260556468e-33 1.6339022501544e-33 1.5390286521125e-33 1.5390286521125e-33
 1  14 2.9175281222570e-33 2.9175281222570e-33 2.8963018166880e-33 2.8202587197913e-33 2.7120557504951e-33 2.5880967487940e-33 2.4594488103301e-33 2.3693341276991e-33 2.3693341276991e-33
 1  15 3.9637772365483e-33 3.9637772365483e-33 3.9894441556985e-33 3.9666762994910e-33 3.8658192515325e-33 3.7329615739247e-33 3.5782970067412e-33 3.5222850682665e-33 3.5222850682665e-33
 1  16 4.4628517302892e-33 4.4628517302892e-33 4.8795270087732e-33 5.0748104159074e-33 5.0848513417153e-33 5.0129775763442e-33 4.8930712750886e-33 4.8910266496021e-33 4.8910266496021e-33
 1  17 2.2710308412177e-33 2.7564602332684e-33 4.1611882884575e-33 5.0371181895483e-33 5.4921546241455e-33 5.7133922118618e-33 5.8379681644261e-33 5.8379681644261e-33 5.8379681644261e-33
 1  18 0.0000000000000e+00 0.0000000000000e+00 0.0000000000000e+00 1.0944773516182e-33 2.5577840555641e-33 3.7725022651505e-33 4.1980929336015e-33 4.1980929336015e-33 4.1980929336015e-33
 1  19 0.0000000000000e+00 0.0000000000000e+00 0.0000000000000e+00 0.0000000000000e+00 0.0000000000000e+00 0.0000000000000e+00 0.0000000000000e+00 0.0000000000000e+00 0.0000000000000e+00
 1  20 0.0000000000000e+00 0.0000000000000e+00 0.0000000000000e+00 0.0000000000000e+00 0.0000000000000e+00 0.0000000000000e+00 0.0000000000000e+00 0.0000000000000e+00 0.0000000000000e+00
 1  21 0.0000000000000e+00 0.0000000000000e+00 0.0000000000000e+00 0.0000000000000e+00 0.0000000000000e+00 0.0000000000000e+00 0.0000000000000e+00 0.0000000000000e+00 0.0000000000000e+00
 1  22 0.0000000000000e+00 0.0000000000000e+00 0.0000000000000e+00 0.0000000000000e+00 0.0000000000000e+00 0.0000000000000e+00 0.0000000000000e+00 0.0000000000000e+00 0.0000000000000e+00
 1  23 0.0000000000000e+00 0.0000000000000e+00 0.0000000000000e+00 0.0000000000000e+00 0.0000000000000e+00 0.0000000000000e+00 0.0000000000000e+00 0.0000000000000e+00 0.0000000000000e+00
 1  24 0.0000000000000e+00 0.0000000000000e+00 0.0000000000000e+00 0.0000000000000e+00 0.0000000000000e+00 0.0000000000000e+00 0.0000000000000e+00 0.0000000000000e+00 0.0000000000000e+00
 1  25 0.0000000000000e+00 0.0000000000000e+00 0.0000000000000e+00 0.0000000000000e+00 0.0000000000000e+00 0.0000000000000e+00 0.0000000000000e+00 0.0000000000000e+00 0.0000000000000e+00
 1  26 0.0000000000000e+00 0.0000000000000e+00 0.0000000000000e+00 0.0000000000000e+00 0.0000000000000e+00 0.0000000000000e+00 0.0000000000000e+00 0.0000000000000e+00 0.0000000000000e+00
 1  27 0.0000000000000e+00 0.0000000000000e+00 0.0000000000000e+00 0.0000000000000e+00 0.0000000000000e+00 0.0000000000000e+00 0.0000000000000e+00 0.0000000000000e+00 0.0000000000000e+00
 1  28 0.0000000000000e+00 0.0000000000000e+00 0.0000000000000e+00 0.0000000000000e+00 0.0000000000000e+00 0.0000000000000e+00 0.0000000000000e+00 0.0000000000000e+00 0.0000000000000e+00
 1  29 0.0000000000000e+00 0.0000000000000e+00 0.0000000000000e+00 0.0000000000000e+00 0.0000000000000e+00 0.0000000000000e+00 0.0000000000000e+00 0.0000000000000e+00 0.0000000000000e+00
 1  30 0.0000000000000e+00 0.0000000000000e+00 0.0000000000000e+00 0.0000000000000e+00 0.0000000000000e+00 0.0000000000000e+00 0.0000000000000e+00 0.0000000000000e+00 0.0000000000000e+00
 1  31 0.0000000000000e+00 0.0000000000000e+00 0.0000000000000e+00 0.0000000000000e+00 0.0000000000000e+00 0.0000000000000e+00 0.0000000000000e+00 0.0000000000000e+00 0.0000000000000e+00
0.86805556 0.86843264 0.86880973 11520.0 11510.0  1
1.0000000000000 
 1   1 2.4413293455139e-34 2.2907926002117e-34 2.1480983766926e-34 2.0124279615085e-34 1.8928983235404e-34 1.8928439110089e-34 1.8928439110089e-34 1.8928439110089e-34 1.8928439110089e-34
 1   2 4.0826636127836e-34 3.8304463765466e-34 3.5915002878593e-34 3.3643938609255e-34 3.1485990416422e-34 3.0957589634515e-34 3.0957589634515e-34 3.0957589634515e-34 3.0957589634515e-34
 1   3 6.2602678160369e-34 5.8730939560096e-34 5.5063709426217e-34 5.1578616631869e-34 4.8266923029591e-34 4.6425355008684e-34 4.6425355008684e-34 4.6425355008684e-34 4.6425355008684e-34
 1   4 9.8651535866387e-34 9.2550343660085e-34 8.6766590029803e-34 8.1269252944938e-34 7.6045172378892e-34 7.1574882157085e-34 7.1574882157085e-34 7.1574882157085e-34 7.1574882157085e-34
 1   5 1.5402692578301e-33 1.4661187068383e-33 1.3744238108249e-33 1.2872722004775e-33 1.2044484297220e-33 1.1258910606115e-33 1.1085797022437e-33 1.1085797022437e-33 1.1085797022437e-33
 1   6 2.4086944540104e-33 2.3410116933420e-33 2.1945904639646e-33 2.0553748312868e-33 1.9230536566476e-33 1.7975299617629e-33 1.7307798823935e-33 1.7307798823935e-33 1.7307798823935e-33
 1   7 3.7077982806354e-33 3.6784660231625e-33 3.4487766310638e-33 3.2299642351300e-33 3.0217246761978e-33 2.8243345627818e-33 2.6600977981628e-33 2.6600977981628e-33 2.6600977981628e-33
 1   8 5.7350121243673e-33 5.7350121243673e-33 5.4471471495044e-33 5.1018556021839e-33 4.7732612174329e-33 4.4614863201323e-33 4.1663567901813e-33 4.1085529575055e-33 4.1085529575055e-33
 1   9 8.8939585009504e-33 8.8939585009504e-33 8.6278214371364e-33 8.0821099397107e-33 7.5623518881832e-33 7.0689153592225e-33 6.6016115390485e-33 6.3642116386923e-33 6.3642116386923e-33
 1  10 1.3736408213847e-32 1.3736408213847e-32 1.3605295043324e-32 1.2748193622997e-32 1.1929807109115e-32 1.1151850988746e-32 1.0415284759153e-32 9.8190064334903e-33 9.8190064334903e-33
 1  11 2.1194667138529e-32 2.1194667138529e-32 2.1194667138529e-32 2.0093973901353e-32 1.8809138004753e-32 1.7587351217028e-32 1.6428498927477e-32 1.5332686930593e-32 1.5144932564776e-32
 1  12 3.3040739376931e-32 3.3040739376931e-32 3.3040739376931e-32 3.1631248181898e-32 2.9620847213461e-32 2.7706254912087e-32 2.5887674050553e-32 2.4166153757566e-32 2.3630516246727e-32
 1  13 5.2832223316987e-32 5.2832223316987e-32 5.2806391828628e-32 4.9603504738527e-32 4.6489032456023e-32 4.3509903654338e-32 4.0679025261442e-32 3.8004728593547e-32 3.8004728593547e-32
 1  14 8.3765568747859e-32 8.3765568747859e-32 8.2158403484056e-32 7.7348850715251e-32 7.2608775540052e-32 6.8029390442610e-32 6.3672743892234e-32 6.0836846138460e-32 6.0836846138460e-32
 1  15 1.3097654281438e-31 1.3097654281438e-31 1.2645643789705e-31 1.1948492179569e-31 1.1241285390755e-31 1.0555902830059e-31 9.8949787803207e-32 9.6710894242857e-32 9.6710894242857e-32
 1  16 1.9988282265535e-31 1.9988282265535e-31 1.9134343218886e-31 1.8186826593450e-31 1.7174287498000e-31 1.6173296459051e-31 1.5203847460019e-31 1.5187436383387e-31 1.5187436383387e-31
 1  17 2.9233321990825e-31 2.8987023010486e-31 2.8110738991722e-31 2.6990196650812e-31 2.5669425304161e-31 2.4286674842367e-31 2.3369460110308e-31 2.3369460110308e-31 2.3369460110308e-31
 1  18 3.9537743085953e-31 3.9619322393900e-31 3.9356204440389e-31 3.8445791118643e-31 3.6941670865128e-31 3.5308079312824e-31 3.4724288851398e-31 3.4724288851398e-31 3.4724288851398e-31
 1  19 4.5655805619836e-31 4.8717023306270e-31 5.0743650798726e-31 5.1166391481123e-31 5.0090085343623e-31 4.8574652132476e-31 4.8510409015214e-31 4.8510409015214e-31 4.8510409015214e-31
 1  20 3.7358315433822e-31 4.7133867514582e-31 5.4919853088779e-31 5.9324994658599e-31 6.0555535058881e-31 6.0265324311573e-31 6.0265324311573e-31 6.0265324311573e-31 6.0265324311573e-31
 1  21 2.5593779891696e-32 1.7942106302025e-31 3.7417496872409e-31 5.0564270360790e-31 5.6773001124941e-31 5.8157841615690e-31 5.8157841615690e-31 5.8157841615690e-31 5.8157841615690e-31
 1  22 0.0000000000000e+00 0.0000000000000e+00 0.0000000000000e+00 7.6262494101052e-32 1.9197395560369e-31 2.3498425946525e-31 2.3498425946525e-31 2.3498425946525e-31 2.3498425946525e-31
 1  23 0.0000000000000e+00 0.0000000000000e+00 0.0000000000000e+00 0.0000000000000e+00 0.0000000000000e+00 0.0000000000000e+00 0.0000000000000e+00 0.0000000000000e+00 0.0000000000000e+00
 1  24 0.0000000000000e+00 0.0000000000000e+00 0.0000000000000e+00 0.0000000000000e+00 0.0000000000000e+00 0.0000000000000e+00 0.0000000000000e+00 0.0000000000000e+00 0.0000000000000e+00
 1  25 0.0000000000000e+00 0.0000000000000e+00 0.0000000000000e+00 0.0000000000000e+00 0.0000000000000e+00 0.0000000000000e+00 0.0000000000000e+00 0.0000000000000e+00 0.0000000000000e+00
 1  26 0.0000000000000e+00 0.0000000000000e+00 0.0000000000000e+00 0.0000000000000e+00 0.0000000000000e+00 0.0000000000000e+00 0.0000000000000e+00 0.0000000000000e+00 0.0000000000000e+00
 1  27 0.0000000000000e+00 0.0000000000000e+00 0.0000000000000e+00 0.0000000000000e+00 0.0000000000000e+00 0.0000000000000e+00 0.0000000000000e+00 0.0000000000000e+00 0.0000000000000e+00
 1  28 0.0000000000000e+00 0.0000000000000e+00 0.0000000000000e+00 0.0000000000000e+00 0.0000000000000e+00 0.0000000000000e+00 0.0000000000000e+00 0.0000000000000e+00 0.0000000000000e+00
 1  29 0.0000000000000e+00 0.0000000000000e+00 0.0000000000000e+00 0.0000000000000e+00 0.0000000000000e+00 0.0000000000000e+00 0.0000000000000e+00 0.0000000000000e+00 0.0000000000000e+00
 1  30 0.0000000000000e+00 0.0000000000000e+00 0.0000000000000e+00 0.0000000000000e+00 0.0000000000000e+00 0.0000000000000e+00 0.0000000000000e+00 0.0000000000000e+00 0.0000000000000e+00
 1  31 0.0000000000000e+00 0.0000000000000e+00 0.0000000000000e+00 0.0000000000000e+00 0.0000000000000e+00 0.0000000000000e+00 0.0000000000000e+00 0.0000000000000e+00 0.0000000000000e+00
0.86880973 0.86918748 0.86956522 11510.0 11500.0  1
1.0000000000000 
 1   1 6.1413672971352e-32 5.4049953179835e-32 4.7756244753569e-32 4.3180239202385e-32 3.8910887801237e-32 3.8908513302648e-32 3.8908513302648e-32 3.8908513302648e-32 3.8908513302648e-32
 1   2 1.0301297806637e-31 9.0559867320894e-32 8.0073005976036e-32 7.2241703919121e-32 6.4690181272644e-32 6.2950866933922e-32 6.2950866933922e-32 6.2950866933922e-32 6.2950866933922e-32
 1   3 1.5794627410855e-31 1.3901471424463e-31 1.2303956969280e-31 1.1081922446120e-31 9.9285391440367e-32 9.4094819810159e-32 9.4094819810159e-32 9.4094819810159e-32 9.4094819810159e-32
 1   4 2.4824242514931e-31 2.1853965773454e-31 1.9332600920601e-31 1.7418798551431e-31 1.5617198293542e-31 1.4466785465683e-31 1.4466785465683e-31 1.4466785465683e-31 1.4466785465683e-31
 1   5 3.8663048335551e-31 3.4672122763097e-31 3.0682617187819e-31 2.7662621737279e-31 2.4759820722528e-31 2.2775040828961e-31 2.2423885401540e-31 2.2423885401540e-31 2.2423885401540e-31
 1   6 5.8105019601541e-31 5.5410208206236e-31 4.9077429874232e-31 4.4349177821213e-31 3.9553095042175e-31 3.6396015791431e-31 3.4882705523081e-31 3.4882705523081e-31 3.4882705523081e-31
 1   7 8.8296515249586e-31 8.6750411039837e-31 7.6916159473174e-31 6.9251494319937e-31 6.2054351481886e-31 5.7250816068663e-31 5.3627382944118e-31 5.3627382944118e-31 5.3627382944118e-31
 1   8 1.3241558299866e-30 1.3241558299866e-30 1.2173618860958e-30 1.0984614788660e-30 9.8150223598744e-31 9.0446231106506e-31 8.4101063064044e-31 8.2857333617145e-31 8.2857333617145e-31
 1   9 2.0352407627425e-30 2.0352407627425e-30 1.9338559736564e-30 1.7469296143050e-30 1.5594644083432e-30 1.4338706422404e-30 1.3363358322521e-30 1.2860392501668e-30 1.2860392501668e-30
 1  10 3.0969384206877e-30 3.0969384206877e-30 3.0509775319660e-30 2.7582322307581e-30 2.4610877594917e-30 2.2606652203602e-30 2.1130402450946e-30 1.9702669581929e-30 1.9702669581929e-30
 1  11 4.7278924457869e-30 4.7278924457869e-30 4.7278924457869e-30 4.3641655294617e-30 3.8920681902619e-30 3.5756544513595e-30 3.3428749726085e-30 3.0574641919125e-30 2.9974396887776e-30
 1  12 7.3851152933348e-30 7.3851152933348e-30 7.3851152933348e-30 6.9094474605740e-30 6.1608132885918e-30 5.6599447377404e-30 5.2856684649131e-30 4.8282834249291e-30 4.6559788987483e-30
 1  13 1.2066281368479e-29 1.2066281368479e-29 1.2057227993107e-29 1.0924470479141e-29 9.7347498254873e-30 8.9529178122469e-30 8.3690661310748e-30 7.6519528871297e-30 7.6519528871297e-30
 1  14 1.9814281736105e-29 1.9814281736105e-29 1.9146924440883e-29 1.7314829414505e-29 1.5466162362808e-29 1.4193388989569e-29 1.3237306207661e-29 1.2583834415948e-29 1.2583834415948e-29
 1  15 3.2270171961486e-29 3.2270171961486e-29 3.0323059796976e-29 2.7406858804902e-29 2.4478537995874e-29 2.2481305009194e-29 2.0889310252304e-29 2.0381597503145e-29 2.0381597503145e-29
 1  16 5.3981541336427e-29 5.3981541336427e-29 4.7786646234826e-29 4.3187970898928e-29 3.8693479345226e-29 3.5558766554634e-29 3.2777019546803e-29 3.2746761381817e-29 3.2746761381817e-29
 1  17 8.8437758136883e-29 8.4322148160756e-29 7.5848086498107e-29 6.8169801032886e-29 6.0859488557665e-29 5.6257147936342e-29 5.2939914163068e-29 5.2939914163068e-29 5.2939914163068e-29
 1  18 1.4723421461224e-28 1.3346901552073e-28 1.1746026452580e-28 1.0715219394389e-28 9.6414334039303e-29 8.8801247321231e-29 8.6133605644073e-29 8.6133605644073e-29 8.6133605644073e-29
 1  19 2.4183168050879e-28 2.1095509941800e-28 1.8533442929370e-28 1.6987603685451e-28 1.5206061912700e-28 1.3677429649128e-28 1.3624825280110e-28 1.3624825280110e-28 1.3624825280110e-28
 1  20 3.8060266079579e-28 3.3759380439096e-28 2.9399830972506e-28 2.6384883941065e-28 2.4002361747700e-28 2.2261012929183e-28 2.2261012929183e-28 2.2261012929183e-28 2.2261012929183e-28
 1  21 6.0603892376214e-28 5.2924179315422e-28 4.6529494861774e-28 4.1561423755131e-28 3.7949818812094e-28 3.6246114701752e-28 3.6246114701752e-28 3.6246114701752e-28 3.6246114701752e-28
 1  22 9.6115883509177e-28 8.3795854099678e-28 7.3934067226720e-28 6.5177234511105e-28 5.9804395522875e-28 5.6772914382862e-28 5.6772914382862e-28 5.6772914382862e-28 5.6772914382862e-28
 1  23 1.4492462016364e-27 1.2986555244653e-27 1.1388884651847e-27 1.0233222684998e-27 9.1960323727472e-28 8.3419729611189e-28 8.1107843305946e-28 8.1107843305946e-28 8.1107843305946e-28
 1  24 1.7098517750207e-27 1.6327933920158e-27 1.4267490287700e-27 1.2878066647921e-27 1.1480814102917e-27 1.0376323131725e-27 9.7730689100698e-28 9.7730689100698e-28 9.7730689100698e-28
 1  25 2.0162146512852e-27 2.0162146512852e-27 1.7822274519588e-27 1.5882739806073e-27 1.4306300664974e-27 1.3000712755674e-27 1.1898902678965e-27 1.1796698391641e-27 1.1796698391641e-27
 1  26 2.3770064263010e-27 2.3770064263010e-27 2.2337925422995e-27 2.0016363245712e-27 1.8034556295848e-27 1.6332288447762e-27 1.5023223271947e-27 1.4374359177349e-27 1.4374359177349e-27
 1  27 2.8057222837815e-27 2.8057222837815e-27 2.7870530892726e-27 2.4977217892853e-27 2.2490620852705e-27 2.0244990389410e-27 1.8445750042694e-27 1.7264452022355e-27 1.7264452022355e-27
 1  28 3.3132489279233e-27 3.3132489279233e-27 3.3132489279233e-27 3.0913852650038e-27 2.7509513398721e-27 2.5470398477432e-27 2.3223520011532e-27 2.1225502509327e-27 2.0392112177861e-27
 1  29 3.9047867547622e-27 3.9047867547622e-27 3.9047867547622e-27 3.8176576840781e-27 3.4316497083004e-27 3.1758241967415e-27 2.9080704380721e-27 2.6294193825914e-27 2.4646325795038e-27
 1  30 4.6053503201948e-27 4.6053503201948e-27 4.6053503201948e-27 4.6053503201948e-27 4.2809609322438e-27 3.9351598255431e-27 3.5816831176420e-27 3.2950061343041e-27 3.0066566734024e-27
 1  31 5.4712403342856e-27 5.4712403342856e-27 5.4712403342856e-27 5.4712403342856e-27 5.3096617452993e-27 4.8127521751619e-27 4.3912762735284e-27 4.0052898681661e-27 3.6717761945105e-27
