-----------------------------------------------------------------------------------------------
Content :
Spectral range definition: line 1 (3 values)  ==> max, min and step of the wavenumber (in cm-1)
Temperatures definition :  line 2 (1 value)   ==> NT = number of T values
Temperatures definition :  line 3 (NT values) ==> list of T values (in K)
Pressures definition :     line 4 (1 value)   ==> NP = number of P values
Pressures definition :     line 5 (NP values) ==> list of P values (in mbar)
For each spectral range: 
    First line of the block (6 values): 
    --> min, mean and max wavelengths (in microns), min and max wavenumbers (in cm-1)
        of the spectral range, nmaxai (number of exponentials for the CKD expansion) 
    If nmaxai not null, second line of the block (nmaxnai values): 
    --> coefs kdis_ai for nai = 1 to nmaxai 
    If nmaxai not null, following lines of the block : 
    --> for nai = 1 to nmaxai 
    -->     for pressure index ip = 1 to NP 
    -->         line : nai, ip, kdis_ki(T,P,nai) for temperature index it = 1 to IT 
-----------------------------------------------------------------------------------------------
12000 11500 10
9
  160.00  180.00  200.00  220.00  240.00  260.00  280.00  300.00  320.00
31
    0.007    0.011    0.017    0.028    0.044    0.069    0.110    0.174    0.276    0.438    0.694    1.100    1.743    2.763    4.379    6.941   11.000   17.434   27.631   43.792   69.405  110.000  174.338  219.479  276.308  347.851  437.918  551.306  694.053  873.761 1098.900
0.83333333 0.83368084 0.83402836 12000.0 11990.0  0
0.83402836 0.83437645 0.83472454 11990.0 11980.0  0
0.83472454 0.83507322 0.83542189 11980.0 11970.0  0
0.83542189 0.83577114 0.83612040 11970.0 11960.0  0
0.83612040 0.83647024 0.83682008 11960.0 11950.0  0
0.83682008 0.83717051 0.83752094 11950.0 11940.0  0
0.83752094 0.83787196 0.83822297 11940.0 11930.0  0
0.83822297 0.83857457 0.83892617 11930.0 11920.0  0
0.83892617 0.83927836 0.83963056 11920.0 11910.0  0
0.83963056 0.83998334 0.84033613 11910.0 11900.0  0
0.84033613 0.84068951 0.84104289 11900.0 11890.0  0
0.84104289 0.84139686 0.84175084 11890.0 11880.0  0
0.84175084 0.84210541 0.84245998 11880.0 11870.0  0
0.84245998 0.84281515 0.84317032 11870.0 11860.0  0
0.84317032 0.84352609 0.84388186 11860.0 11850.0  0
0.84388186 0.84423822 0.84459459 11850.0 11840.0  0
0.84459459 0.84495156 0.84530854 11840.0 11830.0  0
0.84530854 0.84566612 0.84602369 11830.0 11820.0  0
0.84602369 0.84638187 0.84674005 11820.0 11810.0  0
0.84674005 0.84709884 0.84745763 11810.0 11800.0  0
0.84745763 0.84781702 0.84817642 11800.0 11790.0  0
0.84817642 0.84853642 0.84889643 11790.0 11780.0  0
0.84889643 0.84925705 0.84961767 11780.0 11770.0  0
0.84961767 0.84997890 0.85034014 11770.0 11760.0  0
0.85034014 0.85070198 0.85106383 11760.0 11750.0  0
0.85106383 0.85142630 0.85178876 11750.0 11740.0  0
0.85178876 0.85215184 0.85251492 11740.0 11730.0  0
0.85251492 0.85287862 0.85324232 11730.0 11720.0  0
0.85324232 0.85360664 0.85397096 11720.0 11710.0  0
0.85397096 0.85433590 0.85470085 11710.0 11700.0  0
0.85470085 0.85506642 0.85543199 11700.0 11690.0  0
0.85543199 0.85579818 0.85616438 11690.0 11680.0  0
0.85616438 0.85653120 0.85689803 11680.0 11670.0  0
0.85689803 0.85726548 0.85763293 11670.0 11660.0  0
0.85763293 0.85800101 0.85836910 11660.0 11650.0  0
0.85836910 0.85873782 0.85910653 11650.0 11640.0  0
0.85910653 0.85947588 0.85984523 11640.0 11630.0  1
1.0000000000000 
 1   1 1.0733946236728e-42 1.8352805987262e-41 8.4160584468884e-41 2.9349215426358e-40 7.8598270344593e-40 7.8624194366183e-40 7.8624194366183e-40 7.8624194366183e-40 7.8624194366183e-40
 1   2 0.0000000000000e+00 3.1610490758239e-41 1.4740819065618e-40 5.1934923684806e-40 1.5156822540723e-39 1.8076750189790e-39 1.8076750189790e-39 1.8076750189790e-39 1.8076750189790e-39
 1   3 5.9821431442026e-42 4.9908646105393e-41 2.3569279650558e-40 8.3319385000750e-40 2.3923724084124e-39 3.7414668997473e-39 3.7414668997473e-39 3.7414668997473e-39 3.7414668997473e-39
 1   4 4.2851707039053e-42 6.3466208747735e-41 3.2936959884569e-40 1.2203445897312e-39 3.5713842986398e-39 7.8752973695055e-39 7.8752973695055e-39 7.8752973695055e-39 7.8752973695055e-39
 1   5 1.4012984643248e-41 1.1199737846270e-40 5.4295691207654e-40 1.9650758689843e-39 5.7587523469154e-39 1.4208870754278e-38 1.6353153078671e-38 1.6353153078671e-38 1.6353153078671e-38
 1   6 5.6051938572993e-41 2.0171130874570e-40 9.4198645888229e-40 3.3290801759796e-39 9.5494384539236e-39 2.3270030962203e-38 3.3799318959515e-38 3.3799318959515e-38 3.3799318959515e-38
 1   7 1.8216880036223e-40 2.8533799849968e-40 1.3613474451069e-39 4.9061673287585e-39 1.4320611695121e-38 3.5341187277990e-38 6.7920936565824e-38 6.7920936565824e-38 6.7920936565824e-38
 1   8 5.1848043180018e-40 5.1848043180018e-40 2.1254474717340e-39 7.7590274320250e-39 2.2728465539501e-38 5.6166564787374e-38 1.2131807596180e-37 1.3557562642343e-37 1.3557562642343e-37
 1   9 1.4293244336113e-39 1.4293244336113e-39 3.7150173912331e-39 1.3125626403699e-38 3.7646057005096e-38 9.1749204198558e-38 1.9640933345531e-37 2.6847477277999e-37 2.6847477277999e-37
 1  10 3.7835058536770e-39 3.7835058536770e-39 5.4761342687350e-39 1.9673833871655e-38 5.7213357161001e-38 1.4087694030095e-37 3.0384056405642e-37 5.2439391131963e-37 5.2439391131963e-37
 1  11 9.6549464191980e-39 9.6549464191980e-39 9.6549464191980e-39 3.0524677827576e-38 8.9668130243995e-38 2.2191184446725e-37 4.7975710698246e-37 9.3078288708342e-37 1.0149885036798e-36
 1  12 1.9029633145531e-38 1.9029633145531e-38 1.9029633145531e-38 5.1238601662302e-38 1.4814629379370e-37 3.6269875414446e-37 7.7826556222630e-37 1.5018263157505e-36 1.7657201877987e-36
 1  13 1.9001607176245e-38 1.9001607176245e-38 1.9427028778327e-38 7.2915175503065e-38 2.1757205675439e-37 5.4413006794049e-37 1.1848573563246e-36 2.2955231111906e-36 2.2955231111906e-36
 1  14 1.8371022867298e-38 1.8371022867298e-38 3.7543935978210e-38 1.3176557437164e-37 3.7688798850335e-37 9.1713841030512e-37 1.9611059455933e-36 2.9558429287082e-36 2.9558429287082e-36
 1  15 1.7137880218693e-38 1.7137880218693e-38 5.7361777089148e-38 2.0476214849990e-37 5.9080837356359e-37 1.4443362189584e-36 3.0959969895781e-36 3.7687081418937e-36 3.7687081418937e-36
 1  16 1.5358231169000e-38 1.5358231169000e-38 7.7279794224704e-38 2.9018859873913e-37 8.6565196939123e-37 2.1640080441428e-36 4.7098505034227e-36 4.7533306647970e-36 4.7533306647970e-36
 1  17 1.3172205564653e-38 3.2507551588355e-38 1.4853348937498e-37 5.2171301436001e-37 1.4931680400615e-36 3.6351660573810e-36 5.9263153237008e-36 5.9263153237008e-36 5.9263153237008e-36
 1  18 1.0761972206015e-38 4.8916610870559e-38 2.2978032592102e-37 8.1776011687724e-37 2.3548787958646e-36 5.7492059058389e-36 7.2967993917406e-36 7.2967993917406e-36 7.2967993917406e-36
 1  19 8.3096998934462e-39 6.1554557382703e-38 3.1199869950796e-37 1.1658221179852e-36 3.4658149452823e-36 8.6429621200595e-36 8.8652449162563e-36 8.8652449162563e-36 8.8652449162563e-36
 1  20 1.9884760119102e-38 1.2822957145793e-37 5.8662842355878e-37 2.0630114191445e-36 5.9098957827061e-36 1.0616110891918e-35 1.0616110891918e-35 1.0616110891918e-35 1.0616110891918e-35
 1  21 2.9001074033284e-38 1.9661643415794e-37 9.1947070904837e-37 3.2631271893459e-36 9.3798171378498e-36 1.2516132062636e-35 1.2516132062636e-35 1.2516132062636e-35 1.2516132062636e-35
 1  22 4.3449683132734e-38 2.9786222123365e-37 1.4042979156617e-36 5.0142894779753e-36 1.4479879175575e-35 1.9376819032418e-35 1.9376819032418e-35 1.9376819032418e-35 1.9376819032418e-35
 1  23 7.7603908954308e-38 4.3345143464699e-37 2.1053969085793e-36 7.6569093310501e-36 2.2370336217862e-35 5.5150779808068e-35 6.4383300702194e-35 6.4383300702194e-35 6.4383300702194e-35
 1  24 2.3733792090269e-37 6.2010335873938e-37 2.8530799053384e-36 1.0070657549811e-35 2.8927113702124e-35 7.0610539422860e-35 1.1310781131055e-34 1.1310781131055e-34 1.1310781131055e-34
 1  25 6.6560277999042e-37 6.6560277999042e-37 3.0835852070329e-36 1.1489119924875e-35 3.4104612434660e-35 8.4978197057059e-35 1.8461125004340e-34 1.9446421154956e-34 1.9446421154956e-34
 1  26 1.7339526395086e-36 1.7339526395086e-36 4.5313667817100e-36 1.6026261222138e-35 4.6024788089486e-35 1.1225191596579e-34 2.4034226373535e-34 3.2772167203101e-34 3.2772167203101e-34
 1  27 4.2323278060779e-36 4.2323278060779e-36 4.9042953061141e-36 1.8158536515035e-35 5.3782930270825e-35 1.3397282455821e-34 2.9104291924862e-34 5.4265323765043e-34 5.4265323765043e-34
 1  28 9.7628744717618e-36 9.7628744717618e-36 9.7628744717618e-36 2.4886377699906e-35 7.1784202803478e-35 1.7624016906211e-34 3.7781253984980e-34 7.2951698282584e-34 8.8286972586446e-34
 1  29 2.1358885891911e-35 2.1358885891911e-35 2.1358885891911e-35 3.0746902935117e-35 8.9017793725153e-35 2.1876544503640e-34 4.7130187849922e-34 9.1029162134625e-34 1.4165601405141e-33
 1  30 4.4746291620145e-35 4.4746291620145e-35 4.4746291620145e-35 4.4746291620145e-35 1.1076632758276e-34 2.7291041379196e-34 5.8942859151030e-34 1.1422340136723e-33 2.0342805851613e-33
 1  31 9.0879195917343e-35 9.0879195917343e-35 9.0879195917343e-35 9.0879195917343e-35 1.4474092678359e-34 3.5275924252605e-34 7.5571126731274e-34 1.4576602903002e-33 2.5778137446182e-33
0.85984523 0.86021522 0.86058520 11630.0 11620.0  1
1.0000000000000 
 1   1 8.1961947178359e-41 5.0275085653814e-40 2.1731252506841e-39 7.2587947088273e-39 1.7950992060408e-38 1.7956594451668e-38 1.7956594451668e-38 1.7956594451668e-38 1.7956594451668e-38
 1   2 1.4045494767621e-40 8.8814016409214e-40 3.8184808620481e-39 1.2632098893653e-38 3.4244127525851e-38 4.0511538603630e-38 4.0511538603630e-38 4.0511538603630e-38 4.0511538603630e-38
 1   3 2.6749246255650e-40 1.5136503712990e-39 6.2467237085503e-39 2.0164991785998e-38 5.3870918406761e-38 8.2298258809797e-38 8.2298258809797e-38 8.2298258809797e-38 8.2298258809797e-38
 1   4 3.5705365130689e-40 2.1002212967792e-39 8.9750293978153e-39 2.9757108185951e-38 8.1018525789849e-38 1.6986539984545e-37 1.6986539984545e-37 1.6986539984545e-37 1.6986539984545e-37
 1   5 6.8663624751916e-40 3.3648889569369e-39 1.4509339973595e-38 4.8081257619618e-38 1.3048399163772e-37 3.0324652561142e-37 3.4677933096646e-37 3.4677933096646e-37 3.4677933096646e-37
 1   6 2.0599087425575e-39 6.0623562708975e-39 2.4969014265796e-38 8.0559824750537e-38 2.1510218413311e-37 4.9476440817444e-37 7.0479707561681e-37 7.0479707561681e-37 7.0479707561681e-37
 1   7 5.8013756423047e-39 8.5460148664699e-39 3.6244318533053e-38 1.1957529787730e-37 3.2448160075282e-37 7.5475083232237e-37 1.3941238161875e-36 1.3941238161875e-36 1.3941238161875e-36
 1   8 1.5792633692941e-38 1.5792633692941e-38 5.7023139302259e-38 1.8951557279254e-37 5.1555160590587e-37 1.1993973188736e-36 2.4660002843144e-36 2.7415704477906e-36 2.7415704477906e-36
 1   9 4.1492447528658e-38 4.1492447528658e-38 9.8340704782569e-38 3.1748407674137e-37 8.4819901001543e-37 1.9508677227013e-36 3.9805679680089e-36 5.3535348230366e-36 5.3535348230366e-36
 1  10 1.0509738482436e-37 1.0509738482436e-37 1.4588866744302e-37 4.7882597217888e-37 1.2950739422781e-36 3.0063904772302e-36 6.1742374424812e-36 1.0319960788358e-35 1.0319960788358e-35
 1  11 2.5828733294435e-37 2.5828733294435e-37 2.5828733294435e-37 7.4685450426551e-37 2.0350736980301e-36 4.7419853936974e-36 9.7558799072927e-36 1.8164952085399e-35 1.9727759771408e-35
 1  12 5.0090814905755e-37 5.0090814905755e-37 5.0090814905755e-37 1.2445954497444e-36 3.3456381540522e-36 7.7232633468835e-36 1.5786160187293e-35 2.9253781171536e-35 3.4122724116418e-35
 1  13 5.1807407766630e-37 5.1807407766630e-37 5.2818082513118e-37 1.7967630966269e-36 4.9624669944793e-36 1.1669038576215e-35 2.4154471754401e-35 4.4901918347822e-35 4.4901918347822e-35
 1  14 5.2034413633696e-37 5.2034413633696e-37 9.9010386439709e-37 3.1838979086976e-36 8.4872091185756e-36 1.9495285387533e-35 3.9737095783615e-35 5.8564144488143e-35 5.8564144488143e-35
 1  15 5.0616299587799e-37 5.0616299587799e-37 1.5252605999122e-36 4.9692739418996e-36 1.3337369552099e-35 3.0740925018289e-35 6.2780094007453e-35 7.5690660961017e-35 7.5690660961017e-35
 1  16 4.7513829271939e-37 4.7513829271939e-37 2.1017538016213e-36 7.1503971091740e-36 1.9748177385078e-35 4.6394801913085e-35 9.6005212244704e-35 9.6852113450555e-35 9.6852113450555e-35
 1  17 4.2874127814482e-37 9.5730128343005e-37 3.9185040330293e-36 1.2612487587120e-35 3.3636130870166e-35 7.7282560410293e-35 1.2261754912926e-34 1.2261754912926e-34 1.2261754912926e-34
 1  18 3.7018101532069e-37 1.4597217137903e-36 6.1015776283999e-36 1.9834277467515e-35 5.3126564760628e-35 1.2231669604385e-34 1.5345741254537e-34 1.5345741254537e-34 1.5345741254537e-34
 1  19 3.0426393555885e-37 1.8988307172260e-36 8.4674142643647e-36 2.8693997904705e-35 7.8969457940627e-35 1.8516261888289e-34 1.8971635083651e-34 1.8971635083651e-34 1.8971635083651e-34
 1  20 6.7403218440388e-37 3.7775609402304e-36 1.5487383445050e-35 4.9899465425636e-35 1.3316813898200e-34 2.3144898316403e-34 2.3144898316403e-34 2.3144898316403e-34 2.3144898316403e-34
 1  21 1.0068785504746e-36 5.8558358851885e-36 2.4393370318219e-35 7.9090944822607e-35 2.1151014237456e-34 2.7835809542405e-34 2.7835809542405e-34 2.7835809542405e-34 2.7835809542405e-34
 1  22 1.5151158268122e-36 8.9101668231738e-36 3.7340393093898e-35 1.2175981707458e-34 3.2713748348108e-34 4.3174107529978e-34 4.3174107529978e-34 4.3174107529978e-34 4.3174107529978e-34
 1  23 2.7478061138530e-36 1.3127677545918e-35 5.6505072130192e-35 1.8690109926347e-34 5.0707561542585e-34 1.1777303614827e-33 1.3650949774542e-33 1.3650949774542e-33 1.3650949774542e-33
 1  24 7.7914720092604e-36 1.8327978745165e-35 7.5488714704965e-35 2.4389239442807e-34 6.5244344574453e-34 1.5032027985419e-33 2.3465205374145e-33 2.3465205374145e-33 2.3465205374145e-33
 1  25 2.0481630184721e-35 2.0481630184721e-35 8.3635940924651e-35 2.8270893980778e-34 7.7758841104299e-34 1.8212510704206e-33 3.7627386825409e-33 3.9542267122899e-33 3.9542267122899e-33
 1  26 5.0315302291958e-35 5.0315302291958e-35 1.2006086039566e-34 3.8844559797808e-34 1.0387928066873e-33 2.3896477721072e-33 4.8766011298656e-33 6.5439976221788e-33 6.5439976221788e-33
 1  27 1.1649588679087e-34 1.1649588679087e-34 1.3260684042948e-34 4.4679268353133e-34 1.2258245189852e-33 2.8725529737105e-33 5.9337423013433e-33 1.0651446717021e-32 1.0651446717021e-32
 1  28 2.5656576177450e-34 2.5656576177450e-34 2.5656576177450e-34 6.0581080424569e-34 1.6279615955790e-33 3.7595112158639e-33 7.6853100666471e-33 1.4254699836172e-32 1.7087669139644e-32
 1  29 5.4087626671752e-34 5.4087626671752e-34 5.4087626671752e-34 7.5112573731858e-34 2.0226453951401e-33 4.6772354512562e-33 9.5863334897923e-33 1.7800998784657e-32 2.7012340025646e-32
 1  30 1.0937400044195e-33 1.0937400044195e-33 1.0937400044195e-33 1.0937400044195e-33 2.5224038796563e-33 5.8618171080944e-33 1.2030574158288e-32 2.2362248943002e-32 3.8340217620007e-32
 1  31 2.1323959762176e-33 2.1323959762176e-33 2.1323959762176e-33 2.1323959762176e-33 3.2626690593637e-33 7.5076818499783e-33 1.5337669557273e-32 2.8402506093551e-32 4.8515649369030e-32
0.86058520 0.86095582 0.86132644 11620.0 11610.0  1
1.0000000000000 
 1   1 5.5773304386346e-39 3.5193350290003e-38 1.5796726605495e-37 5.4800841367423e-37 1.3895630717328e-36 1.3900010840016e-36 1.3900010840016e-36 1.3900010840016e-36 1.3900010840016e-36
 1   2 9.8452525597426e-39 6.2517406373123e-38 2.7829482578945e-37 9.5458047749017e-37 2.6600583734712e-36 3.1779766715899e-36 3.1779766715899e-36 3.1779766715899e-36 3.1779766715899e-36
 1   3 1.8157994672155e-38 1.0700151401924e-37 4.5742668727824e-37 1.5263097128361e-36 4.2137318355707e-36 6.4967141999159e-36 6.4967141999159e-36 6.4967141999159e-36 6.4967141999159e-36
 1   4 2.3787304876025e-38 1.4716697674373e-37 6.5254882159538e-37 2.2428077427339e-36 6.2768650443674e-36 1.3467852007914e-35 1.3467852007914e-35 1.3467852007914e-35 1.3467852007914e-35
 1   5 4.6158771414859e-38 2.3604525109532e-37 1.0546146234409e-36 3.6240980864319e-36 1.0124479607743e-35 2.4302949662674e-35 2.7987797288546e-35 2.7987797288546e-35 2.7987797288546e-35
 1   6 1.4049418403321e-37 4.2719213708732e-37 1.8255110148822e-36 6.0871881540956e-36 1.6830105929587e-35 3.9843332233514e-35 5.7025532585512e-35 5.7025532585512e-35 5.7025532585512e-35
 1   7 4.0079938676618e-37 6.0069723593284e-37 2.6414315519771e-36 8.9980110625730e-36 2.5179516603642e-35 6.0435132010243e-35 1.1340627667306e-34 1.1340627667306e-34 1.1340627667306e-34
 1   8 1.1063391729899e-36 1.1063391729899e-36 4.1451687455759e-36 1.4241883182492e-35 3.9977627297349e-35 9.6067373396166e-35 2.0123946711412e-34 2.2394501293746e-34 2.2394501293746e-34
 1   9 2.9434975116583e-36 2.9434975116583e-36 7.1977332851898e-36 2.3978790450251e-35 6.6220762528478e-35 1.5698559455451e-34 3.2483971344946e-34 4.3843321974031e-34 4.3843321974031e-34
 1  10 7.5646713371316e-36 7.5646713371316e-36 1.0646767445944e-35 3.6066683549794e-35 1.0060978088516e-34 2.4086705767814e-34 5.0365295240179e-34 8.5598111910887e-34 8.5598111910887e-34
 1  11 1.8760346000795e-35 1.8760346000795e-35 1.8760346000795e-35 5.6221656309611e-35 1.5765998852055e-34 3.7913931022166e-34 7.9567183042696e-34 1.5165973729985e-33 1.6477457165163e-33
 1  12 3.6695354918181e-35 3.6695354918181e-35 3.6695354918181e-35 9.3859923575016e-35 2.6033691754760e-34 6.2020271219059e-34 1.2876627768426e-33 2.4423292044783e-33 2.8508153280989e-33
 1  13 3.7457506310374e-35 3.7457506310374e-35 3.8216650090068e-35 1.3501498524804e-34 3.8428083526844e-34 9.2855053836337e-34 1.9695222340325e-33 3.7446202738329e-33 3.7446202738329e-33
 1  14 3.7029971897729e-35 3.7029971897729e-35 7.2490170961037e-35 2.4066247115157e-34 6.6252046290245e-34 1.5677663665833e-33 3.2410149840536e-33 4.8241450618022e-33 4.8241450618022e-33
 1  15 3.5635286306592e-35 3.5635286306592e-35 1.1150763518718e-34 3.7431291867996e-34 1.0381488561882e-33 2.4683979957597e-33 5.1192933261944e-33 6.1818020987515e-33 6.1818020987515e-33
 1  16 3.2937170908907e-35 3.2937170908907e-35 1.5237570519499e-34 5.3639942403307e-34 1.5306572037893e-33 3.6910438127163e-33 7.8217563081028e-33 7.8913477777234e-33 7.8913477777234e-33
 1  17 2.9408911413562e-35 6.7533441891405e-35 2.8653983457114e-34 9.5317365526425e-34 2.6234034563049e-33 6.2096840900691e-33 9.9443978852604e-33 9.9443978852604e-33 9.9443978852604e-33
 1  18 2.5034014739417e-35 1.0272250239202e-34 4.4559101606411e-34 1.5000915956030e-33 4.1385886748790e-33 9.8186523158171e-33 1.2415516966771e-32 1.2415516966771e-32 1.2415516966771e-32
 1  19 2.0351015715381e-35 1.3188487567643e-34 6.1395771478086e-34 2.1651379019918e-33 6.1215183403376e-33 1.4736145588070e-32 1.5113911268858e-32 1.5113911268858e-32 1.5113911268858e-32
 1  20 4.5744543463382e-35 2.6680374359831e-34 1.1344360780225e-33 3.7801084482842e-33 1.0385175206040e-32 1.8281179410761e-32 1.8281179410761e-32 1.8281179410761e-32 1.8281179410761e-32
 1  21 6.8106724976171e-35 4.1294537980761e-34 1.7845133822085e-33 5.9911589555672e-33 1.6463622698680e-32 2.1751329835200e-32 2.1751329835200e-32 2.1751329835200e-32 2.1751329835200e-32
 1  22 1.0264722024405e-34 6.2668280847049e-34 2.7310618411089e-33 9.1933818913598e-33 2.5403455601355e-32 3.3778018249975e-32 3.3778018249975e-32 3.3778018249975e-32 3.3778018249975e-32
 1  23 1.8532482332798e-34 9.1900855480607e-34 4.1141306782002e-33 1.4092754918195e-32 3.9244754645493e-32 9.4087561132542e-32 1.0927183896261e-31 1.0927183896261e-31 1.0927183896261e-31
 1  24 5.3386655513128e-34 1.2913860633634e-33 5.5236901988422e-33 1.8396774586485e-32 5.0702215798354e-32 1.2037350148536e-31 1.8880006208176e-31 1.8880006208176e-31 1.8880006208176e-31
 1  25 1.4229589623799e-33 1.4229589623799e-33 6.0641130737152e-33 2.1283459573686e-32 6.0152708426281e-32 1.4495677941332e-31 3.0479684545070e-31 3.2046865368530e-31 3.2046865368530e-31
 1  26 3.5632172509301e-33 3.5632172509301e-33 8.7643918401829e-33 2.9287497586719e-32 8.0566219895754e-32 1.9104759552558e-31 3.9459445758233e-31 5.3496780819764e-31 5.3496780819764e-31
 1  27 8.3987535876757e-33 8.3987535876757e-33 9.6107110385765e-33 3.3514995511506e-32 9.4905558263921e-32 2.2895347973791e-31 4.7929714805908e-31 8.8110157077184e-31 8.8110157077184e-31
 1  28 1.8790534337284e-32 1.8790534337284e-32 1.8790534337284e-32 4.5637313330456e-32 1.2605219714475e-31 3.0013422359828e-31 6.2176353689569e-31 1.1842663598659e-30 1.4228896442127e-30
 1  29 4.0155715747607e-32 4.0155715747607e-32 4.0155715747607e-32 5.6314925082358e-32 1.5642980411138e-31 3.7365648167582e-31 7.8049848542904e-31 1.4799420274310e-30 2.2553937394538e-30
 1  30 8.2017496976223e-32 8.2017496976223e-32 8.2017496976223e-32 8.2017496976223e-32 1.9522102364897e-31 4.6744289878810e-31 9.7003900315732e-31 1.8562519054852e-30 3.1986593071186e-30
 1  31 1.6261223436493e-31 1.6261223436493e-31 1.6261223436493e-31 1.6261223436493e-31 2.5364118858399e-31 6.0200719142052e-31 1.2479971496691e-30 2.3678396482625e-30 4.0783921322683e-30
0.86132644 0.86169771 0.86206897 11610.0 11600.0  1
1.0000000000000 
 1   1 9.0035197574128e-38 4.5132491808674e-37 1.6812914396453e-36 4.9266784146406e-36 1.1060400260358e-35 1.1063785259349e-35 1.1063785259349e-35 1.1063785259349e-35 1.1063785259349e-35
 1   2 1.6056735853993e-37 7.9974430635507e-37 2.9406289079668e-36 8.5225751116390e-36 2.0854977349844e-35 2.4395947451830e-35 2.4395947451830e-35 2.4395947451830e-35 2.4395947451830e-35
 1   3 2.8021740728250e-37 1.3309146279989e-36 4.7229912302186e-36 1.3452597271044e-35 3.2624743681119e-35 4.7319746071514e-35 4.7319746071514e-35 4.7319746071514e-35 4.7319746071514e-35
 1   4 3.7850627523228e-37 1.8784482593326e-36 6.9047141980774e-36 2.0143153244475e-35 4.9458798537041e-35 9.4601937164818e-35 9.4601937164818e-35 9.4601937164818e-35 9.4601937164818e-35
 1   5 7.4994691213736e-37 3.0263917819413e-36 1.1174286320101e-35 3.2487024875193e-35 7.9490113546376e-35 1.6700942748072e-34 1.8872366652022e-34 1.8872366652022e-34 1.8872366652022e-34
 1   6 2.0935818773929e-36 5.3116732622821e-36 1.8825985421674e-35 5.3712412089212e-35 1.3034224597084e-34 2.7104371957930e-34 3.7089950808213e-34 3.7089950808213e-34 3.7089950808213e-34
 1   7 5.5232880741634e-36 7.6146678726767e-36 2.7736627206554e-35 8.0566247630074e-35 1.9784538788824e-34 4.1632281384981e-34 7.2296080083738e-34 7.2296080083738e-34 7.2296080083738e-34
 1   8 1.4184882037971e-35 1.4184882037971e-35 4.3936517783476e-35 1.2805861860563e-34 3.1449194228999e-34 6.6142449809130e-34 1.2594331881721e-33 1.3806628389274e-33 1.3806628389274e-33
 1   9 3.5068265254720e-35 3.5068265254720e-35 7.4198925339456e-35 2.1160124318675e-34 5.1381413679194e-34 1.0684649473314e-33 2.0187464273152e-33 2.6201328269447e-33 2.6201328269447e-33
 1  10 8.4347028911121e-35 8.4347028911121e-35 1.1156723642419e-34 3.2211424255335e-34 7.8827163431105e-34 1.6548153966815e-33 3.1528584178717e-33 4.9009621482605e-33 4.9009621482605e-33
 1  11 1.9922618049072e-34 1.9922618049072e-34 1.9922618049072e-34 5.0578932154891e-34 1.2411529653199e-33 2.6124202983064e-33 4.9892583043965e-33 8.5211196108604e-33 9.2054527489748e-33
 1  12 3.7558068474554e-34 3.7558068474554e-34 3.7558068474554e-34 8.3470843661433e-34 2.0304440654738e-33 4.2384568382149e-33 8.0250771578607e-33 1.3694028703764e-32 1.5795199876604e-32
 1  13 4.0822613733104e-34 4.0822613733104e-34 4.1572243929368e-34 1.2286566338512e-33 3.0382539634803e-33 6.4520386991140e-33 1.2396144819870e-32 2.1121783550042e-32 2.1121783550042e-32
 1  14 4.2899565314214e-34 4.2899565314214e-34 7.4508700243321e-34 2.1191903992120e-33 5.1254745897698e-33 1.0657003866564e-32 2.0141621095496e-32 2.8212625552327e-32 2.8212625552327e-32
 1  15 4.4200782459276e-34 4.4200782459276e-34 1.1585564874174e-33 3.3274920626818e-33 8.0805178795493e-33 1.6841704293574e-32 3.1870887398993e-32 3.7435037011364e-32 3.7435037011364e-32
 1  16 4.3921019395555e-34 4.3921019395555e-34 1.6443661702577e-33 4.8905869412465e-33 1.2083268631299e-32 2.5661018168564e-32 4.9218712540257e-32 4.9624581352237e-32 4.9624581352237e-32
 1  17 4.2138276601713e-34 8.3548022212404e-34 2.9495983632123e-33 8.3986338341887e-33 2.0309129040488e-32 4.2263679808426e-32 6.3797945795540e-32 6.3797945795540e-32 6.3797945795540e-32
 1  18 3.9122348398361e-34 1.2949352297834e-33 4.6457560798832e-33 1.3263849199241e-32 3.2143681434252e-32 6.6960983627148e-32 8.2028352666553e-32 8.2028352666553e-32 8.2028352666553e-32
 1  19 3.4280172630750e-34 1.7496223221532e-33 6.6157204099942e-33 1.9586479194641e-32 4.8262124624917e-32 1.0209247195013e-31 1.0434435472306e-31 1.0434435472306e-31 1.0434435472306e-31
 1  20 7.0080902305586e-34 3.3018089804843e-33 1.1692174313941e-32 3.3257947223076e-32 8.0398847132612e-32 1.3132055123615e-31 1.3132055123615e-31 1.3132055123615e-31 1.3132055123615e-31
 1  21 1.0742035638154e-33 5.1962147377764e-33 1.8490518791595e-32 5.2828267778497e-32 1.2777682368156e-31 1.6562381562690e-31 1.6562381562690e-31 1.6562381562690e-31 1.6562381562690e-31
 1  22 1.6233889225543e-33 7.9020014299617e-33 2.8380671285985e-32 8.1468893762694e-32 1.9788793821234e-31 2.5713266541469e-31 2.5713266541469e-31 2.5713266541469e-31 2.5713266541469e-31
 1  23 2.9921641156815e-33 1.1785172814822e-32 4.3335113521842e-32 1.2601474589473e-31 3.0883803045962e-31 6.4821319422422e-31 7.4026089062242e-31 7.4026089062242e-31 7.4026089062242e-31
 1  24 7.7248698596561e-33 1.6043739055302e-32 5.6948393110544e-32 1.6257431291717e-31 3.9570624013934e-31 8.2329705924812e-31 1.2317221012436e-30 1.2317221012436e-30 1.2317221012436e-30
 1  25 1.8694965177194e-32 1.8694965177194e-32 6.5273455692051e-32 1.9266527558636e-31 4.7275138425664e-31 1.0078412087679e-30 1.9329024126390e-30 2.0200575134700e-30 2.0200575134700e-30
 1  26 4.2694942237120e-32 4.2694942237120e-32 9.0648352658152e-32 2.5892971415845e-31 6.3137193367976e-31 1.3101994206582e-30 2.4767442157701e-30 3.1972347960445e-30 3.1972347960445e-30
 1  27 9.2480437011042e-32 9.2480437011042e-32 1.0287615052394e-31 3.0412425109305e-31 7.5169290232259e-31 1.5868620783558e-30 3.0467929601562e-30 5.0604610505724e-30 5.0604610505724e-30
 1  28 1.9252284093587e-31 1.9252284093587e-31 1.9252284093587e-31 4.1094233963786e-31 9.8672011435142e-31 2.0755816599927e-30 3.9203763511788e-30 6.6873192771952e-30 7.8755202517521e-30
 1  29 3.8099984190519e-31 3.8099984190519e-31 3.8099984190519e-31 5.0266940819693e-31 1.2307523654239e-30 2.5638507921943e-30 4.8867549589672e-30 8.3583915138948e-30 1.2122428997205e-29
 1  30 7.2912421012296e-31 7.2912421012296e-31 7.2912421012296e-31 7.2912421012296e-31 1.5356728728803e-30 3.2313124713144e-30 6.1526841338988e-30 1.0536643107437e-29 1.6968342580447e-29
 1  31 1.3446456369169e-30 1.3446456369169e-30 1.3446456369169e-30 1.3446456369169e-30 1.9628122551386e-30 4.0990300514868e-30 7.7816243961158e-30 1.3257183911173e-29 2.1422571665883e-29
0.86206897 0.86244087 0.86281277 11600.0 11590.0  1
1.0000000000000 
 1   1 2.6131256817301e-37 1.1385702035497e-36 3.7291259668524e-36 9.7842592280000e-36 2.0144603958329e-35 2.0149838581610e-35 2.0149838581610e-35 2.0149838581610e-35 2.0149838581610e-35
 1   2 4.6650512829883e-37 2.0112242707905e-36 6.4647669266899e-36 1.6849009692499e-35 3.6928972940970e-35 4.2707457509660e-35 4.2707457509660e-35 4.2707457509660e-35 4.2707457509660e-35
 1   3 8.0590158938654e-37 3.3010190172860e-36 1.0271110044121e-35 2.6451819916711e-35 5.7445674240716e-35 8.1699962569863e-35 8.1699962569863e-35 8.1699962569863e-35 8.1699962569863e-35
 1   4 1.0967603002617e-36 4.7156827748935e-36 1.5228601061384e-35 3.9910504159235e-35 8.7977171279876e-35 1.5818945459421e-34 1.5818945459421e-34 1.5818945459421e-34 1.5818945459421e-34
 1   5 2.1723769124626e-36 7.6458388489742e-36 2.4636037007239e-35 6.4278998537432e-35 1.4106506181718e-34 2.7287491937269e-34 3.0651811870620e-34 3.0651811870620e-34 3.0651811870620e-34
 1   6 5.8339417289325e-36 1.3194099003444e-35 4.1079142416297e-35 1.0570448130833e-34 2.2913390214138e-34 4.4133600202062e-34 5.8793768814792e-34 5.8793768814792e-34 5.8793768814792e-34
 1   7 1.4601543988828e-35 1.9049960717366e-35 6.1194054810775e-35 1.5965766310960e-34 3.5103661524799e-34 6.8067344767475e-34 1.1033694153692e-33 1.1033694153692e-33 1.1033694153692e-33
 1   8 3.5480078578367e-35 3.5480078578367e-35 9.7245697428214e-35 2.5416678902611e-34 5.5783194620867e-34 1.0810094924356e-33 1.8909354775633e-33 2.0615718905676e-33 2.0615718905676e-33
 1   9 8.4950244627916e-35 8.4950244627916e-35 1.6204191921973e-34 4.1662302408675e-34 9.0331625623557e-34 1.7409772958869e-33 3.0244942510910e-33 3.8392729156711e-33 3.8392729156711e-33
 1  10 1.9478485518440e-34 1.9478485518440e-34 2.4509801082164e-34 6.3766220121366e-34 1.3977349658277e-33 2.7061670748104e-33 4.7297547021411e-33 7.0656533623989e-33 7.0656533623989e-33
 1  11 4.3622728520485e-34 4.3622728520485e-34 4.3622728520485e-34 1.0056744472143e-33 2.2085953771287e-33 4.2770244405234e-33 7.4832014454385e-33 1.2079195543374e-32 1.2917472156356e-32
 1  12 8.1305316744279e-34 8.1305316744279e-34 8.1305316744279e-34 1.6453932584467e-33 3.5857926199376e-33 6.9058331504611e-33 1.2011177032131e-32 1.9334439981513e-32 2.1888806838265e-32
 1  13 9.1934338702506e-34 9.1934338702506e-34 9.3079646725741e-34 2.4677779224896e-33 5.4576167634084e-33 1.0622803593111e-32 1.8666638702075e-32 3.0087656591324e-32 3.0087656591324e-32
 1  14 1.0134285773324e-33 1.0134285773324e-33 1.6247901485547e-33 4.1634948287790e-33 9.0249599995098e-33 1.7354459337507e-32 3.0145908213879e-32 4.1037533406027e-32 4.1037533406027e-32
 1  15 1.0927409260568e-33 1.0927409260568e-33 2.5423753450058e-33 6.5487392725164e-33 1.4250379894432e-32 2.7437980652607e-32 4.7724150819055e-32 5.5589692087674e-32 5.5589692087674e-32
 1  16 1.1265211439506e-33 1.1265211439506e-33 3.7002328724619e-33 9.8101336551935e-33 2.1720295314971e-32 4.2177686519192e-32 7.4147438870561e-32 7.4692209972506e-32 7.4692209972506e-32
 1  17 1.1485696527167e-33 2.0680187423978e-33 6.4400993499295e-33 1.6500780075109e-32 3.5797849621841e-32 6.8755222939412e-32 9.9553169053484e-32 9.9553169053484e-32 9.9553169053484e-32
 1  18 1.1182384087166e-33 3.2179646418600e-33 1.0159708042713e-32 2.6080505082598e-32 5.6716015509802e-32 1.0895480813619e-31 1.3216582571394e-31 1.3216582571394e-31 1.3216582571394e-31
 1  19 1.0319842148376e-33 4.4776141026256e-33 1.4797640105665e-32 3.9123919703701e-32 8.6569240324005e-32 1.6808581801504e-31 1.7157810593684e-31 1.7157810593684e-31 1.7157810593684e-31
 1  20 1.9823301633397e-33 8.1666603096295e-33 2.5508503654016e-32 6.5287726193470e-32 1.4180576101145e-31 2.2179692907078e-31 2.2179692907078e-31 2.2179692907078e-31 2.2179692907078e-31
 1  21 3.0903279958797e-33 1.2865431552077e-32 4.0507209129654e-32 1.0377888316559e-31 2.2536514217270e-31 2.8426591972800e-31 2.8426591972800e-31 2.8426591972800e-31 2.8426591972800e-31
 1  22 4.6810407468751e-33 1.9655865687434e-32 6.2391084769117e-32 1.6053128022555e-31 3.5004221076103e-31 4.4181401863509e-31 4.4181401863509e-31 4.4181401863509e-31 4.4181401863509e-31
 1  23 8.6330354892663e-33 2.9683257147282e-32 9.6068398418056e-32 2.4992690855404e-31 5.4804212656523e-31 1.0582795084521e-30 1.2021228713712e-30 1.2021228713712e-30 1.2021228713712e-30
 1  24 2.1089979081012e-32 3.9759277339056e-32 1.2485175880380e-31 3.2032888740699e-31 6.9726140130889e-31 1.3418216292885e-30 1.9207530672662e-30 1.9207530672662e-30 1.9207530672662e-30
 1  25 4.7623178793056e-32 4.7623178793056e-32 1.4587822592504e-31 3.8570283023362e-31 8.5123545666208e-31 1.6542015417766e-30 2.9043591560230e-30 3.0263666299208e-30 3.0263666299208e-30
 1  26 1.0346396822901e-31 1.0346396822901e-31 1.9881316981587e-31 5.1112709005110e-31 1.1111169450865e-30 2.1418236818875e-30 3.7043095809101e-30 4.6873083622655e-30 4.6873083622655e-30
 1  27 2.1115701248397e-31 2.1115701248397e-31 2.3147456247212e-31 6.0660817034918e-31 1.3517570015812e-30 2.6403741578792e-30 4.5856922358911e-30 7.1830243045415e-30 7.1830243045415e-30
 1  28 4.1169004808453e-31 4.1169004808453e-31 4.1169004808453e-31 8.0325873618808e-31 1.7571927144227e-30 3.4066191160276e-30 5.9148799340156e-30 9.4457377062585e-30 1.0994626238947e-29
 1  29 7.8248436558532e-31 7.8248436558532e-31 7.8248436558532e-31 9.9343876986298e-31 2.1708000878330e-30 4.2061471152648e-30 7.2765041292172e-30 1.1724369370356e-29 1.6288829357085e-29
 1  30 1.4347565888227e-30 1.4347565888227e-30 1.4347565888227e-30 1.4347565888227e-30 2.7236493750360e-30 5.2748178056991e-30 9.1945896706629e-30 1.4810098841151e-29 2.2512801486948e-29
 1  31 2.5269163835333e-30 2.5269163835333e-30 2.5269163835333e-30 2.5269163835333e-30 3.4643157641897e-30 6.6753514281502e-30 1.1634350201049e-29 1.8739551137193e-29 2.8429882698705e-29
0.86281277 0.86318532 0.86355786 11590.0 11580.0  1
1.0000000000000 
 1   1 4.6859721085413e-37 1.8545152474423e-36 5.6132904477223e-36 1.3743194914410e-35 2.6628132589898e-35 2.6634558204770e-35 2.6634558204770e-35 2.6634558204770e-35 2.6634558204770e-35
 1   2 8.3577135356123e-37 3.2530819644888e-36 9.7166202326852e-36 2.3530613139985e-35 4.8140141257286e-35 5.4978668608831e-35 5.4978668608831e-35 5.4978668608831e-35 5.4978668608831e-35
 1   3 1.3956908490238e-36 5.2328532953100e-36 1.5323141399890e-35 3.6639768614272e-35 7.4445819331158e-35 1.0306509471044e-34 1.0306509471044e-34 1.0306509471044e-34 1.0306509471044e-34
 1   4 1.9538471747066e-36 7.5886152903604e-36 2.2962914801329e-35 5.5877600362974e-35 1.1469091751107e-34 1.9737029990774e-34 1.9737029990774e-34 1.9737029990774e-34 1.9737029990774e-34
 1   5 3.8829981343272e-36 1.2303656292978e-35 3.7073654025448e-35 8.9853135137925e-35 1.8355486633109e-34 3.3761655644118e-34 3.7516108836360e-34 3.7516108836360e-34 3.7516108836360e-34
 1   6 9.8804016654348e-36 2.0904924380317e-35 6.1146966160120e-35 1.4645284374691e-34 2.9712663056823e-34 5.4391152170104e-34 7.1173749301641e-34 7.1173749301641e-34 7.1173749301641e-34
 1   7 2.4051970426322e-35 3.0721300920704e-35 9.1794307937964e-35 2.2297982187284e-34 4.5850969897964e-34 8.4298290665366e-34 1.3182949657636e-33 1.3182949657636e-33 1.3182949657636e-33
 1   8 5.7160576682612e-35 5.7160576682612e-35 1.4620165070604e-34 3.5466579334403e-34 7.2896789839432e-34 1.3382556863600e-33 2.2422372907653e-33 2.4330861454610e-33 2.4330861454610e-33
 1   9 1.3228167389646e-34 1.3228167389646e-34 2.4109604948781e-34 5.7718687395469e-34 1.1735742542686e-33 2.1448962566126e-33 3.5826698457262e-33 4.4725958437735e-33 4.4725958437735e-33
 1  10 2.9847438535097e-34 2.9847438535097e-34 3.6689972784134e-34 8.8943633118175e-34 1.8242483973442e-33 3.3477476670564e-33 5.6143509353333e-33 8.1292024474565e-33 8.1292024474565e-33
 1  11 6.5149735646311e-34 6.5149735646311e-34 6.5149735646311e-34 1.4051596820211e-33 2.8844956289729e-33 5.2977348380172e-33 8.8842085099943e-33 1.3805242224295e-32 1.4697727493949e-32
 1  12 1.1987748327693e-33 1.1987748327693e-33 1.1987748327693e-33 2.2889830276776e-33 4.6580480773730e-33 8.5215170748878e-33 1.4235696500623e-32 2.2047644043052e-32 2.4741666975521e-32
 1  13 1.3869411726222e-33 1.3869411726222e-33 1.4029199061053e-33 3.4537721147128e-33 7.1572280457478e-33 1.3194079201416e-32 2.2196106040825e-32 3.4404788899097e-32 3.4404788899097e-32
 1  14 1.5690562879623e-33 1.5690562879623e-33 2.4159834373405e-33 5.7740738016452e-33 1.1715066331739e-32 2.1399120870967e-32 3.5706372651460e-32 4.7494062493561e-32 4.7494062493561e-32
 1  15 1.7202338613567e-33 1.7202338613567e-33 3.7958317872525e-33 9.1064812674233e-33 1.8535158189567e-32 3.3863558973884e-32 5.6517674347988e-32 6.5162947468130e-32 6.5162947468130e-32
 1  16 1.8403804042703e-33 1.8403804042703e-33 5.6000870460700e-33 1.3724205113117e-32 2.8455103588279e-32 5.2451427799510e-32 8.8136074376631e-32 8.8743787323591e-32 8.8743787323591e-32
 1  17 1.9114878942614e-33 3.2825305057888e-33 9.5689067860414e-33 2.2897119443777e-32 4.6434186828350e-32 8.4889599956002e-32 1.1981286120968e-31 1.1981286120968e-31 1.1981286120968e-31
 1  18 1.9334330880943e-33 5.1481476717453e-33 1.5131414379742e-32 3.6261582143241e-32 7.3598124482950e-32 1.3454394482520e-31 1.6036809809977e-31 1.6036809809977e-31 1.6036809809977e-31
 1  19 1.8680039705016e-33 7.2963051904974e-33 2.2439039580837e-32 5.4936087841258e-32 1.1317751298276e-31 2.0856356631753e-31 2.1264253171488e-31 2.1264253171488e-31 2.1264253171488e-31
 1  20 3.4781107252466e-33 1.2983407103861e-32 3.8005607275574e-32 9.0671950707245e-32 1.8404200184299e-31 2.7928610247995e-31 2.7928610247995e-31 2.7928610247995e-31 2.7928610247995e-31
 1  21 5.4526139329197e-33 2.0578450959309e-32 6.0448850718084e-32 1.4417017385858e-31 2.9247580737301e-31 3.6286664253951e-31 3.6286664253951e-31 3.6286664253951e-31 3.6286664253951e-31
 1  22 8.2983494723842e-33 3.1559128664740e-32 9.3271015736687e-32 2.2345719729188e-31 4.5484865231339e-31 5.6567703387559e-31 5.6567703387559e-31 5.6567703387559e-31 5.6567703387559e-31
 1  23 1.5461481438509e-32 4.8119290306348e-32 1.4465191495343e-31 3.4909492688347e-31 7.1356122915536e-31 1.3111717895852e-30 1.4719782883031e-30 1.4719782883031e-30 1.4719782883031e-30
 1  24 3.5614751683021e-32 6.3446414209926e-32 1.8615484714410e-31 4.4500590897554e-31 9.0493091013307e-31 1.6579247555636e-30 2.3126863937174e-30 2.3126863937174e-30 2.3126863937174e-30
 1  25 7.7303047577871e-32 7.7303047577871e-32 2.2082474822287e-31 5.3951081174493e-31 1.1130473889292e-30 2.0492795507151e-30 3.4471806300576e-30 3.5832445713630e-30 3.5832445713630e-30
 1  26 1.6236763750041e-31 1.6236763750041e-31 2.9626205116712e-31 7.0937045073536e-31 1.4376330705189e-30 2.6295692018855e-30 4.3872022094723e-30 5.4654502636397e-30 5.4654502636397e-30
 1  27 3.2306941142661e-31 3.2306941142661e-31 3.5196348574778e-31 8.4858514007895e-31 1.7592736215423e-30 3.2504713365209e-30 5.4525465330124e-30 8.2517258399475e-30 8.2517258399475e-30
 1  28 6.0741249060379e-31 6.0741249060379e-31 6.0741249060379e-31 1.1116654777704e-30 2.2726765156764e-30 4.2033458652071e-30 7.0065451747429e-30 1.0823256842032e-29 1.2326230001141e-29
 1  29 1.1161783416425e-30 1.1161783416425e-30 1.1161783416425e-30 1.3850142758338e-30 2.8235586836130e-30 5.1784253881407e-30 8.6388174462269e-30 1.3414418035539e-29 1.8179486195467e-29
 1  30 1.9780637771230e-30 1.9780637771230e-30 1.9780637771230e-30 1.9780637771230e-30 3.5450536062607e-30 6.5252989159908e-30 1.0941806857906e-29 1.6972645830167e-29 2.4790938879181e-29
 1  31 3.3884126833639e-30 3.3884126833639e-30 3.3884126833639e-30 3.3884126833639e-30 4.4853324778789e-30 8.2368359940649e-30 1.3781980260792e-29 2.1382292646655e-29 3.1196760925512e-29
0.86355786 0.86393105 0.86430424 11580.0 11570.0  1
1.0000000000000 
 1   1 2.5092596458923e-37 9.6350726438575e-37 2.7509730035408e-36 6.5068239966062e-36 1.2461555949185e-35 1.2464511904217e-35 1.2464511904217e-35 1.2464511904217e-35 1.2464511904217e-35
 1   2 4.4582348757812e-37 1.6843544763013e-36 4.7528653888653e-36 1.1133271726559e-35 2.2441134210752e-35 2.5572156397607e-35 2.5572156397607e-35 2.5572156397607e-35 2.5572156397607e-35
 1   3 7.4830651852385e-37 2.7036506387227e-36 7.4755055275455e-36 1.7321484666147e-35 3.4661058055178e-35 4.7456443207545e-35 4.7456443207545e-35 4.7456443207545e-35 4.7456443207545e-35
 1   4 1.0423040034344e-36 3.9734266819854e-36 1.1244137976901e-35 2.6481629144793e-35 5.3608592060806e-35 8.9798917756881e-35 8.9798917756881e-35 8.9798917756881e-35 8.9798917756881e-35
 1   5 2.0663827863042e-36 6.4369709048762e-36 1.8154983629277e-35 4.2487821441161e-35 8.5811586965537e-35 1.5262244421430e-34 1.6915857324125e-34 1.6915857324125e-34 1.6915857324125e-34
 1   6 5.2771219505146e-36 1.0840846700312e-35 2.9943460007964e-35 6.9061854314244e-35 1.3854827560666e-34 2.4572547684914e-34 3.1819357859250e-34 3.1819357859250e-34 3.1819357859250e-34
 1   7 1.2674815190419e-35 1.5940822642260e-35 4.5316811030449e-35 1.0532027603072e-34 2.1374004597452e-34 3.8202030453051e-34 5.8418593262338e-34 5.8418593262338e-34 5.8418593262338e-34
 1   8 2.9461851707238e-35 2.9461851707238e-35 7.2089090911004e-35 1.6760857373709e-34 3.3912417386385e-34 6.0691549342897e-34 9.8950083880847e-34 1.0702503212123e-33 1.0702503212123e-33
 1   9 6.6838683404096e-35 6.6838683404096e-35 1.1822520658071e-34 2.7191032523880e-34 5.4305864544822e-34 9.7091590577998e-34 1.5816928522337e-33 1.9534343081446e-33 1.9534343081446e-33
 1  10 1.4759548394898e-34 1.4759548394898e-34 1.8044264172236e-34 4.2017714962356e-34 8.4413792168884e-34 1.5184802761762e-33 2.4884387050732e-33 3.5289523252876e-33 3.5289523252876e-33
 1  11 3.2105471347530e-34 3.2105471347530e-34 3.2105471347530e-34 6.6431015305157e-34 1.3341460479070e-33 2.3987907304337e-33 3.9387006359674e-33 5.9712883255925e-33 6.3377240775484e-33
 1  12 5.8736041021907e-34 5.8736041021907e-34 5.8736041021907e-34 1.0803347770454e-33 2.1521701789213e-33 3.8450835311840e-33 6.2999591174764e-33 9.5459993398798e-33 1.0647245059400e-32
 1  13 6.8561447287454e-34 6.8561447287454e-34 6.9329219585984e-34 1.6375132218634e-33 3.3187915677758e-33 5.9942494036840e-33 9.8446998012634e-33 1.4897420474267e-32 1.4897420474267e-32
 1  14 7.8307714314186e-34 7.8307714314186e-34 1.1830395551866e-33 2.7190866760809e-33 5.4156093707558e-33 9.6814941655952e-33 1.5780791254598e-32 2.0710824847523e-32 2.0710824847523e-32
 1  15 8.7818409517949e-34 8.7818409517949e-34 1.8638623732959e-33 4.2942446980790e-33 8.6021295387313e-33 1.5315714261535e-32 2.4949394459727e-32 2.8607327167974e-32 2.8607327167974e-32
 1  16 9.5840313575747e-34 9.5840313575747e-34 2.7645136552684e-33 6.5168539882504e-33 1.3275389615030e-32 2.3769418536692e-32 3.8973947195687e-32 3.9232793990474e-32 3.9232793990474e-32
 1  17 1.0151158709033e-33 1.6932742657626e-33 4.7003761595781e-33 1.0792092412044e-32 2.1602891347314e-32 3.8392409569184e-32 5.3401103808068e-32 5.3401103808068e-32 5.3401103808068e-32
 1  18 1.0390207423888e-33 2.6621633621423e-33 7.4368605193932e-33 1.7123733306327e-32 3.4147963954594e-32 6.0879734049849e-32 7.2098575726964e-32 7.2098575726964e-32 7.2098575726964e-32
 1  19 1.0126709344891e-33 3.7954045685243e-33 1.1054497281295e-32 2.6004862021123e-32 5.2581131846180e-32 9.4725384367299e-32 9.6520352486061e-32 9.6520352486061e-32 9.6520352486061e-32
 1  20 1.8432089375519e-33 6.6746868800513e-33 1.8602483159143e-32 4.2844077205409e-32 8.5354484461865e-32 1.2801292172192e-31 1.2801292172192e-31 1.2801292172192e-31 1.2801292172192e-31
 1  21 2.8920310987746e-33 1.0576674256049e-32 2.9574988240100e-32 6.7892621674892e-32 1.3557446545774e-31 1.6759922212852e-31 1.6759922212852e-31 1.6759922212852e-31 1.6759922212852e-31
 1  22 4.3943508990209e-33 1.6247619734244e-32 4.5639473301325e-32 1.0557379250964e-31 2.1062622976480e-31 2.6031618623536e-31 2.6031618623536e-31 2.6031618623536e-31 2.6031618623536e-31
 1  23 8.2101300907229e-33 2.4930410225961e-32 7.0963753480681e-32 1.6512301976862e-31 3.3015764236206e-31 5.9031177494622e-31 6.5979430562784e-31 6.5979430562784e-31 6.5979430562784e-31
 1  24 1.8745064746426e-32 3.2516921461790e-32 9.1059299605728e-32 2.1028942712340e-31 4.1838994270625e-31 7.4621862513081e-31 1.0267762598500e-30 1.0267762598500e-30 1.0267762598500e-30
 1  25 4.0151428131962e-32 4.0151428131962e-32 1.0866341484157e-31 2.5577924823893e-31 5.1502234919131e-31 9.2549312751539e-31 1.5169373737192e-30 1.5753027371076e-30 1.5753027371076e-30
 1  26 8.1564767081947e-32 8.1564767081947e-32 1.4485944848107e-31 3.3467567840934e-31 6.6447028109609e-31 1.1838466613628e-30 1.9292213285695e-30 2.3888492117750e-30 2.3888492117750e-30
 1  27 1.5849178577193e-31 1.5849178577193e-31 1.7091078954882e-31 4.0409762411212e-31 8.1643884904724e-31 1.4630458477905e-30 2.3938919885004e-30 3.5862722686525e-30 3.5862722686525e-30
 1  28 2.9515887322876e-31 2.9515887322876e-31 2.9515887322876e-31 5.2499115254334e-31 1.0469058953113e-30 1.8707291058308e-30 3.0490282802137e-30 4.6608335963776e-30 5.3020934123783e-30
 1  29 5.3356257523089e-31 5.3356257523089e-31 5.3356257523089e-31 6.5379777980588e-31 1.3084153023523e-30 2.3351490563266e-30 3.8324599061667e-30 5.8463202134192e-30 7.8011349692321e-30
 1  30 9.3225635777274e-31 9.3225635777274e-31 9.3225635777274e-31 9.3225635777274e-31 1.6383034038597e-30 2.9352763501615e-30 4.8108037298928e-30 7.3507442146750e-30 1.0535713996703e-29
 1  31 1.5807416084095e-30 1.5807416084095e-30 1.5807416084095e-30 1.5807416084095e-30 2.0761479661511e-30 3.7058251222667e-30 6.0532012006328e-30 9.2474617138511e-30 1.3236456090146e-29
0.86430424 0.86467807 0.86505190 11570.0 11560.0  1
1.0000000000000 
 1   1 2.8246197353150e-38 1.0667645761706e-37 3.0666181507022e-37 7.2075658714127e-37 1.3683862009244e-36 1.3687085219920e-36 1.3687085219920e-36 1.3687085219920e-36 1.3687085219920e-36
 1   2 5.0219773600830e-38 1.8672678706155e-37 5.2965624667907e-37 1.2328301926795e-36 2.4699614075510e-36 2.8124061075830e-36 2.8124061075830e-36 2.8124061075830e-36 2.8124061075830e-36
 1   3 8.3469682668840e-38 2.9913832208798e-37 8.3255764929431e-37 1.9176794147138e-36 3.8203921546807e-36 5.2298420954868e-36 5.2298420954868e-36 5.2298420954868e-36 5.2298420954868e-36
 1   4 1.1727054305666e-37 4.3794814536707e-37 1.2517654343604e-36 2.9306416183934e-36 5.9017242172101e-36 9.9115238541250e-36 9.9115238541250e-36 9.9115238541250e-36 9.9115238541250e-36
 1   5 2.3239133732363e-37 7.0996954850833e-37 2.0195827358705e-36 4.7052479666426e-36 9.4398029359965e-36 1.6862232569016e-35 1.8658583661474e-35 1.8658583661474e-35 1.8658583661474e-35
 1   6 5.8560262824134e-37 1.1953426561618e-36 3.3264911705681e-36 7.6574488645900e-36 1.5252445287004e-35 2.7135050179394e-35 3.5089619877436e-35 3.5089619877436e-35 3.5089619877436e-35
 1   7 1.4026016494759e-36 1.7632556961635e-36 5.0147917033449e-36 1.1711640919390e-35 2.3532267613845e-35 4.2128899623583e-35 6.4430808352300e-35 6.4430808352300e-35 6.4430808352300e-35
 1   8 3.2709809179294e-36 3.2709809179294e-36 7.9800239147042e-36 1.8630240931472e-35 3.7388176250493e-35 6.6857699091519e-35 1.0909676974204e-34 1.1797870862958e-34 1.1797870862958e-34
 1   9 7.4366626999948e-36 7.4366626999948e-36 1.3121594879228e-35 3.0210385617266e-35 6.0154035035941e-35 1.0701879649104e-34 1.7411989408568e-34 2.1513909088187e-34 2.1513909088187e-34
 1  10 1.6430602867215e-35 1.6430602867215e-35 2.0025843442641e-35 4.6630500583833e-35 9.3587723164404e-35 1.6729670039214e-34 2.7319140745133e-34 3.8832896689796e-34 3.8832896689796e-34
 1  11 3.5486679254653e-35 3.5486679254653e-35 3.5486679254653e-35 7.3676071421517e-35 1.4809039691721e-34 2.6481029344208e-34 4.3248664177534e-34 6.5640596373275e-34 6.9686680071229e-34
 1  12 6.4838781804263e-35 6.4838781804263e-35 6.4838781804263e-35 1.1982095164139e-34 2.3905803615707e-34 4.2540359954541e-34 6.9233972401143e-34 1.0483175251713e-33 1.1702908597745e-33
 1  13 7.6047975657412e-35 7.6047975657412e-35 7.6888063817391e-35 1.8172572135693e-34 3.6785203897763e-34 6.6056156585165e-34 1.0817321459549e-33 1.6385234123211e-33 1.6385234123211e-33
 1  14 8.7240019231653e-35 8.7240019231653e-35 1.3140583876960e-34 3.0211603011562e-34 6.0102824119452e-34 1.0682130425655e-33 1.7367607609163e-33 2.2794749314184e-33 2.2794749314184e-33
 1  15 9.7689905723130e-35 9.7689905723130e-35 2.0676346404352e-34 4.7726957862831e-34 9.5077858552444e-34 1.6913110065257e-33 2.7497815886458e-33 3.1506767738250e-33 3.1506767738250e-33
 1  16 1.0646470702497e-34 1.0646470702497e-34 3.0604156135777e-34 7.2342016198916e-34 1.4622792484149e-33 2.6261684394232e-33 4.2951648897505e-33 4.3235784249198e-33 4.3235784249198e-33
 1  17 1.1257916027691e-34 1.8748262458402e-34 5.2107134504033e-34 1.1985745395522e-33 2.3848704895971e-33 4.2390941765582e-33 5.8877683499407e-33 5.8877683499407e-33 5.8877683499407e-33
 1  18 1.1507768270314e-34 2.9486421720263e-34 8.2436032107175e-34 1.8992739569434e-33 3.7815285923968e-33 6.7192990947169e-33 7.9510467276978e-33 7.9510467276978e-33 7.9510467276978e-33
 1  19 1.1325035148002e-34 4.2233275830713e-34 1.2254474424380e-33 2.8866967421448e-33 5.8283651102639e-33 1.0445907121675e-32 1.0642530592370e-32 1.0642530592370e-32 1.0642530592370e-32
 1  20 2.0731197450319e-34 7.4185223483429e-34 2.0641649576371e-33 4.7511178425993e-33 9.4574162896537e-33 1.4107917325952e-32 1.4107917325952e-32 1.4107917325952e-32 1.4107917325952e-32
 1  21 3.2564045009933e-34 1.1772168173882e-33 3.2825826683506e-33 7.5477698807612e-33 1.5020560854355e-32 1.8507607540720e-32 1.8507607540720e-32 1.8507607540720e-32 1.8507607540720e-32
 1  22 4.9605769769204e-34 1.8067728371093e-33 5.0644363109194e-33 1.1706009882450e-32 2.3348015566866e-32 2.8817505557901e-32 2.8817505557901e-32 2.8817505557901e-32 2.8817505557901e-32
 1  23 9.2507851376013e-34 2.7683062775888e-33 7.8709500120007e-33 1.8294690248956e-32 3.6667621401902e-32 6.5454082153998e-32 7.3144865616216e-32 7.3144865616216e-32 7.3144865616216e-32
 1  24 2.1086412557684e-33 3.6329696163399e-33 1.0145059913734e-32 2.3388769956009e-32 4.6541297873597e-32 8.2894880082205e-32 1.1401911991818e-31 1.1401911991818e-31 1.1401911991818e-31
 1  25 4.4683640641105e-33 4.4683640641105e-33 1.2014022463144e-32 2.8244246350364e-32 5.7021726325620e-32 1.0323695675998e-31 1.6850381205125e-31 1.7484193653156e-31 1.7484193653156e-31
 1  26 9.0648665633523e-33 9.0648665633523e-33 1.6083334113141e-32 3.7015156306722e-32 7.3751414823769e-32 1.3130258968247e-31 2.1348188170114e-31 2.6323554996551e-31 2.6323554996551e-31
 1  27 1.7587158729828e-32 1.7587158729828e-32 1.8959004718275e-32 4.4700094623281e-32 9.0324768450730e-32 1.6217718390569e-31 2.6538155596226e-31 3.9237547689629e-31 3.9237547689629e-31
 1  28 3.2842612742836e-32 3.2842612742836e-32 3.2842612742836e-32 5.8343940003840e-32 1.1641031052662e-31 2.0742098580853e-31 3.3776946199127e-31 5.1170012003724e-31 5.8206502379836e-31
 1  29 5.9386462433698e-32 5.9386462433698e-32 5.9386462433698e-32 7.2694951030911e-32 1.4550726341781e-31 2.5956163641157e-31 4.2321008080169e-31 6.4156699618445e-31 8.5152848389386e-31
 1  30 1.0380300430967e-31 1.0380300430967e-31 1.0380300430967e-31 1.0380300430967e-31 1.8235010106891e-31 3.2592833123724e-31 5.3267169157229e-31 8.0774733785680e-31 1.1558997063500e-30
 1  31 1.7648955643345e-31 1.7648955643345e-31 1.7648955643345e-31 1.7648955643345e-31 2.3146529957663e-31 4.1210476249150e-31 6.7095835163580e-31 1.0169468701280e-30 1.4534253199047e-30
0.86505190 0.86542638 0.86580087 11560.0 11550.0  1
1.0000000000000 
 1   1 2.5005029878407e-37 9.6795617401262e-37 2.8347031203318e-36 6.7755081121664e-36 1.3026154839845e-35 1.3029318859674e-35 1.3029318859674e-35 1.3029318859674e-35 1.3029318859674e-35
 1   2 4.4489383254573e-37 1.6965716465158e-36 4.9052369786821e-36 1.1604879285247e-35 2.3547803596922e-35 2.6876538997427e-35 2.6876538997427e-35 2.6876538997427e-35 2.6876538997427e-35
 1   3 7.4349004270460e-37 2.7197301013957e-36 7.7097377002150e-36 1.8045382269401e-35 3.6455299801083e-35 5.0234182850258e-35 5.0234182850258e-35 5.0234182850258e-35 5.0234182850258e-35
 1   4 1.0397751193322e-36 3.9736939376285e-36 1.1579574301267e-35 2.7584300817021e-35 5.6230971872753e-35 9.5678180303167e-35 9.5678180303167e-35 9.5678180303167e-35 9.5678180303167e-35
 1   5 2.0623330561631e-36 6.4482516041426e-36 1.8683376375577e-35 4.4331330060896e-35 9.0019454961185e-35 1.6316187605425e-34 1.8091420551569e-34 1.8091420551569e-34 1.8091420551569e-34
 1   6 5.2423977297271e-36 1.0870172357109e-35 3.0827362309189e-35 7.2191998324167e-35 1.4573403583904e-34 2.6272606389790e-34 3.4147350952657e-34 3.4147350952657e-34 3.4147350952657e-34
 1   7 1.2609949196609e-35 1.5972883274926e-35 4.6549472977629e-35 1.1027466329520e-34 2.2495451462898e-34 4.0742110737172e-34 6.2788071068238e-34 6.2788071068238e-34 6.2788071068238e-34
 1   8 2.9640572192339e-35 2.9640572192339e-35 7.4054284433007e-35 1.7541940079463e-34 3.5764996483281e-34 6.4675313473158e-34 1.0634712085569e-33 1.1505863602123e-33 1.1505863602123e-33
 1   9 6.7930986274836e-35 6.7930986274836e-35 1.2172509177760e-34 2.8487841565127e-34 5.7593731427622e-34 1.0368350575802e-33 1.6973670064843e-33 2.1002076348142e-33 2.1002076348142e-33
 1  10 1.5115542956036e-34 1.5115542956036e-34 1.8542851708258e-34 4.3934712068032e-34 8.9512756054965e-34 1.6191975505096e-33 2.6625832340308e-33 3.7955493012663e-33 3.7955493012663e-33
 1  11 3.2759225285805e-34 3.2759225285805e-34 3.2759225285805e-34 6.9420738249680e-34 1.4161718600364e-33 2.5618633883035e-33 4.2115343441612e-33 6.4169759066809e-33 6.8154956749165e-33
 1  12 6.0046579469830e-34 6.0046579469830e-34 6.0046579469830e-34 1.1293893501666e-33 2.2880003878687e-33 4.1155486182609e-33 6.7401626500761e-33 1.0247231678655e-32 1.1448986573275e-32
 1  13 7.0080737001693e-34 7.0080737001693e-34 7.0885895530709e-34 1.7118850964010e-33 3.5148812905662e-33 6.3886751455008e-33 1.0537491355916e-32 1.6010277139238e-32 1.6010277139238e-32
 1  14 7.9976025488041e-34 7.9976025488041e-34 1.2187798180749e-33 2.8494919785993e-33 5.7543563532781e-33 1.0344763179627e-32 1.6922256513332e-32 2.2247970320951e-32 2.2247970320951e-32
 1  15 8.8870274923844e-34 8.8870274923844e-34 1.9195034800371e-33 4.4990202220960e-33 9.1029680086823e-33 1.6383539207294e-32 2.6784620321269e-32 3.0715094333490e-32 3.0715094333490e-32
 1  16 9.6149027779631e-34 9.6149027779631e-34 2.8354819226474e-33 6.8032675949321e-33 1.3980465820332e-32 2.5396769977235e-32 4.1836381734431e-32 4.2114724103026e-32 4.2114724103026e-32
 1  17 1.0126623937880e-33 1.7044208909442e-33 4.8330329011203e-33 1.1303658737315e-32 2.2820181869148e-32 4.1069718441353e-32 5.7295187453924e-32 5.7295187453924e-32 5.7295187453924e-32
 1  18 1.0249670645762e-33 2.6801278545588e-33 7.6316627085275e-33 1.7914695537005e-32 3.6170378475296e-32 6.5217461018649e-32 7.7295918204634e-32 7.7295918204634e-32 7.7295918204634e-32
 1  19 9.9839492294038e-34 3.8310220473542e-33 1.1309481842455e-32 2.7190738925798e-32 5.5705313712021e-32 1.0134301201688e-31 1.0326007873386e-31 1.0326007873386e-31 1.0326007873386e-31
 1  20 1.8466378913075e-33 6.7498869270933e-33 1.9149376028391e-32 4.4919788639978e-32 9.0966570733863e-32 1.3676270216732e-31 1.3676270216732e-31 1.3676270216732e-31 1.3676270216732e-31
 1  21 2.9015390113629e-33 1.0715817522356e-32 3.0459727001982e-32 7.1390199321272e-32 1.4525665977716e-31 1.7912896442901e-31 1.7912896442901e-31 1.7912896442901e-31 1.7912896442901e-31
 1  22 4.4132106038539e-33 1.6449056854305e-32 4.6932320191926e-32 1.1059803168921e-31 2.2526712945373e-31 2.7959278895608e-31 2.7959278895608e-31 2.7959278895608e-31 2.7959278895608e-31
 1  23 8.1947575633500e-33 2.5119517879650e-32 7.2642083172482e-32 1.7243792127975e-31 3.5080193275996e-31 6.3213718050215e-31 7.0750484716105e-31 7.0750484716105e-31 7.0750484716105e-31
 1  24 1.8805335280528e-32 3.2928585460919e-32 9.3435831799616e-32 2.1964415222657e-31 4.4470761552907e-31 8.0110560669556e-31 1.1074633205651e-30 1.1074633205651e-30 1.1074633205651e-30
 1  25 4.0573315993208e-32 4.0573315993208e-32 1.1113504452844e-31 2.6672860195864e-31 5.4678608734149e-31 9.9278444268754e-31 1.6376705177012e-30 1.6999675805547e-30 1.6999675805547e-30
 1  26 8.2857916662343e-32 8.2857916662343e-32 1.4882623645252e-31 3.4910247355720e-31 7.0596212837503e-31 1.2709919820808e-30 2.0807929555883e-30 2.5703148826492e-30 2.5703148826492e-30
 1  27 1.6172736923740e-31 1.6172736923740e-31 1.7475256369607e-31 4.1962171972659e-31 8.6203364180829e-31 1.5677132753809e-30 2.5857475248032e-30 3.8501713146494e-30 3.8501713146494e-30
 1  28 3.0459555379807e-31 3.0459555379807e-31 3.0459555379807e-31 5.4877779794975e-31 1.1118985077705e-30 2.0068912244244e-30 3.2980651279552e-30 5.0276092748511e-30 5.7043009356138e-30
 1  29 5.5434550343253e-31 5.5434550343253e-31 5.5434550343253e-31 6.8211120693753e-31 1.3863846201282e-30 2.5062743265746e-30 4.1283497017828e-30 6.2892039789333e-30 8.3896773430617e-30
 1  30 9.7663935691741e-31 9.7663935691741e-31 9.7663935691741e-31 9.7663935691741e-31 1.7468634104632e-30 3.1584780890210e-30 5.1776602823776e-30 7.8777298049735e-30 1.1294741795695e-29
 1  31 1.6672546072063e-30 1.6672546072063e-30 1.6672546072063e-30 1.6672546072063e-30 2.2026430072827e-30 3.9737471801299e-30 6.5286482285348e-30 9.9328979241093e-30 1.4248381812645e-29
0.86580087 0.86617600 0.86655113 11550.0 11540.0  1
1.0000000000000 
 1   1 1.7481772314303e-37 6.9380959525153e-37 2.0911295826595e-36 5.1672095696422e-36 1.0080087189858e-35 1.0082543789380e-35 1.0082543789380e-35 1.0082543789380e-35 1.0082543789380e-35
 1   2 3.1121767179589e-37 1.2168287543049e-36 3.6198489010725e-36 8.8435954155018e-36 1.8231465378421e-35 2.0852064442700e-35 2.0852064442700e-35 2.0852064442700e-35 2.0852064442700e-35
 1   3 5.2087380473570e-37 1.9623986378215e-36 5.7227120826621e-36 1.3793698697578e-35 2.8137262428403e-35 3.9014083531941e-35 3.9014083531941e-35 3.9014083531941e-35 3.9014083531941e-35
 1   4 7.2736331703699e-37 2.8583369493949e-36 8.5685890000030e-36 2.0938836072203e-35 4.3178955296231e-35 7.4376690161425e-35 7.4376690161425e-35 7.4376690161425e-35 7.4376690161425e-35
 1   5 1.4416979214721e-36 4.6399192080280e-36 1.3817990621242e-35 3.3650612179966e-35 6.9023478556287e-35 1.2671470943429e-34 1.4080124139560e-34 1.4080124139560e-34 1.4080124139560e-34
 1   6 3.6823182036720e-36 7.8577456690347e-36 2.2881379230037e-35 5.5019897006888e-35 1.1187683684061e-34 2.0336072932212e-34 2.6621427450735e-34 2.6621427450735e-34 2.6621427450735e-34
 1   7 8.9968545092932e-36 1.1510502528719e-35 3.4499565335184e-35 8.4117417211852e-35 1.7288089548927e-34 3.1380643622892e-34 4.9132986859659e-34 4.9132986859659e-34 4.9132986859659e-34
 1   8 2.1382062875254e-35 2.1382062875254e-35 5.4739804483324e-35 1.3398915979709e-34 2.7491734080725e-34 4.9722042690890e-34 8.3289303252628e-34 9.0410025586627e-34 9.0410025586627e-34
 1   9 4.9549801774015e-35 4.9549801774015e-35 9.0343990125171e-35 2.1800516192259e-34 4.4247209894359e-34 7.9784217870766e-34 1.3293433269644e-33 1.6632552624494e-33 1.6632552624494e-33
 1  10 1.1097536813088e-34 1.1097536813088e-34 1.3723034440130e-34 3.3446310917410e-34 6.8753461534596e-34 1.2483558987901e-33 2.0799722342488e-33 3.0285383189998e-33 3.0285383189998e-33
 1  11 2.4330363706220e-34 2.4330363706220e-34 2.4330363706220e-34 5.2605199725671e-34 1.0884608409229e-33 1.9766841170359e-33 3.2896040430449e-33 5.1434456943420e-33 5.4807725327517e-33
 1  12 4.4762811103988e-34 4.4762811103988e-34 4.4762811103988e-34 8.5728444847034e-34 1.7595288007948e-33 3.1774420455093e-33 5.2746253537640e-33 8.2182138184367e-33 9.2411099007390e-33
 1  13 5.1741597086900e-34 5.1741597086900e-34 5.2359236716311e-34 1.2950573709933e-33 2.7008128817134e-33 4.9284246350316e-33 8.2176179897376e-33 1.2834620375774e-32 1.2834620375774e-32
 1  14 5.8513532798266e-34 5.8513532798266e-34 9.0456448429935e-34 2.1792996701833e-33 4.4221138715355e-33 7.9725340297469e-33 1.3257652874644e-32 1.7707774735798e-32 1.7707774735798e-32
 1  15 6.4470988677756e-34 6.4470988677756e-34 1.4224642445621e-33 3.4418511326275e-33 6.9975657908634e-33 1.2606046968624e-32 2.1017534833539e-32 2.4268677436109e-32 2.4268677436109e-32
 1  16 6.8904149808467e-34 6.8904149808467e-34 2.0914619568441e-33 5.1880523988778e-33 1.0749751105528e-32 1.9529123886528e-32 3.2868450108667e-32 3.3095696676568e-32 3.3095696676568e-32
 1  17 7.1472402926922e-34 1.2321743925315e-33 3.6034643407923e-33 8.6357685136320e-33 1.7538503549279e-32 3.1785284961630e-32 4.4894444981774e-32 4.4894444981774e-32 4.4894444981774e-32
 1  18 7.1767185686039e-34 1.9351632688420e-33 5.6949428280257e-33 1.3671626720173e-32 2.7791331315728e-32 5.0667785568818e-32 6.0404417031623e-32 6.0404417031623e-32 6.0404417031623e-32
 1  19 6.9800725982133e-34 2.7447850029708e-33 8.4036686234300e-33 2.0697140623911e-32 4.2809015147660e-32 7.9001060922578e-32 8.0544244028865e-32 8.0544244028865e-32 8.0544244028865e-32
 1  20 1.2956583424801e-33 4.9213485263816e-33 1.4294240527397e-32 3.4125667765494e-32 7.0119789679093e-32 1.0612320681427e-31 1.0612320681427e-31 1.0612320681427e-31 1.0612320681427e-31
 1  21 2.0525931341082e-33 7.7852763102930e-33 2.2545981648771e-32 5.4007270979956e-32 1.1114433093381e-31 1.3708213100222e-31 1.3708213100222e-31 1.3708213100222e-31 1.3708213100222e-31
 1  22 3.0708814622263e-33 1.1818701587128e-32 3.4601452042726e-32 8.3473099875903e-32 1.7082453177336e-31 2.1136495743463e-31 2.1136495743463e-31 2.1136495743463e-31 2.1136495743463e-31
 1  23 5.7464015626009e-33 1.8051304143618e-32 5.3900712417054e-32 1.3060802533540e-31 2.6857607941006e-31 4.8670657107096e-31 5.4517688259498e-31 5.4517688259498e-31 5.4517688259498e-31
 1  24 1.3287946833432e-32 2.3754539716947e-32 6.9430373997279e-32 1.6660260275306e-31 3.4062854637111e-31 6.1510215146890e-31 8.5657727915041e-31 8.5657727915041e-31 8.5657727915041e-31
 1  25 2.9056022177891e-32 2.9056022177891e-32 8.2277722038136e-32 2.0195333840489e-31 4.1867309578548e-31 7.6206946115504e-31 1.2762103306425e-30 1.3265376636600e-30 1.3265376636600e-30
 1  26 6.0283147156920e-32 6.0283147156920e-32 1.1059397623370e-31 2.6496131673184e-31 5.4071324842627e-31 9.7556495508076e-31 1.6254246877521e-30 2.0261266378231e-30 2.0261266378231e-30
 1  27 1.1936968808448e-31 1.1936968808448e-31 1.2935749918017e-31 3.1752867178423e-31 6.5996757349516e-31 1.2018167726423e-30 2.0149507898518e-30 3.0580810913478e-30 3.0580810913478e-30
 1  28 2.2757450731496e-31 2.2757450731496e-31 2.2757450731496e-31 4.1624005757815e-31 8.5181295352676e-31 1.5370251615815e-30 2.5685320808970e-30 3.9786492736915e-30 4.5528630296614e-30
 1  29 4.1788744238116e-31 4.1788744238116e-31 4.1788744238116e-31 5.1899133533720e-31 1.0628867880305e-30 1.9233374621262e-30 3.2135299689333e-30 4.9908793081676e-30 6.7295204647852e-30
 1  30 7.3859220586177e-31 7.3859220586177e-31 7.3859220586177e-31 7.3859220586177e-31 1.3408219888926e-30 2.4433996728170e-30 4.0630320886455e-30 6.2932845430029e-30 9.1898297648981e-30
 1  31 1.2783084469994e-30 1.2783084469994e-30 1.2783084469994e-30 1.2783084469994e-30 1.6911611530365e-30 3.0551722600470e-30 5.1060751214408e-30 7.9308237814950e-30 1.1510912385625e-29
0.86655113 0.86692691 0.86730269 11540.0 11530.0  1
1.0000000000000 
 1   1 2.0348555438851e-37 8.6072128214194e-37 2.7384814030351e-36 6.9878576080170e-36 1.4048872233231e-35 1.4052436598426e-35 1.4052436598426e-35 1.4052436598426e-35 1.4052436598426e-35
 1   2 3.6310719341045e-37 1.5154331256261e-36 4.7631588565479e-36 1.1966590606021e-35 2.5611932646880e-35 2.9441435528498e-35 2.9441435528498e-35 2.9441435528498e-35 2.9441435528498e-35
 1   3 6.1510182183974e-37 2.4558879764972e-36 7.5190929499095e-36 1.8689351422546e-35 3.9792383622161e-35 5.5868451251669e-35 5.5868451251669e-35 5.5868451251669e-35 5.5868451251669e-35
 1   4 8.4815219543633e-37 3.5502207345617e-36 1.1148566641458e-35 2.8403505011202e-35 6.1064302734140e-35 1.0835135249916e-34 1.0835135249916e-34 1.0835135249916e-34 1.0835135249916e-34
 1   5 1.6868831810373e-36 5.7581512571365e-36 1.8034775269595e-35 4.5678063173742e-35 9.7992124861549e-35 1.8638086265718e-34 2.0752310430886e-34 2.0752310430886e-34 2.0752310430886e-34
 1   6 4.4399022148607e-36 9.8021879562304e-36 2.9936170565457e-35 7.4788233718302e-35 1.5872837972398e-34 3.0116493579966e-34 3.9640378656864e-34 3.9640378656864e-34 3.9640378656864e-34
 1   7 1.1023538353158e-35 1.4294062963466e-35 4.4782546552113e-35 1.1358401279644e-34 2.4329971109474e-34 4.6486889382885e-34 7.4250096077915e-34 7.4250096077915e-34 7.4250096077915e-34
 1   8 2.6566152239569e-35 2.6566152239569e-35 7.1268580930861e-35 1.8060098907661e-34 3.8806016440070e-34 7.3622400461675e-34 1.2710887656735e-33 1.3848965471358e-33 1.3848965471358e-33
 1   9 6.2826528330197e-35 6.2826528330197e-35 1.1803490047379e-34 2.9530321383314e-34 6.2654606541671e-34 1.1814190260214e-33 2.0251451573455e-33 2.5596788055209e-33 2.5596788055209e-33
 1  10 1.4291258537002e-34 1.4291258537002e-34 1.7873232040078e-34 4.5391893436220e-34 9.6948281286244e-34 1.8424189686140e-33 3.1717993052833e-33 4.6962439295930e-33 4.6962439295930e-33
 1  11 3.1718370955900e-34 3.1718370955900e-34 3.1718370955900e-34 7.1659894275878e-34 1.5324948320674e-33 2.9160271629078e-33 5.0279956187019e-33 7.9860771940363e-33 8.5190588223266e-33
 1  12 5.8876664125399e-34 5.8876664125399e-34 5.8876664125399e-34 1.1700653117959e-33 2.4824025415818e-33 4.6965598436998e-33 8.0682273514275e-33 1.2754968878562e-32 1.4371508709813e-32
 1  13 6.7042506548100e-34 6.7042506548100e-34 6.7880601877813e-34 1.7603755240693e-33 3.7888655138559e-33 7.2570649850151e-33 1.2547648409275e-32 1.9922968860667e-32 1.9922968860667e-32
 1  14 7.4783586842196e-34 7.4783586842196e-34 1.1821069657231e-33 2.9531145606892e-33 6.2503510518197e-33 1.1796242298187e-32 2.0186710120057e-32 2.7290935125527e-32 2.7290935125527e-32
 1  15 8.0626735079618e-34 8.0626735079618e-34 1.8570597507535e-33 4.6522297476784e-33 9.8904573882371e-33 1.8669568621744e-32 3.2061364503600e-32 3.7245517934653e-32 3.7245517934653e-32
 1  16 8.5053720273212e-34 8.5053720273212e-34 2.7151383007591e-33 6.9823820772707e-33 1.5111614646770e-32 2.8858057174269e-32 4.9937968146167e-32 5.0300208485316e-32 5.0300208485316e-32
 1  17 8.6899907619575e-34 1.5377126494526e-33 4.6883339546379e-33 1.1721474980003e-32 2.4788354672400e-32 4.7007977947081e-32 6.7213538588422e-32 6.7213538588422e-32 6.7213538588422e-32
 1  18 8.5063234430614e-34 2.4105566942015e-33 7.4003033797666e-33 1.8587398627886e-32 3.9316083642701e-32 7.4584822686086e-32 8.9415723404408e-32 8.9415723404408e-32 8.9415723404408e-32
 1  19 8.0463102592564e-34 3.3918294398962e-33 1.0876648659435e-32 2.7934562363640e-32 6.0055189414937e-32 1.1536000632416e-31 1.1768567487749e-31 1.1768567487749e-31 1.1768567487749e-31
 1  20 1.5281998695831e-33 6.0999509577358e-33 1.8603987791912e-32 4.6408237790556e-32 9.8643183611682e-32 1.5284045562103e-31 1.5284045562103e-31 1.5284045562103e-31 1.5284045562103e-31
 1  21 2.3942316490625e-33 9.6892472855229e-33 2.9508170202463e-32 7.3800139064610e-32 1.5659362100411e-31 1.9576222124809e-31 1.9576222124809e-31 1.9576222124809e-31 1.9576222124809e-31
 1  22 3.6445695415306e-33 1.4837114675334e-32 4.5263961630955e-32 1.1430387166972e-31 2.4209915061259e-31 3.0539162208233e-31 3.0539162208233e-31 3.0539162208233e-31 3.0539162208233e-31
 1  23 6.6968376017246e-33 2.2389426372393e-32 6.9793160941301e-32 1.7720344590765e-31 3.8032919886815e-31 7.1883421469450e-31 8.1229320961030e-31 8.1229320961030e-31 8.1229320961030e-31
 1  24 1.6095246279019e-32 2.9592747021005e-32 9.0399635685934e-32 2.2657963942608e-31 4.8260433088546e-31 9.0957580553068e-31 1.2963743845784e-30 1.2963743845784e-30 1.2963743845784e-30
 1  25 3.5968784132866e-32 3.5968784132866e-32 1.0650340870710e-31 2.7399078254814e-31 5.9011607864669e-31 1.1223383081990e-30 1.9482959343410e-30 2.0268770734166e-30 2.0268770734166e-30
 1  26 7.6350274141699e-32 7.6350274141699e-32 1.4397588815227e-31 3.6096563307536e-31 7.6536973207463e-31 1.4428232072162e-30 2.4855991676951e-30 3.1194655944268e-30 3.1194655944268e-30
 1  27 1.5388425933973e-31 1.5388425933973e-31 1.6750414814542e-31 4.3122822180819e-31 9.2983389901456e-31 1.7704806906435e-30 3.0778570440688e-30 4.7342017471458e-30 4.7342017471458e-30
 1  28 2.9788296383736e-31 2.9788296383736e-31 2.9788296383736e-31 5.6669054510486e-31 1.2095485162052e-30 2.2813873990137e-30 3.9191861866585e-30 6.1692042493866e-30 7.1115286692544e-30
 1  29 5.6094148435364e-31 5.6094148435364e-31 5.6094148435364e-31 7.0368453754065e-31 1.5108004468520e-30 2.8426765475766e-30 4.9255297215839e-30 7.7816462132909e-30 1.0622187498889e-29
 1  30 1.0118166366228e-30 1.0118166366228e-30 1.0118166366228e-30 1.0118166366228e-30 1.8914471467443e-30 3.5906334467336e-30 6.1818589632908e-30 9.8077508458598e-30 1.4637734129660e-29
 1  31 1.7683851133544e-30 1.7683851133544e-30 1.7683851133544e-30 1.7683851133544e-30 2.3982292805363e-30 4.5257104267110e-30 7.7982859470839e-30 1.2279564568125e-29 1.8144566678163e-29
0.86730269 0.86767912 0.86805556 11530.0 11520.0  1
1.0000000000000 
 1   1 5.6849731419896e-38 2.5972425802083e-37 8.9819733922254e-37 2.3884826953455e-36 5.0837361258883e-36 5.0851172456547e-36 5.0851172456547e-36 5.0851172456547e-36 5.0851172456547e-36
 1   2 1.0153603522402e-37 4.5908071272320e-37 1.5639879156280e-36 4.1107853205749e-36 9.3746449340076e-36 1.0874805027411e-35 1.0874805027411e-35 1.0874805027411e-35 1.0874805027411e-35
 1   3 1.7598670874275e-37 7.5403892786094e-37 2.4846775077118e-36 6.4588887374710e-36 1.4560959874175e-35 2.0974804018245e-35 2.0974804018245e-35 2.0974804018245e-35 2.0974804018245e-35
 1   4 2.3926915681506e-37 1.0739094046767e-36 3.6703487381845e-36 9.7341572251273e-36 2.2196764260264e-35 4.0801144889990e-35 4.0801144889990e-35 4.0801144889990e-35 4.0801144889990e-35
 1   5 4.7482996221569e-37 1.7396511037916e-36 5.9292163926752e-36 1.5694908707493e-35 3.5584435270454e-35 7.0386552647731e-35 7.8726346423423e-35 7.8726346423423e-35 7.8726346423423e-35
 1   6 1.2898812010056e-36 3.0083744468064e-36 9.9279179251188e-36 2.5857997249258e-35 5.7911039138060e-35 1.1368056634121e-34 1.5265066067049e-34 1.5265066067049e-34 1.5265066067049e-34
 1   7 3.2653757240721e-36 4.3376455422832e-36 1.4740083574501e-35 3.9018833149008e-35 8.8474868011586e-35 1.7573084940041e-34 2.8925885402363e-34 2.8925885402363e-34 2.8925885402363e-34
 1   8 8.0729506748439e-36 8.0729506748439e-36 2.3375409716548e-35 6.2125157687165e-35 1.4047607486258e-34 2.7913217682117e-34 4.9805447688501e-34 5.4577229252420e-34 5.4577229252420e-34
 1   9 1.9627791094122e-35 1.9627791094122e-35 3.9127603684629e-35 1.0205354967914e-34 2.2764586863826e-34 4.4858347570641e-34 7.9682758014610e-34 1.0203147701763e-33 1.0203147701763e-33
 1  10 4.5883794774150e-35 4.5883794774150e-35 5.8985158580560e-35 1.5587381107915e-34 3.5119177131875e-34 6.9850183988589e-34 1.2429503696507e-33 1.8786572553979e-33 1.8786572553979e-33
 1  11 1.0486746963748e-34 1.0486746963748e-34 1.0486746963748e-34 2.4506944998233e-34 5.5445928761227e-34 1.1045984498143e-33 1.9661849321021e-33 3.2140384907282e-33 3.4362976565038e-33
 1  12 1.9595685978637e-34 1.9595685978637e-34 1.9595685978637e-34 4.0253316308871e-34 9.0155062698643e-34 1.7803346834623e-33 3.1608231267825e-33 5.1457507652955e-33 5.8286439228302e-33
 1  13 2.1832541525656e-34 2.1832541525656e-34 2.2146724533337e-34 5.9839292979677e-34 1.3674802207959e-33 2.7467478948657e-33 4.9001528938683e-33 8.0014820475038e-33 8.0014820475038e-33
 1  14 2.3622330397942e-34 2.3622330397942e-34 3.9225488844096e-34 1.0216932209737e-33 2.2745918544167e-33 4.4789607783412e-33 7.9468303763982e-33 1.0917449333668e-32 1.0917449333668e-32
 1  15 2.4915243318264e-34 2.4915243318264e-34 6.1373152395382e-34 1.6081627809623e-33 3.5943954018757e-33 7.0862340644299e-33 1.2593048939840e-32 1.4777133606715e-32 1.4777133606715e-32
 1  16 2.5418864587420e-34 2.5418864587420e-34 8.8267962638742e-34 2.3868831563309e-33 5.4533633105683e-33 1.0921663480916e-32 1.9542881578536e-32 1.9692799719937e-32 1.9692799719937e-32
 1  17 2.5479625247565e-34 4.7250386739069e-34 1.5543648126289e-33 4.0460934325166e-33 9.0621812934447e-33 1.7765434203073e-32 2.6005605521299e-32 2.6005605521299e-32 2.6005605521299e-32
 1  18 2.4361971188111e-34 7.3549662156943e-34 2.4507964372240e-33 6.3950646919815e-33 1.4388616560721e-32 2.8154973431891e-32 3.4002949094004e-32 3.4002949094004e-32 3.4002949094004e-32
 1  19 2.2132467072559e-34 1.0110208342942e-33 3.5545362251492e-33 9.5314349648731e-33 2.1936301218142e-32 4.3478241713998e-32 4.4380307262612e-32 4.4380307262612e-32 4.4380307262612e-32
 1  20 4.3914329179660e-34 1.8741545610213e-33 6.1531622809197e-33 1.6067459061933e-32 3.6239215424480e-32 5.7408728453270e-32 5.7408728453270e-32 5.7408728453270e-32 5.7408728453270e-32
 1  21 6.8361801510581e-34 2.9814331379554e-33 9.7706039842272e-33 2.5634449057499e-32 5.7387181641819e-32 7.2801821099816e-32 7.2801821099816e-32 7.2801821099816e-32 7.2801821099816e-32
 1  22 1.0240691889303e-33 4.5452542516238e-33 1.5069177831337e-32 3.9205422604515e-32 8.8389992911352e-32 1.1202648066938e-31 1.1202648066938e-31 1.1202648066938e-31 1.1202648066938e-31
 1  23 1.8925233132918e-33 6.7689130378453e-33 2.3064893344366e-32 6.1083029920352e-32 1.3869584964702e-31 2.7465242129844e-31 3.1201661420402e-31 3.1201661420402e-31 3.1201661420402e-31
 1  24 4.6726715944392e-33 9.1040560756408e-33 2.9903177446642e-32 7.8533020214383e-32 1.7560112955804e-31 3.4576073119691e-31 4.9748068209286e-31 4.9748068209286e-31 4.9748068209286e-31
 1  25 1.0795273593631e-32 1.0795273593631e-32 3.4962496316373e-32 9.3849441241896e-32 2.1341958050055e-31 4.2674178304907e-31 7.6040171678986e-31 7.9363952485597e-31 7.9363952485597e-31
 1  26 2.3925155375129e-32 2.3925155375129e-32 4.7950533398608e-32 1.2509368729615e-31 2.7901792519875e-31 5.4941816025230e-31 9.7351884259394e-31 1.2457722680015e-30 1.2457722680015e-30
 1  27 4.9977288432202e-32 4.9977288432202e-32 5.5045485223018e-32 1.4771520621190e-31 3.3671539620688e-31 6.7325710136849e-31 1.1996293187147e-30 1.9149451847777e-30 1.9149451847777e-30
 1  28 9.9676313841677e-32 9.9676313841677e-32 9.9676313841677e-32 1.9601150833507e-31 4.3849545702340e-31 8.6637093384418e-31 1.5356223736430e-30 2.5046457496812e-30 2.8956746037591e-30
 1  29 1.8895637932053e-31 1.8895637932053e-31 1.8895637932053e-31 2.4315229951138e-31 5.4644241981308e-31 1.0823884273897e-30 1.9209420867578e-30 3.1378918915540e-30 4.3374432514833e-30
 1  30 3.5197841452604e-31 3.5197841452604e-31 3.5197841452604e-31 3.5197841452604e-31 6.8556706628940e-31 1.3579052131942e-30 2.4130134259668e-30 3.9486393731127e-30 5.9861980226359e-30
 1  31 6.3500148407691e-31 6.3500148407691e-31 6.3500148407691e-31 6.3500148407691e-31 8.7510805421542e-31 1.7319086772925e-30 3.0906509365040e-30 4.9864180720073e-30 7.6029808520790e-30
0.86805556 0.86843264 0.86880973 11520.0 11510.0  1
1.0000000000000 
 1   1 1.7144907730491e-38 8.8026105519081e-38 3.3277982120925e-37 9.7603240637152e-37 2.1689646498085e-36 2.1695764679284e-36 2.1695764679284e-36 2.1695764679284e-36 2.1695764679284e-36
 1   2 3.0598136695672e-38 1.5596774767101e-37 5.8172786983167e-37 1.6882094147455e-36 4.0393401744232e-36 4.7090634445220e-36 4.7090634445220e-36 4.7090634445220e-36 4.7090634445220e-36
 1   3 5.3865980230972e-38 2.5983546506696e-37 9.3306119659943e-37 2.6621282594589e-36 6.3044630458925e-36 9.2211885373924e-36 9.2211885373924e-36 9.2211885373924e-36 9.2211885373924e-36
 1   4 7.2324500174383e-38 3.6461801736275e-37 1.3677431730851e-36 3.9894275822613e-36 9.6039574504493e-36 1.8533574027259e-35 1.8533574027259e-35 1.8533574027259e-35 1.8533574027259e-35
 1   5 1.4314263813078e-37 5.8970325354269e-37 2.2149258045087e-36 6.4364837462677e-36 1.5436175111434e-35 3.2460897676536e-35 3.6624294333169e-35 3.6624294333169e-35 3.6624294333169e-35
 1   6 4.0350391522311e-37 1.0417389998936e-36 3.7317088401819e-36 1.0638497946501e-35 2.5206036973017e-35 5.2542651717181e-35 7.1865454258703e-35 7.1865454258703e-35 7.1865454258703e-35
 1   7 1.0722735849014e-36 1.4815886960664e-36 5.5045873537934e-36 1.5986245339617e-35 3.8419468783333e-35 8.0758436364659e-35 1.3768543520251e-34 1.3768543520251e-34 1.3768543520251e-34
 1   8 2.7545323464817e-36 2.7545323464817e-36 8.7289022078431e-36 2.5405179376577e-35 6.1095389049590e-35 1.2826601759427e-34 2.4046470341060e-34 2.6547192227415e-34 2.6547192227415e-34
 1   9 6.8985504578626e-36 6.8985504578626e-36 1.4709152231452e-35 4.1916934688873e-35 9.9431278921841e-35 2.0702485082446e-34 3.8660549014156e-34 5.0706239111440e-34 5.0706239111440e-34
 1  10 1.6579364891554e-35 1.6579364891554e-35 2.2064887052852e-35 6.3813472927970e-35 1.5303288000550e-34 3.2155087770217e-34 6.0153958123713e-34 9.4835725083274e-34 9.4835725083274e-34
 1  11 3.9230513967652e-35 3.9230513967652e-35 3.9230513967652e-35 1.0022585111404e-34 2.4138641036779e-34 5.0854865678422e-34 9.5167783870282e-34 1.6370549627375e-33 1.7607887838020e-33
 1  12 7.4176615053608e-35 7.4176615053608e-35 7.4176615053608e-35 1.6524636962548e-34 3.9354008029195e-34 8.2251901937378e-34 1.5358220320932e-33 2.6246006238328e-33 3.0042919113041e-33
 1  13 8.0581417706096e-35 8.0581417706096e-35 8.1970188517308e-35 2.4375280447391e-34 5.9363552967155e-34 1.2601772393620e-33 2.3627666040268e-33 4.0682955820677e-33 4.0682955820677e-33
 1  14 8.4131577097416e-35 8.4131577097416e-35 1.4760374914363e-34 4.1967811553744e-34 9.9403264503738e-34 2.0683122486436e-33 3.8590425266000e-33 5.4661343220061e-33 5.4661343220061e-33
 1  15 8.6780101327175e-35 8.6780101327175e-35 2.3005166017224e-34 6.5927127713063e-34 1.5681090966549e-33 3.2670257353015e-33 6.1058743472380e-33 7.2665798771010e-33 7.2665798771010e-33
 1  16 8.5337015559704e-35 8.5337015559704e-35 3.2676346046410e-34 9.7087274309679e-34 2.3629658870535e-33 4.9990207849801e-33 9.4062102863639e-33 9.4840338898601e-33 9.4840338898601e-33
 1  17 8.1636469803707e-35 1.6418238652587e-34 5.8420659561002e-34 1.6644357159170e-33 3.9413862732171e-33 8.2040447034055e-33 1.2298999027982e-32 1.2298999027982e-32 1.2298999027982e-32
 1  18 7.4898321519321e-35 2.5352970323039e-34 9.1720417097756e-34 2.6293817634338e-33 6.2387430451054e-33 1.3010818162754e-32 1.5932841448877e-32 1.5932841448877e-32 1.5932841448877e-32
 1  19 6.5395322130136e-35 3.3969775541398e-34 1.3112605504289e-33 3.8889294704696e-33 9.4283411715701e-33 1.9972269093741e-32 2.0416802853655e-32 2.0416802853655e-32 2.0416802853655e-32
 1  20 1.3458721550694e-34 6.4818397767947e-34 2.3096105658117e-33 6.5899315333051e-33 1.5597289239595e-32 2.5679843710592e-32 2.5679843710592e-32 2.5679843710592e-32 2.5679843710592e-32
 1  21 2.0556565366713e-34 1.0137374201060e-33 3.6602763501095e-33 1.0430037213255e-32 2.4752769519665e-32 3.1778440645772e-32 3.1778440645772e-32 3.1778440645772e-32 3.1778440645772e-32
 1  22 3.1053553136226e-34 1.5472396638240e-33 5.6361747226403e-33 1.6132751895650e-32 3.8377795235667e-32 4.9676344245976e-32 4.9676344245976e-32 4.9676344245976e-32 4.9676344245976e-32
 1  23 5.7037786884530e-34 2.3142129935371e-33 8.5938423035580e-33 2.5099616760290e-32 6.0490057672552e-32 1.2641161629746e-31 1.4516089225239e-31 1.4516089225239e-31 1.4516089225239e-31
 1  24 1.5143809232987e-33 3.1697205169923e-33 1.1366556501291e-32 3.2462072895380e-32 7.7004948087975e-32 1.6104783946308e-31 2.3801487198077e-31 2.3801487198077e-31 2.3801487198077e-31
 1  25 3.6343662505655e-33 3.6343662505655e-33 1.2870768296429e-32 3.8045174415423e-32 9.2568587332410e-32 1.9474279728222e-31 3.6751863792301e-31 3.8493563209061e-31 3.8493563209061e-31
 1  26 8.3790302618368e-33 8.3790302618368e-33 1.7969043048947e-32 5.1160588065513e-32 1.2127397717787e-31 2.5324105030697e-31 4.7324090712410e-31 6.1827081404098e-31 6.1827081404098e-31
 1  27 1.8131528694326e-32 1.8131528694326e-32 2.0330990296677e-32 6.0232030785075e-32 1.4606451826976e-31 3.0923391344709e-31 5.7972682447526e-31 9.6999960058668e-31 9.6999960058668e-31
 1  28 3.7815403473403e-32 3.7815403473403e-32 3.7815403473403e-32 8.0335870022767e-32 1.9133367558574e-31 4.0037173019798e-31 7.4640247244728e-31 1.2782408325644e-30 1.4967981462241e-30
 1  29 7.4844883178791e-32 7.4844883178791e-32 7.4844883178791e-32 9.9525015963782e-32 2.3780854921231e-31 4.9881167083641e-31 9.3198731062572e-31 1.6002446583620e-30 2.2967692598118e-30
 1  30 1.4424805035932e-31 1.4424805035932e-31 1.4424805035932e-31 1.4424805035932e-31 2.9791082305347e-31 6.2622726510396e-31 1.1700035696898e-30 2.0133882287212e-30 3.2071461882524e-30
 1  31 2.6592959493850e-31 2.6592959493850e-31 2.6592959493850e-31 2.6592959493850e-31 3.8122718251263e-31 7.9581766886827e-31 1.4894593939326e-30 2.5384264480583e-30 4.0357192423052e-30
0.86880973 0.86918748 0.86956522 11510.0 11500.0  1
1.0000000000000 
 1   1 1.3072775030819e-38 7.6429615236010e-38 3.2698465612174e-37 1.0377077444715e-36 2.5384357112752e-36 2.5392199003167e-36 2.5392199003167e-36 2.5392199003167e-36 2.5392199003167e-36
 1   2 2.3187554738488e-38 1.3571845797330e-37 5.7629612309309e-37 1.8054304303092e-36 4.8172054809665e-36 5.6916117766488e-36 5.6916117766488e-36 5.6916117766488e-36 5.6916117766488e-36
 1   3 4.1873830523902e-38 2.3084291373094e-37 9.3561178401226e-37 2.8837963676764e-36 7.5461994880372e-36 1.1444166449506e-35 1.1444166449506e-35 1.1444166449506e-35 1.1444166449506e-35
 1   4 5.5182797213480e-38 3.2042276777687e-37 1.3387587604905e-36 4.2976992538489e-36 1.1317253381139e-35 2.3066508110854e-35 2.3066508110854e-35 2.3066508110854e-35 2.3066508110854e-35
 1   5 1.0812418950730e-37 5.1806255338773e-37 2.1630274491087e-36 6.9700816997919e-36 1.8219505239976e-35 4.1006213552911e-35 4.6762743698301e-35 4.6762743698301e-35 4.6762743698301e-35
 1   6 3.2619425652553e-37 9.3396520226474e-37 3.7126805971244e-36 1.1622244803599e-35 3.0120432748779e-35 6.6876445012172e-35 9.4428821514841e-35 9.4428821514841e-35 9.4428821514841e-35
 1   7 9.0881214145864e-37 1.3216453413378e-36 5.4078390173233e-36 1.7379550528452e-35 4.5730277393026e-35 1.0236693830978e-34 1.8502243199801e-34 1.8502243199801e-34 1.8502243199801e-34
 1   8 2.4459103726988e-36 2.4459103726988e-36 8.5039260487356e-36 2.7572520044779e-35 7.2727181157465e-35 1.6285177054260e-34 3.2307034190385e-34 3.5867434387471e-34 3.5867434387471e-34
 1   9 6.3583080626984e-36 6.3583080626984e-36 1.4642826914211e-35 4.6009942307560e-35 1.1934506010029e-34 2.6424573472945e-34 5.1959426292012e-34 6.9529480660681e-34 6.9529480660681e-34
 1  10 1.5762855495213e-35 1.5762855495213e-35 2.1740182567170e-35 6.9455116867667e-35 1.8257276605574e-34 4.0724179856548e-34 8.0514355982970e-34 1.3308828572220e-33 1.3308828572220e-33
 1  11 3.8444973222531e-35 3.8444973222531e-35 3.8444973222531e-35 1.0832928902121e-34 2.8730250540785e-34 6.4182707871767e-34 1.2722972289675e-33 2.3247889529457e-33 2.5102393498352e-33
 1  12 7.4271693490724e-35 7.4271693490724e-35 7.4271693490724e-35 1.7990313114130e-34 4.7149955440470e-34 1.0437233626405e-33 2.0578845117258e-33 3.7289149346220e-33 4.3006860397795e-33
 1  13 7.7364259563563e-35 7.7364259563563e-35 7.8841703286034e-35 2.6132580217023e-34 7.0163595578102e-34 1.5818914005764e-33 3.1515032932904e-33 5.7706413581408e-33 5.7706413581408e-33
 1  14 7.8678436993021e-35 7.8678436993021e-35 1.4727904178809e-34 4.6060657886342e-34 1.1937697982287e-33 2.6385193953015e-33 5.1815915880521e-33 7.5786295462062e-33 7.5786295462062e-33
 1  15 7.8005787901411e-35 7.8005787901411e-35 2.2716775008639e-34 7.2000401928533e-34 1.8771575817457e-33 4.1669654758498e-33 8.2067351161009e-33 9.8655200102684e-33 9.8655200102684e-33
 1  16 7.3424201093867e-35 7.3424201093867e-35 3.1379291345211e-34 1.0402527155697e-33 2.7903089604423e-33 6.3110991305023e-33 1.2605939704765e-32 1.2715741162707e-32 1.2715741162707e-32
 1  17 6.7430482820775e-35 1.4721985381082e-34 5.8340211666367e-34 1.8205735081299e-33 4.7213146527022e-33 1.0460326029256e-32 1.6368732386577e-32 1.6368732386577e-32 1.6368732386577e-32
 1  18 5.8126249883587e-35 2.2442590951309e-34 9.1018435748674e-34 2.8598752671369e-33 7.4335706045788e-33 1.6552817740652e-32 2.0663092430040e-32 2.0663092430040e-32 2.0663092430040e-32
 1  19 4.7801962782402e-35 2.9172587687467e-34 1.2651048565794e-33 4.1439272559416e-33 1.1072097370462e-32 2.5133100716873e-32 2.5739914410655e-32 2.5739914410655e-32 2.5739914410655e-32
 1  20 1.0556016182612e-34 5.7572076617628e-34 2.2948819889378e-33 7.1534062197397e-33 1.8666715109208e-32 3.1639908636528e-32 3.1639908636528e-32 3.1639908636528e-32 3.1639908636528e-32
 1  21 1.5743003243817e-34 8.9042696067880e-34 3.6168594662619e-33 1.1358069432078e-32 2.9578070974035e-32 3.8364612066523e-32 3.8364612066523e-32 3.8364612066523e-32 3.8364612066523e-32
 1  22 2.3761240769430e-34 1.3505196740235e-33 5.5457913293475e-33 1.7484038487902e-32 4.5962795961255e-32 5.9903039303638e-32 5.9903039303638e-32 5.9903039303638e-32 5.9903039303638e-32
 1  23 4.3111204806885e-34 2.0000540467562e-33 8.4183160177253e-33 2.6870252145990e-32 7.1375288175432e-32 1.6018192330449e-31 1.8509015489079e-31 1.8509015489079e-31 1.8509015489079e-31
 1  24 1.2182866614605e-33 2.7794440865628e-33 1.1236967800005e-32 3.4984927687323e-32 9.1567171940001e-32 2.0431932641445e-31 3.1211117096960e-31 3.1211117096960e-31 3.1211117096960e-31
 1  25 3.1429971222943e-33 3.1429971222943e-33 1.2432591022217e-32 4.0706232078191e-32 1.0953939323180e-31 2.4655432122198e-31 4.9113451723118e-31 5.1564315126786e-31 5.1564315126786e-31
 1  26 7.6298803652181e-33 7.6298803652181e-33 1.7815170838425e-32 5.5668326782273e-32 1.4569697645109e-31 3.2360863419522e-31 6.3564730067325e-31 8.4679218205552e-31 8.4679218205552e-31
 1  27 1.7346257325674e-32 1.7346257325674e-32 1.9689255604469e-32 6.4003945303050e-32 1.7256140696130e-31 3.9053686267228e-31 7.7612418883098e-31 1.3659801070680e-30 1.3659801070680e-30
 1  28 3.8017638460255e-32 3.8017638460255e-32 3.8017638460255e-32 8.7286715055973e-32 2.2815799920082e-31 5.0785347934338e-31 1.0016917746408e-30 1.8189845968240e-30 2.1513365344907e-30
 1  29 7.8489127255323e-32 7.8489127255323e-32 7.8489127255323e-32 1.0826662672345e-31 2.8366575933224e-31 6.3488003200058e-31 1.2505392267325e-30 2.2755921178246e-30 3.3448009025529e-30
 1  30 1.5612694974684e-31 1.5612694974684e-31 1.5612694974684e-31 1.5612694974684e-31 3.5417990385615e-31 7.9284912245448e-31 1.5851223467166e-30 2.8869906157325e-30 4.8197461385975e-30
 1  31 3.0165627719361e-31 3.0165627719361e-31 3.0165627719361e-31 3.0165627719361e-31 4.5614005040721e-31 1.0142756767652e-30 1.9948460748709e-30 3.6236266579352e-30 5.9594328626237e-30
