-----------------------------------------------------------------------------------------------
Content :
Spectral range definition: line 1 (3 values)  ==> max, min and step of the wavenumber (in cm-1)
Temperatures definition :  line 2 (1 value)   ==> NT = number of T values
Temperatures definition :  line 3 (NT values) ==> list of T values (in K)
Pressures definition :     line 4 (1 value)   ==> NP = number of P values
Pressures definition :     line 5 (NP values) ==> list of P values (in mbar)
For each spectral range: 
    First line of the block (6 values): 
    --> min, mean and max wavelengths (in microns), min and max wavenumbers (in cm-1)
        of the spectral range, nmaxai (number of exponentials for the CKD expansion) 
    If nmaxai not null, second line of the block (nmaxnai values): 
    --> coefs kdis_ai for nai = 1 to nmaxai 
    If nmaxai not null, following lines of the block : 
    --> for nai = 1 to nmaxai 
    -->     for pressure index ip = 1 to NP 
    -->         line : nai, ip, kdis_ki(T,P,nai) for temperature index it = 1 to IT 
-----------------------------------------------------------------------------------------------
7500 7000 10
9
  160.00  180.00  200.00  220.00  240.00  260.00  280.00  300.00  320.00
31
    0.007    0.011    0.017    0.028    0.044    0.069    0.110    0.174    0.276    0.438    0.694    1.100    1.743    2.763    4.379    6.941   11.000   17.434   27.631   43.792   69.405  110.000  174.338  219.479  276.308  347.851  437.918  551.306  694.053  873.761 1098.900
1.33333333 1.33422340 1.33511348  7500.0  7490.0  0
1.33511348 1.33600594 1.33689840  7490.0  7480.0  0
1.33689840 1.33779324 1.33868809  7480.0  7470.0  0
1.33868809 1.33958533 1.34048257  7470.0  7460.0  0
1.34048257 1.34138222 1.34228188  7460.0  7450.0  0
1.34228188 1.34318395 1.34408602  7450.0  7440.0  0
1.34408602 1.34499052 1.34589502  7440.0  7430.0  0
1.34589502 1.34680196 1.34770889  7430.0  7420.0  0
1.34770889 1.34861828 1.34952767  7420.0  7410.0  0
1.34952767 1.35043951 1.35135135  7410.0  7400.0  0
1.35135135 1.35226566 1.35317997  7400.0  7390.0  0
1.35317997 1.35409676 1.35501355  7390.0  7380.0  0
1.35501355 1.35593282 1.35685210  7380.0  7370.0  0
1.35685210 1.35777388 1.35869565  7370.0  7360.0  0
1.35869565 1.35961994 1.36054422  7360.0  7350.0  0
1.36054422 1.36147102 1.36239782  7350.0  7340.0  0
1.36239782 1.36332715 1.36425648  7340.0  7330.0  0
1.36425648 1.36518835 1.36612022  7330.0  7320.0  0
1.36612022 1.36705464 1.36798906  7320.0  7310.0  0
1.36798906 1.36892604 1.36986301  7310.0  7300.0  0
1.36986301 1.37080256 1.37174211  7300.0  7290.0  0
1.37174211 1.37268424 1.37362637  7290.0  7280.0  0
1.37362637 1.37457110 1.37551582  7280.0  7270.0  0
1.37551582 1.37646314 1.37741047  7270.0  7260.0  0
1.37741047 1.37836040 1.37931034  7260.0  7250.0  0
1.37931034 1.38026290 1.38121547  7250.0  7240.0  0
1.38121547 1.38217066 1.38312586  7240.0  7230.0  0
1.38312586 1.38408370 1.38504155  7230.0  7220.0  0
1.38504155 1.38600205 1.38696255  7220.0  7210.0  0
1.38696255 1.38792572 1.38888889  7210.0  7200.0  0
1.38888889 1.38985474 1.39082058  7200.0  7190.0  0
1.39082058 1.39178912 1.39275766  7190.0  7180.0  0
1.39275766 1.39372890 1.39470014  7180.0  7170.0  0
1.39470014 1.39567409 1.39664804  7170.0  7160.0  0
1.39664804 1.39762472 1.39860140  7160.0  7150.0  0
1.39860140 1.39958081 1.40056022  7150.0  7140.0  0
1.40056022 1.40154238 1.40252454  7140.0  7130.0  0
1.40252454 1.40350946 1.40449438  7130.0  7120.0  0
1.40449438 1.40548207 1.40646976  7120.0  7110.0  0
1.40646976 1.40746023 1.40845070  7110.0  7100.0  0
1.40845070 1.40944397 1.41043724  7100.0  7090.0  0
1.41043724 1.41143331 1.41242938  7090.0  7080.0  0
1.41242938 1.41342827 1.41442716  7080.0  7070.0  0
1.41442716 1.41542888 1.41643059  7070.0  7060.0  0
1.41643059 1.41743516 1.41843972  7060.0  7050.0  0
1.41843972 1.41944714 1.42045455  7050.0  7040.0  0
1.42045455 1.42146483 1.42247511  7040.0  7030.0  0
1.42247511 1.42348826 1.42450142  7030.0  7020.0  0
1.42450142 1.42551747 1.42653352  7020.0  7010.0  1
1.0000000000000 
 1   1 8.3394574281874e-35 7.2741846138258e-35 6.3843531833807e-35 5.6329057922368e-35 5.0349551192306e-35 5.0346876483481e-35 5.0346876483481e-35 5.0346876483481e-35 5.0346876483481e-35
 1   2 1.3966532814362e-34 1.2178768914767e-34 1.0686407663888e-34 9.4266266946923e-35 8.3530496555906e-35 8.0975403464050e-35 8.0975403464050e-35 8.0975403464050e-35 8.0975403464050e-35
 1   3 2.1432958394211e-34 1.8686503087236e-34 1.6394301730513e-34 1.4459618256221e-34 1.2811204390552e-34 1.1949244459219e-34 1.1949244459219e-34 1.1949244459219e-34 1.1949244459219e-34
 1   4 3.3717188896878e-34 2.9401779239341e-34 2.5798255389148e-34 2.2755534179792e-34 2.0162265072184e-34 1.8134163087368e-34 1.8134163087368e-34 1.8134163087368e-34 1.8134163087368e-34
 1   5 5.1729924795339e-34 4.6638610806088e-34 4.0913806380789e-34 3.6081746293080e-34 3.1964065346434e-34 2.8426523004342e-34 2.7664901388168e-34 2.7664901388168e-34 2.7664901388168e-34
 1   6 7.9023076095059e-34 7.4559870981780e-34 6.5396685887254e-34 5.7664495269186e-34 5.1076965234106e-34 4.5418135429247e-34 4.2565504513389e-34 4.2565504513389e-34 4.2565504513389e-34
 1   7 1.1894336934421e-33 1.1708195567259e-33 1.0270887400440e-33 9.0569773432194e-34 8.0219977300035e-34 7.1333148172323e-34 6.4507080027747e-34 6.4507080027747e-34 6.4507080027747e-34
 1   8 1.8009174058742e-33 1.8009174058742e-33 1.6249901662653e-33 1.4327287898032e-33 1.2689050094104e-33 1.1281783154788e-33 1.0064362226550e-33 9.8303800760185e-34 9.8303800760185e-34
 1   9 2.7375661819598e-33 2.7375661819598e-33 2.5804024035839e-33 2.2747095875228e-33 2.0143904860614e-33 1.7908004402755e-33 1.5973447431859e-33 1.5036053135215e-33 1.5036053135215e-33
 1  10 4.1508046325779e-33 4.1508046325779e-33 4.0757625425893e-33 3.5930468894501e-33 3.1818211293081e-33 2.8285345673631e-33 2.5229255052745e-33 2.2928875056323e-33 2.2928875056323e-33
 1  11 6.3001464618885e-33 6.3001464618885e-33 6.3001464618885e-33 5.6870703219530e-33 5.0355970263899e-33 4.4759768594001e-33 3.9919556728475e-33 3.5707771489738e-33 3.4997052911551e-33
 1  12 9.7911406052201e-33 9.7911406052201e-33 9.7911406052201e-33 9.0072908500490e-33 7.9739725409587e-33 7.0866197735138e-33 6.3192820405520e-33 5.6517257782177e-33 5.4495800554686e-33
 1  13 1.6169059977411e-32 1.6169059977411e-32 1.6153591941122e-32 1.4237569944744e-32 1.2605438650298e-32 1.1203303111165e-32 9.9906535879653e-33 8.9428590659446e-33 8.9428590659446e-33
 1  14 2.6712794677698e-32 2.6712794677698e-32 2.5643841257362e-32 2.2595611020263e-32 2.0000198839516e-32 1.7771648160085e-32 1.5844792513897e-32 1.4677569235201e-32 1.4677569235201e-32
 1  15 4.4167807271342e-32 4.4167807271342e-32 4.0630118818976e-32 3.5797111999136e-32 3.1681897294739e-32 2.8148940207135e-32 2.5094476911241e-32 2.4102203926146e-32 2.4102203926146e-32
 1  16 7.3073031156437e-32 7.3073031156437e-32 6.4211173202156e-32 5.6580563295757e-32 5.0080238227447e-32 4.4498441506133e-32 3.9671388565181e-32 3.9589847460800e-32 3.9589847460800e-32
 1  17 1.2097968041219e-31 1.1631736418830e-31 1.0192457609200e-31 8.9787491125271e-32 7.9453831959156e-32 7.0583592730153e-32 6.5053215070481e-32 6.5053215070481e-32 6.5053215070481e-32
 1  18 2.0041701430814e-31 1.8431439914891e-31 1.6148817964690e-31 1.4224198696504e-31 1.2585765282969e-31 1.1179434404498e-31 1.0692255472777e-31 1.0692255472777e-31 1.0692255472777e-31
 1  19 3.3227534245484e-31 2.9127024387669e-31 2.5524157712286e-31 2.2484599684760e-31 1.9896231653911e-31 1.7673910212918e-31 1.7581349436746e-31 1.7581349436746e-31 1.7581349436746e-31
 1  20 5.3089918715058e-31 4.6221274826310e-31 4.0493222510120e-31 3.5663019832055e-31 3.1551396850647e-31 2.8919241655229e-31 2.8919241655229e-31 2.8919241655229e-31 2.8919241655229e-31
 1  21 8.4145797677059e-31 7.3248226834484e-31 6.4162539474379e-31 5.6502261266060e-31 4.9981864631709e-31 4.7586221250666e-31 4.7586221250666e-31 4.7586221250666e-31 4.7586221250666e-31
 1  22 1.3341577822793e-30 1.1613340637536e-30 1.0172260735462e-30 8.9573656947913e-31 7.9233068242600e-31 7.5411474982370e-31 7.5411474982370e-31 7.5411474982370e-31 7.5411474982370e-31
 1  23 2.0333832935891e-30 1.8369982484142e-30 1.6091172897220e-30 1.4169483196055e-30 1.2533534542479e-30 1.1129337891551e-30 1.0799319263151e-30 1.0799319263151e-30 1.0799319263151e-30
 1  24 2.4118211925765e-30 2.3117113916830e-30 2.0248817422858e-30 1.7830161624007e-30 1.5771024659785e-30 1.4003714982702e-30 1.2934547387296e-30 1.2934547387296e-30 1.2934547387296e-30
 1  25 2.8639497979818e-30 2.8639497979818e-30 2.5439283258575e-30 2.2402524318197e-30 1.9817495631699e-30 1.7597026299606e-30 1.5678197281493e-30 1.5499776046948e-30 1.5499776046948e-30
 1  26 3.4045171440493e-30 3.4045171440493e-30 3.2058796636191e-30 2.8227858666070e-30 2.4965303247623e-30 2.2165898245772e-30 1.9747752141272e-30 1.8583719330568e-30 1.8583719330568e-30
 1  27 4.0505199386962e-30 4.0505199386962e-30 4.0235832505482e-30 3.5434921736046e-30 3.1347511587277e-30 2.7836577033687e-30 2.4800606144722e-30 2.2289964621535e-30 2.2289964621535e-30
 1  28 4.8243119467352e-30 4.8243119467352e-30 4.8243119467352e-30 4.4662808177572e-30 3.9503851232830e-30 3.5073982904242e-30 3.1245185274235e-30 2.7916110041068e-30 2.6750017764261e-30
 1  29 5.7489234534874e-30 5.7489234534874e-30 5.7489234534874e-30 5.6122369703738e-30 4.9665185513202e-30 4.4097291951323e-30 3.9273326446283e-30 3.5094359393517e-30 3.2118297339043e-30
 1  30 6.8582500736579e-30 6.8582500736579e-30 6.8582500736579e-30 6.8582500736579e-30 6.2481617347336e-30 5.5481772302314e-30 4.9430902906315e-30 4.4156461634966e-30 3.9545262488216e-30
 1  31 8.1828144114413e-30 8.1828144114413e-30 8.1828144114413e-30 8.1828144114413e-30 7.8523812567133e-30 6.9726758911115e-30 6.2113591695190e-30 5.5493373020963e-30 4.9712081155032e-30
1.42653352 1.42755248 1.42857143  7010.0  7000.0  1
1.0000000000000 
 1   1 9.1648831328500e-34 7.9732009391200e-34 6.9820424696059e-34 6.1480664210734e-34 5.4864256503887e-34 5.4861299400910e-34 5.4861299400910e-34 5.4861299400910e-34 5.4861299400910e-34
 1   2 1.5350234306186e-33 1.3349968119434e-33 1.1687447173612e-33 1.0289186541404e-33 9.1013990910660e-34 8.8189498390824e-34 8.8189498390824e-34 8.8189498390824e-34 8.8189498390824e-34
 1   3 2.3557002299395e-33 2.0484028640895e-33 1.7930364509359e-33 1.5782978776117e-33 1.3959174495232e-33 1.3007218762318e-33 1.3007218762318e-33 1.3007218762318e-33 1.3007218762318e-33
 1   4 3.7054667610589e-33 3.2227364142403e-33 2.8213460520658e-33 2.4836717081387e-33 2.1967877200457e-33 1.9730020646529e-33 1.9730020646529e-33 1.9730020646529e-33 1.9730020646529e-33
 1   5 5.6812288497134e-33 5.1123432158452e-33 4.4746070411394e-33 3.9383112534637e-33 3.4827623767980e-33 3.0924956809311e-33 3.0085299357808e-33 3.0085299357808e-33 3.0085299357808e-33
 1   6 8.6711957093138e-33 8.1731997316399e-33 7.1524019067538e-33 6.2941889095818e-33 5.5653798406780e-33 4.9410780970342e-33 4.6268475185663e-33 4.6268475185663e-33 4.6268475185663e-33
 1   7 1.3040910818135e-32 1.2833494839933e-32 1.1232556757453e-32 9.8853785179576e-33 8.7404551017803e-33 7.7601075068739e-33 7.0088005781214e-33 7.0088005781214e-33 7.0088005781214e-33
 1   8 1.9729726405600e-32 1.9729726405600e-32 1.7771903830107e-32 1.5638114158399e-32 1.3825766355660e-32 1.2273304190841e-32 1.0933660135450e-32 1.0676328259008e-32 1.0676328259008e-32
 1   9 2.9968649543246e-32 2.9968649543246e-32 2.8221767959641e-32 2.4828944492334e-32 2.1948943659885e-32 1.9482286314120e-32 1.7353439596157e-32 1.6323268673191e-32 1.6323268673191e-32
 1  10 4.5407169168980e-32 4.5407169168980e-32 4.4574040486571e-32 3.9217133466985e-32 3.4668040858964e-32 3.0770915621475e-32 2.7408111341153e-32 2.4881894635367e-32 2.4881894635367e-32
 1  11 6.8872502010794e-32 6.8872502010794e-32 6.8872502010794e-32 6.2073595499903e-32 5.4866710164673e-32 4.8693445828328e-32 4.3367427861546e-32 3.8743362223830e-32 3.7963409967115e-32
 1  12 1.0700159496792e-31 1.0700159496792e-31 1.0700159496792e-31 9.8313486833635e-32 8.6882644750350e-32 7.7094197496561e-32 6.8650786143813e-32 6.1321843352665e-32 5.9104214485122e-32
 1  13 1.7682046984815e-31 1.7682046984815e-31 1.7664883591798e-31 1.5538966793506e-31 1.3733722503129e-31 1.2187226853760e-31 1.0853024308656e-31 9.7027789887424e-32 9.7027789887424e-32
 1  14 2.9232825932209e-31 2.9232825932209e-31 2.8045426174602e-31 2.4662734293105e-31 2.1791697486702e-31 1.9333431995107e-31 1.7213261013201e-31 1.5931023546864e-31 1.5931023546864e-31
 1  15 4.8369881016562e-31 4.8369881016562e-31 4.4435614271818e-31 3.9072216760174e-31 3.4519973827293e-31 3.0622810386238e-31 2.7261923924948e-31 2.6171095730238e-31 2.6171095730238e-31
 1  16 8.0086458333387e-31 8.0086458333387e-31 7.0219100143827e-31 6.1752540956324e-31 5.4563024725621e-31 4.8406542334376e-31 4.3095856340412e-31 4.3006152015512e-31 4.3006152015512e-31
 1  17 1.3269770164286e-30 1.2749969383539e-30 1.1146965604836e-30 9.8001199126924e-31 8.6570607423935e-31 7.6786257943453e-31 7.0697399391222e-31 7.0697399391222e-31 7.0697399391222e-31
 1  18 2.2001492665471e-30 2.0203780002498e-30 1.7661396370257e-30 1.5525604008824e-30 1.3713210832003e-30 1.2161953255020e-30 1.1625150123982e-30 1.1625150123982e-30 1.1625150123982e-30
 1  19 3.6509135493602e-30 3.1924692479067e-30 2.7912602365925e-30 2.4540103431043e-30 2.1677310131423e-30 1.9226259589055e-30 1.9124187182793e-30 1.9124187182793e-30 1.9124187182793e-30
 1  20 5.8347100908150e-30 5.0664461035695e-30 4.4285103975139e-30 3.8925267270982e-30 3.4377337932171e-30 3.1472168531402e-30 3.1472168531402e-30 3.1472168531402e-30 3.1472168531402e-30
 1  21 9.2481530926084e-30 8.0291650746475e-30 7.0172333336179e-30 6.1671933076908e-30 5.4459490944782e-30 5.1812996128878e-30 5.1812996128878e-30 5.1812996128878e-30 5.1812996128878e-30
 1  22 1.4664351083344e-29 1.2730864873191e-29 1.1125622577086e-29 9.7773595208741e-30 8.6334632105183e-30 8.2112594939402e-30 8.2112594939402e-30 8.2112594939402e-30 8.2112594939402e-30
 1  23 2.2331381895453e-29 2.0137367016705e-29 1.7598973294409e-29 1.5466427178176e-29 1.3656678957684e-29 1.2107676825221e-29 1.1743900256014e-29 1.1743900256014e-29 1.1743900256014e-29
 1  24 2.6457781593167e-29 2.5341419310168e-29 2.2146418893786e-29 1.9462146510632e-29 1.7184314558852e-29 1.5234823569934e-29 1.4057547733913e-29 1.4057547733913e-29 1.4057547733913e-29
 1  25 3.1383910158593e-29 3.1383910158593e-29 2.7821902726448e-29 2.4452098588856e-29 2.1592616233644e-29 1.9143794804723e-29 1.7032400815957e-29 1.6836119966601e-29 1.6836119966601e-29
 1  26 3.7270632394968e-29 3.7270632394968e-29 3.5062984038700e-29 3.0811743455505e-29 2.7204112548538e-29 2.4116375897628e-29 2.1454289324654e-29 2.0174991863728e-29 2.0174991863728e-29
 1  27 4.4306611195939e-29 4.4306611195939e-29 4.4007646683260e-29 3.8680006863412e-29 3.4157453908567e-29 3.0285516200122e-29 2.6944211311808e-29 2.4187362967039e-29 2.4187362967039e-29
 1  28 5.2723860934494e-29 5.2723860934494e-29 5.2723860934494e-29 4.8754128114592e-29 4.3046577548355e-29 3.8159121054359e-29 3.3946444209035e-29 3.0291817602159e-29 2.9012518636600e-29
 1  29 6.2787892118325e-29 6.2787892118325e-29 6.2787892118325e-29 6.1269838024972e-29 5.4107117987333e-29 4.7969817218864e-29 4.2672182785697e-29 3.8080982465397e-29 3.4815125882654e-29
 1  30 7.4851164973582e-29 7.4851164973582e-29 7.4851164973582e-29 7.4851164973582e-29 6.8069959620863e-29 6.0350681940482e-29 5.3687475908044e-29 4.7905115000530e-29 4.2866569302397e-29
 1  31 8.9222785237808e-29 8.9222785237808e-29 8.9222785237808e-29 8.9222785237808e-29 8.5563000749800e-29 7.5854038825342e-29 6.7494582031446e-29 6.0210967760079e-29 5.3880213347228e-29
