-----------------------------------------------------------------------------------------------
Content :
Spectral range definition: line 1 (3 values)  ==> max, min and step of the wavenumber (in cm-1)
Temperatures definition :  line 2 (1 value)   ==> NT = number of T values
Temperatures definition :  line 3 (NT values) ==> list of T values (in K)
Pressures definition :     line 4 (1 value)   ==> NP = number of P values
Pressures definition :     line 5 (NP values) ==> list of P values (in mbar)
For each spectral range: 
    First line of the block (6 values): 
    --> min, mean and max wavelengths (in microns), min and max wavenumbers (in cm-1)
        of the spectral range, nmaxai (number of exponentials for the CKD expansion) 
    If nmaxai not null, second line of the block (nmaxnai values): 
    --> coefs kdis_ai for nai = 1 to nmaxai 
    If nmaxai not null, following lines of the block : 
    --> for nai = 1 to nmaxai 
    -->     for pressure index ip = 1 to NP 
    -->         line : nai, ip, kdis_ki(T,P,nai) for temperature index it = 1 to IT 
-----------------------------------------------------------------------------------------------
3500 3000 10
9
  160.00  180.00  200.00  220.00  240.00  260.00  280.00  300.00  320.00
31
    0.007    0.011    0.017    0.028    0.044    0.069    0.110    0.174    0.276    0.438    0.694    1.100    1.743    2.763    4.379    6.941   11.000   17.434   27.631   43.792   69.405  110.000  174.338  219.479  276.308  347.851  437.918  551.306  694.053  873.761 1098.900
2.85714286 2.86123618 2.86532951  3500.0  3490.0  0
2.86532951 2.86944636 2.87356322  3490.0  3480.0  0
2.87356322 2.87770380 2.88184438  3480.0  3470.0  0
2.88184438 2.88600890 2.89017341  3470.0  3460.0  0
2.89017341 2.89436206 2.89855072  3460.0  3450.0  0
2.89855072 2.90276373 2.90697674  3450.0  3440.0  0
2.90697674 2.91121432 2.91545190  3440.0  3430.0  0
2.91545190 2.91971426 2.92397661  3430.0  3420.0  0
2.92397661 2.92826396 2.93255132  3420.0  3410.0  0
2.93255132 2.93686390 2.94117647  3410.0  3400.0  0
2.94117647 2.94551449 2.94985251  3400.0  3390.0  0
2.94985251 2.95421620 2.95857988  3390.0  3380.0  0
2.95857988 2.96296946 2.96735905  3380.0  3370.0  0
2.96735905 2.97177476 2.97619048  3370.0  3360.0  0
2.97619048 2.98063256 2.98507463  3360.0  3350.0  0
2.98507463 2.98954330 2.99401198  3350.0  3340.0  0
2.99401198 2.99850749 3.00300300  3340.0  3330.0  0
3.00300300 3.00752560 3.01204819  3330.0  3320.0  0
3.01204819 3.01659812 3.02114804  3320.0  3310.0  0
3.02114804 3.02572554 3.03030303  3310.0  3300.0  0
3.03030303 3.03490836 3.03951368  3300.0  3290.0  0
3.03951368 3.04414708 3.04878049  3290.0  3280.0  0
3.04878049 3.05344224 3.05810398  3280.0  3270.0  0
3.05810398 3.06279432 3.06748466  3270.0  3260.0  0
3.06748466 3.07220387 3.07692308  3260.0  3250.0  0
3.07692308 3.08167142 3.08641975  3250.0  3240.0  0
3.08641975 3.09119749 3.09597523  3240.0  3230.0  0
3.09597523 3.10078264 3.10559006  3230.0  3220.0  0
3.10559006 3.11042743 3.11526480  3220.0  3210.0  0
3.11526480 3.12013240 3.12500000  3210.0  3200.0  0
3.12500000 3.12989812 3.13479624  3200.0  3190.0  0
3.13479624 3.13972516 3.14465409  3190.0  3180.0  0
3.14465409 3.14961411 3.15457413  3180.0  3170.0  0
3.15457413 3.15956554 3.16455696  3170.0  3160.0  0
3.16455696 3.16958006 3.17460317  3160.0  3150.0  0
3.17460317 3.17965828 3.18471338  3150.0  3140.0  0
3.18471338 3.18980078 3.19488818  3140.0  3130.0  0
3.19488818 3.20000819 3.20512821  3130.0  3120.0  0
3.20512821 3.21028114 3.21543408  3120.0  3110.0  0
3.21543408 3.22062026 3.22580645  3110.0  3100.0  0
3.22580645 3.23102620 3.23624595  3100.0  3090.0  0
3.23624595 3.24149960 3.24675325  3090.0  3080.0  0
3.24675325 3.25204112 3.25732899  3080.0  3070.0  1
1.0000000000000 
 1   1 6.5252543647550e-32 8.4041151643466e-32 1.0069954640924e-31 1.1459773350248e-31 1.2558288102518e-31 1.3371457478598e-31 1.3928583026170e-31 1.4264776761494e-31 1.4321325092735e-31
 1   2 1.0331500958487e-31 1.3306319810136e-31 1.5943859945175e-31 1.8144373614971e-31 1.9883663268312e-31 2.1171161071869e-31 2.2053978488235e-31 2.2585562894552e-31 2.2675095597277e-31
 1   3 1.6374323625457e-31 2.1089095109261e-31 2.5269312888016e-31 2.8759092304873e-31 3.1513480104867e-31 3.3554027801425e-31 3.4953197568311e-31 3.5795704932398e-31 3.5937603557463e-31
 1   4 2.5951555703301e-31 3.3423964053484e-31 4.0049163062176e-31 4.5580089677711e-31 4.9945504240450e-31 5.3179552510296e-31 5.5397089689281e-31 5.6732371338199e-31 5.6957266917398e-31
 1   5 4.1132888920019e-31 5.2973413118959e-31 6.3473648063046e-31 7.2239577449840e-31 7.9144990801881e-31 8.4283913561303e-31 8.7798472399075e-31 8.9914747792702e-31 9.0271185891736e-31
 1   6 6.5191233388694e-31 8.3954549448157e-31 1.0059895700665e-30 1.1449201189156e-30 1.2543635330336e-30 1.3358099630993e-30 1.3915119384074e-30 1.4251011722646e-30 1.4307017915892e-30
 1   7 1.0332036748812e-30 1.3305899218257e-30 1.5944649877378e-30 1.8146550160311e-30 1.9880321572971e-30 2.1170160491078e-30 2.2053978018037e-30 2.2586332138056e-30 2.2675096067475e-30
 1   8 1.6373987434073e-30 2.1087853317028e-30 2.5271795061888e-30 2.8760342560665e-30 3.1514144024076e-30 3.3552441824447e-30 3.4956181443171e-30 3.5796921333953e-30 3.5937612021023e-30
 1   9 2.5951401948640e-30 3.3422434030037e-30 4.0053629000314e-30 4.5581405290988e-30 4.9938408016153e-30 5.3184608076400e-30 5.5405581460471e-30 5.6736237304020e-30 5.6957275380958e-30
 1  10 4.1134485711545e-30 5.2977529229978e-30 6.3471902689034e-30 7.2234740995883e-30 7.9149115376459e-30 8.4277603507628e-30 8.7804861445971e-30 8.9921789474062e-30 9.0271202818855e-30
 1  11 6.5193240192649e-30 8.3954935010305e-30 1.0061094892982e-29 1.1448735693393e-29 1.2544620676721e-29 1.3358709007264e-29 1.3914586555994e-29 1.4250771169482e-29 1.4307018856287e-29
 1  12 1.0331730179886e-29 1.3307234015602e-29 1.5945317182012e-29 1.8146695733531e-29 1.9882936624724e-29 2.1172522764525e-29 2.2056404238377e-29 2.2583714829354e-29 2.2675100205215e-29
 1  13 1.6373574788536e-29 2.1090610556578e-29 2.5269880040531e-29 2.8761269038292e-29 3.1509553013340e-29 3.3557740388743e-29 3.4957963680686e-29 3.5793278618019e-29 3.5937612021023e-29
 1  14 2.5951493731239e-29 3.3422747745970e-29 4.0050065277601e-29 4.5577405977088e-29 4.9946200509264e-29 5.3181973464422e-29 5.5393633171652e-29 5.6733027170007e-29 5.6957271619376e-29
 1  15 4.1133346704539e-29 5.2975176736643e-29 6.3469785670728e-29 7.2240885916112e-29 7.9146819306854e-29 8.4286626790344e-29 8.7801009586082e-29 8.9921488547508e-29 9.0271195295691e-29
 1  16 6.5192710561915e-29 8.3956582583187e-29 1.0059597933840e-28 1.1448264442410e-28 1.2545582287524e-28 1.3358372872304e-28 1.3915862183656e-28 1.4250517789324e-28 1.4307016147948e-28
 1  17 1.0332573225626e-28 1.3306420912054e-28 1.5943006968858e-28 1.8143532393597e-28 1.9881746761130e-28 2.1168774724297e-28 2.2053270088319e-28 2.2587496573356e-28 2.2675085459814e-28
 1  18 1.6372917865869e-28 2.1086556774971e-28 2.5266368829501e-28 2.8761252788258e-28 3.1508587039102e-28 3.3556144274302e-28 3.4957460531488e-28 3.5791643383125e-28 3.5937563872774e-28
 1  19 2.5950220811917e-28 3.3417294354961e-28 4.0044159293055e-28 4.5569919526282e-28 4.9937586787587e-28 5.3175050949978e-28 5.5390534831854e-28 5.6723119464150e-28 5.6957105507918e-28
 1  20 4.1131546561894e-28 5.2968557556166e-28 6.3460036854091e-28 7.2226773664444e-28 7.9141579573699e-28 8.4264182484254e-28 8.7793882441582e-28 8.9907696481694e-28 9.0270666868662e-28
 1  21 6.5149419267884e-28 8.3956110730350e-28 1.0059067580881e-27 1.1446319734648e-27 1.2540551277027e-27 1.3353104009458e-27 1.3913111474213e-27 1.4248045136016e-27 1.4306783110425e-27
 1  22 1.0325911915431e-27 1.3298015672294e-27 1.5944600675887e-27 1.8143442597114e-27 1.9879658812329e-27 2.1162147117876e-27 2.2053916237816e-27 2.2585677051041e-27 2.2674246717323e-27
 1  23 1.6348158110504e-27 2.1063656986450e-27 2.5255871066857e-27 2.8737024108075e-27 3.1484363173744e-27 3.3538837386339e-27 3.4923315238021e-27 3.5775265756361e-27 3.5934258976990e-27
 1  24 2.0605740179153e-27 2.6526322310251e-27 3.1779327048447e-27 3.6144682230853e-27 3.9654866740054e-27 4.2226830624987e-27 4.3983294141707e-27 4.5052478002194e-27 4.5236092311232e-27
 1  25 2.5906733313772e-27 3.3335027775904e-27 4.0031705748553e-27 4.5511719849293e-27 4.9919087267507e-27 5.3114856009566e-27 5.5360555806340e-27 5.6657835253860e-27 5.6943962961978e-27
 1  26 3.2562317719197e-27 4.1933006900811e-27 5.0351601058837e-27 5.7337696227948e-27 6.2833021471746e-27 6.6887824302481e-27 6.9697501868589e-27 7.1276810645305e-27 7.1678413261029e-27
 1  27 4.1030685610706e-27 5.2739993005191e-27 6.3204772173332e-27 7.1999527412516e-27 7.9059485846854e-27 8.4161066269102e-27 8.7605799975073e-27 8.9697290561199e-27 9.0218239203716e-27
 1  28 5.1467762202527e-27 6.6399886099210e-27 7.9457144158052e-27 9.0471706991837e-27 9.9360505390206e-27 1.0573464017135e-26 1.1039906531110e-26 1.1301179728109e-26 1.1353908608499e-26
 1  29 6.4623832023095e-27 8.3334025728664e-27 9.9879951807367e-27 1.1415566870482e-26 1.2468923438686e-26 1.3310237431128e-26 1.3843171520875e-26 1.4197470215677e-26 1.4285964385505e-26
 1  30 8.1143203379725e-27 1.0482354434442e-26 1.2564256200561e-26 1.4328803230444e-26 1.5697641760606e-26 1.6751051484476e-26 1.7380946132087e-26 1.7863223642065e-26 1.7969511863836e-26
 1  31 1.0176648492881e-26 1.3081335264634e-26 1.5767331150458e-26 1.7907442993588e-26 1.9731084487513e-26 2.0959097479397e-26 2.1808904052522e-26 2.2332085233031e-26 2.2569119446123e-26
3.25732899 3.26265142 3.26797386  3070.0  3060.0  1
1.0000000000000 
 1   1 3.9908371165043e-33 5.0782017171095e-33 6.0513916534454e-33 6.8736032994135e-33 7.5324818420448e-33 8.0314909489124e-33 8.3831716753715e-33 8.6044783233810e-33 8.7137941552197e-33
 1   2 6.3187317622590e-33 8.0403674006290e-33 9.5812289055739e-33 1.0883044083387e-32 1.1926253442756e-32 1.2716339195458e-32 1.3273159114499e-32 1.3623556348064e-32 1.3796637605647e-32
 1   3 1.0014514653919e-32 1.2743122834242e-32 1.5185224103018e-32 1.7248462073157e-32 1.8901837489259e-32 2.0154038723944e-32 2.1036538169088e-32 2.1591881373351e-32 2.1866194735059e-32
 1   4 1.5871937617193e-32 2.0196490233056e-32 2.4066958197404e-32 2.7336970423041e-32 2.9957394184837e-32 3.1941998929746e-32 3.3340669699279e-32 3.4220826971929e-32 3.4655586496317e-32
 1   5 2.5155326376312e-32 3.2009278348915e-32 3.8143560353851e-32 4.3326179764776e-32 4.7479271835892e-32 5.0624662558558e-32 5.2841398050395e-32 5.4236357196516e-32 5.4925402597609e-32
 1   6 3.9868501335399e-32 5.0731285773650e-32 6.0453464533411e-32 6.8667366491632e-32 7.5249570618948e-32 8.0234677591576e-32 8.3747971597427e-32 8.5958829617510e-32 8.7050893256783e-32
 1   7 6.3187317622590e-32 8.0403672536922e-32 9.5812287586371e-32 1.0883044083387e-31 1.1926253001946e-31 1.2716339195458e-31 1.3273159114499e-31 1.3623556348064e-31 1.3796637311773e-31
 1   8 1.0014514800856e-31 1.2743122834242e-31 1.5185222927524e-31 1.7248462367031e-31 1.8901837489259e-31 2.0154038723944e-31 2.1036538756835e-31 2.1591879903983e-31 2.1866195616680e-31
 1   9 1.5871936147825e-31 2.0196490526930e-31 2.4066958491278e-31 2.7336969835294e-31 2.9957393597090e-31 3.1941999517493e-31 3.3340668523785e-31 3.4220826971929e-31 3.4655585908570e-31
 1  10 2.5155325200817e-31 3.2009280112157e-31 3.8143559766104e-31 4.3326182703512e-31 4.7479270072651e-31 5.0624657856581e-31 5.2841400401384e-31 5.4236354845527e-31 5.4925401422115e-31
 1  11 3.9868503686387e-31 5.0731289300133e-31 6.0453469235388e-31 6.8667372369104e-31 7.5249576496420e-31 8.0234683469048e-31 8.3747972772921e-31 8.5958833143993e-31 8.7050895607771e-31
 1  12 6.3187316447095e-31 8.0403672536922e-31 9.5812287586371e-31 1.0883044553585e-30 1.1926253472143e-30 1.2716338960359e-30 1.3273159349598e-30 1.3623556348064e-30 1.3796637076675e-30
 1  13 1.0014515035955e-30 1.2743124244835e-30 1.5185224103018e-30 1.7248463072327e-30 1.8901838194556e-30 2.0154040604735e-30 2.1036539697231e-30 2.1591882725169e-30 2.1866196086877e-30
 1  14 1.5871936618023e-30 2.0196488175941e-30 2.4066956610487e-30 2.7336969365096e-30 2.9957392656695e-30 3.1941999517493e-30 3.3340668523785e-30 3.4220826031534e-30 3.4655582146988e-30
 1  15 2.5155323320026e-30 3.2009279171761e-30 3.8143557885313e-30 4.3326178941930e-30 4.7479270072651e-30 5.0624655975790e-30 5.2841397580198e-30 5.4236353905132e-30 5.4925400481720e-30
 1  16 3.9868502745992e-30 5.0731289300133e-30 6.0453466414202e-30 6.8667369547917e-30 7.5249573675234e-30 8.0234677826675e-30 8.3747972772921e-30 8.5958835024784e-30 8.7050897488562e-30
 1  17 6.3187316447095e-30 8.0403670656131e-30 9.5812283824789e-30 1.0883044177427e-29 1.1926253472143e-29 1.2716339148438e-29 1.3273158597282e-29 1.3623555971906e-29 1.3796636888595e-29
 1  18 1.0014514471717e-29 1.2743123116360e-29 1.5185223350702e-29 1.7248463072327e-29 1.8901837818397e-29 2.0154039852419e-29 2.1036540073389e-29 2.1591881972853e-29 2.1866196086877e-29
 1  19 1.5871934737232e-29 2.0196487047467e-29 2.4066956234329e-29 2.7336968612779e-29 2.9957391904378e-29 3.1941999517493e-29 3.3340667019152e-29 3.4220826031534e-29 3.4655583651620e-29
 1  20 2.5155314292230e-29 3.2009265630066e-29 3.8143545095934e-29 4.3326165400235e-29 4.7479258787905e-29 5.0624645443360e-29 5.2841384790819e-29 5.4236341868070e-29 5.4925391453923e-29
 1  21 3.9868465130173e-29 5.0731245665782e-29 6.0453418265953e-29 6.8667322904301e-29 7.5249525526985e-29 8.0234632687692e-29 8.3747932147837e-29 8.5958791390434e-29 8.7050859872743e-29
 1  22 6.3187167488451e-29 8.0403500632629e-29 9.5812107782755e-29 1.0883025670444e-28 1.1926235717477e-28 1.2716321995625e-28 1.3273143250027e-28 1.3623540925578e-28 1.3796623045974e-28
 1  23 1.0014454135943e-28 1.2743055106959e-28 1.5185149924623e-28 1.7248387840689e-28 1.8901764994171e-28 2.0153968532826e-28 2.1036472966768e-28 2.1591819681056e-28 2.1866137105273e-28
 1  24 1.2607399823914e-28 1.6042500509785e-28 1.9116922665321e-28 2.1714378640480e-28 2.3795863539063e-28 2.5372292569030e-28 2.6483301368636e-28 2.7182442827398e-28 2.7527795770200e-28
 1  25 1.5871697005255e-28 2.0196221028393e-28 2.4066656511481e-28 2.7336668889932e-28 2.9957098801915e-28 3.1941714239120e-28 3.3340408824169e-28 3.4220582882878e-28 3.4655349530762e-28
 1  26 1.9981082616543e-28 2.5425308605574e-28 3.0297945068648e-28 3.4414639584075e-28 3.7713516837567e-28 4.0212054643370e-28 4.1972864983975e-28 4.3080987296077e-28 4.3628322141797e-28
 1  27 2.5154366373585e-28 3.2008216600100e-28 3.8142416621357e-28 4.3324997805206e-28 4.7478154989305e-28 5.0623578959654e-28 5.2840305066344e-28 5.4235313902962e-28 5.4924503118736e-28
 1  28 3.1666770887672e-28 4.0295165742707e-28 4.8017651300152e-28 5.4542157876527e-28 5.9770624341301e-28 6.3730509640656e-28 6.6521292871045e-28 6.8277548387331e-28 6.9145122049379e-28
 1  29 3.9864674659301e-28 5.0727030286617e-28 6.0448989830787e-28 6.8662845117181e-28 7.5245119962237e-28 8.0230379993634e-28 8.3743882880129e-28 8.5954985271381e-28 8.7047314957939e-28
 1  30 5.0183879523700e-28 6.3858463611336e-28 7.6097507666674e-28 8.6438037390383e-28 9.4724726532448e-28 1.0100090851662e-27 1.0542429774604e-27 1.0820811392485e-27 1.0958344938709e-27
 1  31 6.3109050566201e-28 8.0306463856087e-28 9.5698775231471e-28 1.0870365569955e-27 1.1912561374130e-27 1.2701914354452e-27 1.3258266404172e-27 1.3608406245851e-27 1.3781422162405e-27
3.26797386 3.27333119 3.27868852  3060.0  3050.0  1
1.0000000000000 
 1   1 7.6015840121419e-33 8.5740477133741e-33 9.2733735472493e-33 9.7324915186377e-33 9.9899306589395e-33 1.0083354541839e-32 1.0046674709990e-32 9.9090595863389e-33 9.6949021480343e-33
 1   2 1.2035664048827e-32 1.3575375773360e-32 1.4682625330277e-32 1.5409551036826e-32 1.5817156641709e-32 1.5965076442713e-32 1.5906999674942e-32 1.5689112980810e-32 1.5350034288475e-32
 1   3 1.9075240538421e-32 2.1515519790954e-32 2.3270391797409e-32 2.4422490871914e-32 2.5068501424824e-32 2.5302939079416e-32 2.5210894933011e-32 2.4865567018834e-32 2.4328164797100e-32
 1   4 3.0232221825324e-32 3.4099801012305e-32 3.6881085298539e-32 3.8707039448389e-32 3.9730900905427e-32 4.0102457037307e-32 3.9956578188370e-32 3.9409268018627e-32 3.8557543015587e-32
 1   5 4.7914842451382e-32 5.4044545905821e-32 5.8452585069215e-32 6.1346522856561e-32 6.2969234033154e-32 6.3558115560613e-32 6.3326907576750e-32 6.2459480907919e-32 6.1109590215209e-32
 1   6 7.5939903186356e-32 8.5654829145972e-32 9.2641097701440e-32 9.7227688579253e-32 9.9799505649643e-32 1.0073281289937e-31 1.0036638780033e-31 9.8991611892210e-32 9.6852171031411e-32
 1   7 1.2035663314143e-31 1.3575375185613e-31 1.4682625036403e-31 1.5409549567458e-31 1.5817156935583e-31 1.5965076442713e-31 1.5906999968816e-31 1.5689112686936e-31 1.5350034288475e-31
 1   8 1.9075240538421e-31 2.1515519790954e-31 2.3270391797409e-31 2.4422489108673e-31 2.5068503188065e-31 2.5302939079416e-31 2.5210895520758e-31 2.4865565843339e-31 2.4328165090974e-31
 1   9 3.0232219474335e-31 3.4099800424557e-31 3.6881085886287e-31 3.8707040036136e-31 3.9730900317680e-31 4.0102455274065e-31 3.9956576425128e-31 3.9409268606374e-31 3.8557543015587e-31
 1  10 4.7914842451382e-31 5.4044542379338e-31 5.8452585069215e-31 6.1346525207550e-31 6.2969234033154e-31 6.3558114385119e-31 6.3326908752244e-31 6.2459483258908e-31 6.1109587864220e-31
 1  11 7.5939906712839e-31 8.5654831496961e-31 9.2641104754406e-31 9.7227695632219e-31 9.9799517404586e-31 1.0073282230332e-30 1.0036638780033e-30 9.8991614243198e-31 9.6852176908883e-31
 1  12 1.2035663784340e-30 1.3575375185613e-30 1.4682625036403e-30 1.5409549802556e-30 1.5817156700484e-30 1.5965075267218e-30 1.5907000203915e-30 1.5689112451837e-30 1.5350034993772e-30
 1  13 1.9075241478816e-30 2.1515520731349e-30 2.3270392737805e-30 2.4422491929859e-30 2.5068504128461e-30 2.5302940960207e-30 2.5210896931351e-30 2.4865568664526e-30 2.4328166501567e-30
 1  14 3.0232219474335e-30 3.4099800894755e-30 3.6881084475693e-30 3.8707039095741e-30 3.9730900317680e-30 4.0102454333670e-30 3.9956576425128e-30 3.9409266255385e-30 3.8557542545390e-30
 1  15 4.7914838689800e-30 5.4044539558151e-30 5.8452579426842e-30 6.1346522386363e-30 6.2969231211967e-30 6.3558110623537e-30 6.3326901229081e-30 6.2459480437722e-30 6.1109587864220e-30
 1  16 7.5939906712839e-30 8.5654831496961e-30 9.2641104754406e-30 9.7227691870637e-30 9.9799515523795e-30 1.0073282418411e-29 1.0036638591954e-29 9.8991610481616e-30 9.6852173147301e-30
 1  17 1.2035663596261e-29 1.3575374621375e-29 1.4682624848324e-29 1.5409550554873e-29 1.5817155572009e-29 1.5965076019535e-29 1.5906998699282e-29 1.5689112827996e-29 1.5350034805693e-29
 1  18 1.9075240726500e-29 2.1515518850558e-29 2.3270391609330e-29 2.4422490425226e-29 2.5068502999986e-29 2.5302939831732e-29 2.5210895426718e-29 2.4865567159893e-29 2.4328164996935e-29
 1  19 3.0232216088911e-29 3.4099796380857e-29 3.6881082971061e-29 3.8707039095741e-29 3.9730899565364e-29 4.0102456590619e-29 3.9956576425128e-29 3.9409269264651e-29 3.8557541793073e-29
 1  20 4.7914816872625e-29 5.4044519245609e-29 5.8452563628198e-29 6.1346508092352e-29 6.2969218422589e-29 6.3558095577209e-29 6.3326893705917e-29 6.2459472914558e-29 6.1109576579475e-29
 1  21 7.5939820948771e-29 8.5654753256057e-29 9.2641028018135e-29 9.7227624162162e-29 9.9799456843117e-29 1.0073276851270e-28 1.0036634228519e-28 9.8991571361164e-29 9.6852140045380e-29
 1  22 1.2035630945730e-28 1.3575344528720e-28 1.4682597764935e-28 1.5409525577969e-28 1.5817134206224e-28 1.5965056459309e-28 1.5906982449248e-28 1.5689097179815e-28 1.5350021564925e-28
 1  23 1.9075110726228e-28 2.1515398780863e-28 2.3270279664652e-28 2.4422392624096e-28 2.5068414527580e-28 2.5302862794535e-28 2.5210827417317e-28 2.4865508178289e-28 2.4328113538494e-28
 1  24 2.4014035290576e-28 2.7086187256190e-28 2.9295472051057e-28 3.0745897114413e-28 3.1559205292865e-28 3.1854358871667e-28 3.1738499741038e-28 3.1303774019166e-28 3.0627242977951e-28
 1  25 3.0231705115623e-28 3.4099326333580e-28 3.6880633988642e-28 3.8706639465277e-28 3.9730545675736e-28 4.0102146636269e-28 3.9956310406055e-28 3.9409035745645e-28 3.8557331746339e-28
 1  26 3.8059052743714e-28 4.2928111791917e-28 4.6429678727581e-28 4.8728512042625e-28 5.0017522509929e-28 5.0485403115794e-28 5.0301794584546e-28 4.9612865369314e-28 4.8540647206200e-28
 1  27 4.7912779599855e-28 5.4042653500975e-28 5.8450832698661e-28 6.1344942070566e-28 6.2967879901277e-28 6.3556915945118e-28 6.3325785092492e-28 6.2458490690286e-28 6.1108774911135e-28
 1  28 6.0317121407495e-28 6.8034264916756e-28 7.3584005385203e-28 7.7227614469091e-28 7.9270814287792e-28 8.0012475464901e-28 7.9721679302598e-28 7.8629898506074e-28 7.6930708294039e-28
 1  29 7.5931738061535e-28 8.5647298703466e-28 9.2634283652211e-28 9.7221608038498e-28 9.9794120813465e-28 1.0072805239175e-27 1.0036213533196e-27 9.8987849501547e-28 9.6848921334960e-28
 1  30 9.5586426108166e-28 1.0781804570357e-27 1.1661467294666e-27 1.2239026721968e-27 1.2562939249665e-27 1.2680561569159e-27 1.2634541473138e-27 1.2461569852972e-27 1.2192314254132e-27
 1  31 1.2020394191717e-27 1.3558816438678e-27 1.4665243932429e-27 1.5391729744542e-27 1.5799200668805e-27 1.5947218014681e-27 1.5889428560770e-27 1.5671954477380e-27 1.5333396215421e-27
3.27868852 3.28408110 3.28947368  3050.0  3040.0  1
1.0000000000000 
 1   1 1.6827357737671e-30 2.3000260374404e-30 2.8977111242120e-30 3.4420569793207e-30 3.9145793772778e-30 4.3038929499990e-30 4.6094605435856e-30 4.8395606475331e-30 4.8329191984905e-30
 1   2 2.6639084951781e-30 3.6416544154576e-30 4.5879751399600e-30 5.4498430840846e-30 6.1979923881569e-30 6.8143967992874e-30 7.2982046953288e-30 7.6625251892814e-30 7.6520085585421e-30
 1   3 4.2220100823908e-30 5.7723953485265e-30 7.2714500677459e-30 8.6374181377517e-30 9.8231552761493e-30 1.0800090011287e-29 1.1566874944521e-29 1.2144283035859e-29 1.2127616218676e-29
 1   4 6.6914359524513e-30 9.1486306627322e-30 1.1524472136140e-29 1.3689386664817e-29 1.5568651928505e-29 1.7116989765600e-29 1.8332262092938e-29 1.9247391780138e-29 1.9220977951877e-29
 1   5 1.0605210727356e-29 1.4499602822930e-29 1.8265057670308e-29 2.1696216218325e-29 2.4674651830992e-29 2.7128601048390e-29 2.9054678446789e-29 3.0505060176720e-29 3.0463195274554e-29
 1   6 1.6813711470772e-29 2.2980319476316e-29 2.8948165493067e-29 3.4386182163587e-29 3.9106687614794e-29 4.2995895498162e-29 4.6079826932799e-29 4.8347263376778e-29 4.8280912080928e-29
 1   7 2.6645785457660e-29 3.6410132914347e-29 4.5899764520061e-29 5.4498996582767e-29 6.1973572826651e-29 6.8143903293665e-29 7.3031606547435e-29 7.6597002412575e-29 7.6520085585421e-29
 1   8 4.2250951814204e-29 5.7713054677802e-29 7.2722296179836e-29 8.6381707550628e-29 9.8221494291432e-29 1.0806750418703e-28 1.1574729428502e-28 1.2139805700128e-28 1.2122128070651e-28
 1   9 6.6949941080236e-29 9.1498163133543e-29 1.1529678315984e-28 1.3696823763668e-28 1.5569227300076e-28 1.7119391460426e-28 1.8333309919199e-28 1.9241072924361e-28 1.9212279067986e-28
 1  10 1.0608087133821e-28 1.4494960428984e-28 1.8265385981179e-28 2.1708687517494e-28 2.4681793720894e-28 2.7130238088843e-28 2.9054836734156e-28 3.0508222914801e-28 3.0455315211816e-28
 1  11 1.6816854347700e-28 2.2982702212769e-28 2.8952613187533e-28 3.4392842871929e-28 3.9115044947047e-28 4.3013180117560e-28 4.6096122105688e-28 4.8361444239700e-28 4.8257617356398e-28
 1  12 2.6640681141454e-28 3.6418331357379e-28 4.5899195768874e-28 5.4522985243930e-28 6.2003330851704e-28 6.8135843276848e-28 7.2982431537424e-28 7.6581623861969e-28 7.6486165144276e-28
 1  13 4.2225975512091e-28 5.7719455987455e-28 7.2732869535230e-28 8.6389619511581e-28 9.8255418343696e-28 1.0799585718568e-27 1.1573598666883e-27 1.2140913109846e-27 1.2122113144694e-27
 1  14 6.6931597801222e-28 9.1480189392337e-28 1.1523271228541e-27 1.3694101461692e-27 1.5573653087088e-27 1.7118035124263e-27 1.8331084025665e-27 1.9243549188787e-27 1.9218346469535e-27
 1  15 1.0608317763931e-27 1.4499151734025e-27 1.8264423738430e-27 2.1701511502522e-27 2.4684195355534e-27 2.7124554669577e-27 2.9047210533059e-27 3.0497476225711e-27 3.0455417767586e-27
 1  16 1.6814273601574e-27 2.2988570039827e-27 2.8942214610280e-27 3.4383765964101e-27 3.9126715119545e-27 4.2979626566069e-27 4.6040187322313e-27 4.8330753583071e-27 4.8275032577920e-27
 1  17 2.6637045948684e-27 3.6430763716653e-27 4.5884891887177e-27 5.4509263956042e-27 6.1993666535243e-27 6.8146504262055e-27 7.3018744946525e-27 7.6618446679541e-27 7.6476682828195e-27
 1  18 4.2196477969063e-27 5.7715887239268e-27 7.2707437630315e-27 8.6357597074395e-27 9.8230993700142e-27 1.0795111590715e-26 1.1569002627664e-26 1.2140149478623e-26 1.2123989385646e-26
 1  19 6.6852186894790e-27 9.1434171222245e-27 1.1517683527994e-26 1.3685964792863e-26 1.5556720696203e-26 1.7105105200988e-26 1.8345507315019e-26 1.9255698725248e-26 1.9203484453340e-26
 1  20 1.0585797672499e-26 1.4471816625139e-26 1.8249928804483e-26 2.1665678035162e-26 2.4637640621360e-26 2.7088414208984e-26 2.9028916509703e-26 3.0502819910935e-26 3.0434916243328e-26
 1  21 1.6713914932916e-26 2.2880439088285e-26 2.8863607009228e-26 3.4245567394268e-26 3.8980859052253e-26 4.2897525713284e-26 4.5925512831192e-26 4.8276364551069e-26 4.8167446279367e-26
 1  22 2.6347951152894e-26 3.5935088667610e-26 4.5479079188595e-26 5.4023277875363e-26 6.1534053368851e-26 6.7688382535812e-26 7.2392908618493e-26 7.6100696621476e-26 7.6217059767972e-26
 1  23 4.0919401526660e-26 5.6222776153514e-26 7.1108766324310e-26 8.4587595040538e-26 9.6496381014198e-26 1.0611796340078e-25 1.1387199771294e-25 1.1965659147141e-25 1.1954761773293e-25
 1  24 5.0853613187769e-26 6.9794875345833e-26 8.8190218024093e-26 1.0541078657711e-25 1.2013817872810e-25 1.3218350543110e-25 1.4226799509465e-25 1.4964965008169e-25 1.4950316847235e-25
 1  25 6.2254985954562e-26 8.6304600104558e-26 1.0903211419228e-25 1.3029922487731e-25 1.4886538675643e-25 1.6383632738596e-25 1.7566449547289e-25 1.8558169732073e-25 1.8634997388671e-25
 1  26 7.3418131972441e-26 1.0406236444510e-25 1.3406753946584e-25 1.5959440043146e-25 1.8271931552614e-25 2.0113865066927e-25 2.1796973763926e-25 2.2932610527511e-25 2.3037672008945e-25
 1  27 8.5138842412940e-26 1.2234939282329e-25 1.5928363853861e-25 1.9490057282387e-25 2.2253149838703e-25 2.4501881665506e-25 2.6566732480493e-25 2.7970877774693e-25 2.8289824099435e-25
 1  28 9.4854360877005e-26 1.3855630592797e-25 1.8371951719825e-25 2.2889615142986e-25 2.6844473148889e-25 2.9674378526092e-25 3.1820711277017e-25 3.3747380778503e-25 3.4224042584912e-25
 1  29 1.0417552900714e-25 1.5447391662162e-25 2.0624562523611e-25 2.5583907935011e-25 3.0328282586762e-25 3.4485079123640e-25 3.8178895660434e-25 3.9881854069960e-25 4.1107241017847e-25
 1  30 1.0675616419906e-25 1.6695146514497e-25 2.2666757006881e-25 2.8476552406082e-25 3.3913990666876e-25 3.8381494862417e-25 4.3233566284063e-25 4.5449215256654e-25 4.6541043122906e-25
 1  31 1.1277281864913e-25 1.6772840685495e-25 2.3570017534501e-25 3.0504043261635e-25 3.7039556180975e-25 4.2230721927921e-25 4.7050928299376e-25 4.9763835743574e-25 5.1647990572649e-25
3.28947368 3.29490186 3.30033003  3040.0  3030.0  1
1.0000000000000 
 1   1 5.9620471032852e-33 6.7089672340572e-33 7.2566880921389e-33 7.6259902136008e-33 7.8427021480665e-33 7.9332644369058e-33 7.9782013818858e-33 7.9935790520465e-33 7.9340027942949e-33
 1   2 9.4397691807120e-33 1.0622374537673e-32 1.1489586678784e-32 1.2074306221558e-32 1.2417428614459e-32 1.2560816884741e-32 1.2631965149692e-32 1.2656312576433e-32 1.2561985032252e-32
 1   3 1.4961025004222e-32 1.6835328706089e-32 1.8209766659580e-32 1.9136483794098e-32 1.9680296868148e-32 1.9907552252256e-32 2.0020315955963e-32 2.0058903027396e-32 1.9909403655859e-32
 1   4 2.3711626826302e-32 2.6682199498482e-32 2.8860349388253e-32 3.0329279455135e-32 3.1191384073292e-32 3.1551343953401e-32 3.1730063175764e-32 3.1791221208102e-32 3.1554279750542e-32
 1   5 3.7580389826579e-32 4.2288318170020e-32 4.5740571692968e-32 4.8068670580866e-32 4.9435009378280e-32 5.0005512051565e-32 5.0288765047811e-32 5.0385690434508e-32 5.0010167009194e-32
 1   6 5.9560899917888e-32 6.7022467859167e-32 7.2493917987033e-32 7.6183706592188e-32 7.8349208162744e-32 7.9253433682227e-32 7.9702313832504e-32 7.9855933311741e-32 7.9260768766977e-32
 1   7 9.4397644787346e-32 1.0622299452971e-31 1.1489615625333e-31 1.2074232459288e-31 1.2417513250053e-31 1.2560822468339e-31 1.2631965737439e-31 1.2656312576433e-31 1.2561985032252e-31
 1   8 1.4961013837026e-31 1.6835138569878e-31 1.8209753435269e-31 1.9136367420158e-31 1.9680242795407e-31 1.9907448221006e-31 2.0020316837583e-31 2.0058903615144e-31 1.9909404243606e-31
 1   9 2.3711597145069e-31 2.6681974979061e-31 2.8860370547151e-31 3.0329124877628e-31 3.1191157202883e-31 3.1551180559686e-31 3.1730062588017e-31 3.1791221208102e-31 3.1554279162795e-31
 1  10 3.7580392177568e-31 4.2288291721397e-31 4.5740803265355e-31 4.8068709959927e-31 4.9434559163944e-31 5.0005148823810e-31 5.0288762696822e-31 5.0385689259013e-31 5.0010165833700e-31
 1  11 5.9560986904470e-31 6.7022456104224e-31 7.2494086082725e-31 7.6183379804758e-31 7.8349293973832e-31 7.9253230321705e-31 7.9702316183493e-31 7.9855939189213e-31 7.9260772293460e-31
 1  12 9.4398008015100e-31 1.0622370687929e-30 1.1489554499626e-30 1.2074354475601e-30 1.2417406985363e-30 1.2560889706616e-30 1.2631965737439e-30 1.2656312576433e-30 1.2561985267351e-30
 1  13 1.4961130681164e-30 1.6835322887392e-30 1.8209658220227e-30 1.9136545860200e-30 1.9680246792088e-30 1.9907401201232e-30 2.0020316367386e-30 2.0058904555539e-30 1.9909404243606e-30
 1  14 2.3711880204109e-30 2.6681998959145e-30 2.8860537937547e-30 3.0329320950086e-30 3.1191366440877e-30 3.1551344188500e-30 3.1730060707226e-30 3.1791220267706e-30 3.1554278222400e-30
 1  15 3.7580513018387e-30 4.2288366012640e-30 4.5740847463943e-30 4.8068905562187e-30 4.9434878898407e-30 5.0005326558556e-30 5.0288757994845e-30 5.0385686437827e-30 5.0010160191327e-30
 1  16 5.9561411022832e-30 6.7021925721173e-30 7.2494297671708e-30 7.6184266597697e-30 7.8349357920725e-30 7.9253649738089e-30 7.9702316183493e-30 7.9855939189213e-30 7.9260766651087e-30
 1  17 9.4397590479507e-30 1.0622383853466e-29 1.1489613556463e-29 1.2074340181590e-29 1.2417505538810e-29 1.2560842122604e-29 1.2631965361281e-29 1.2656313328750e-29 1.2561984891192e-29
 1  18 1.4961066170034e-29 1.6835275867618e-29 1.8209684175142e-29 1.9136644789805e-29 1.9680501827343e-29 1.9907438064735e-29 2.0020317119702e-29 2.0058904931697e-29 1.9909404619764e-29
 1  19 2.3711643224448e-29 2.6682083218580e-29 2.8860749338451e-29 3.0329641060707e-29 3.1191064385849e-29 3.1551426943302e-29 3.1730062964175e-29 3.1791220267706e-29 3.1554279727032e-29
 1  20 3.7580484430365e-29 4.2288718096708e-29 4.5740866271852e-29 4.8069156083543e-29 4.9435251295018e-29 5.0006244384545e-29 5.0288754233263e-29 5.0385682676245e-29 5.0010156429745e-29
 1  21 5.9560906218538e-29 6.7023517622642e-29 7.2495776725720e-29 7.6185641832048e-29 7.8350952831460e-29 7.9253148695377e-29 7.9702293614001e-29 7.9855916619722e-29 7.9260750100126e-29
 1  22 9.4401671043576e-29 1.0622655590144e-28 1.1489983696124e-28 1.2074521489839e-28 1.2417582576007e-28 1.2561271394333e-28 1.2631957838117e-28 1.2656305203733e-28 1.2561977969882e-28
 1  23 1.4961486865356e-28 1.6835431145720e-28 1.8210268273583e-28 1.9137903264653e-28 1.9680849397512e-28 1.9908080242001e-28 2.0020282513148e-28 2.0058873334409e-28 1.9909376633595e-28
 1  24 1.8836550598842e-28 2.1194139221665e-28 2.2926253206099e-28 2.4093559345392e-28 2.4776313547739e-28 2.5063992110945e-28 2.5204019254964e-28 2.5252603245223e-28 2.5064401371058e-28
 1  25 2.3715383741512e-28 2.6685410864412e-28 2.8864116706588e-28 3.0331133656414e-28 3.1193526566912e-28 3.1551552128749e-28 3.1729934167610e-28 3.1791101702644e-28 3.1554171393473e-28
 1  26 2.9856459332671e-28 3.3596954729824e-28 3.6333614513950e-28 3.8183215039817e-28 3.9270339900700e-28 3.9722894919032e-28 3.9945517976129e-28 4.0022540729430e-28 3.9724262329293e-28
 1  27 3.7586622128356e-28 4.2286815639034e-28 4.5740142844417e-28 4.8072448821895e-28 4.9435684629255e-28 5.0009260270468e-28 5.0288221593262e-28 5.0385192165962e-28 5.0009732123304e-28
 1  28 4.7318163174000e-28 5.3243122943862e-28 5.7592691278515e-28 6.0525588879500e-28 6.2237726155586e-28 6.2953555797316e-28 6.3308692464236e-28 6.3430806052360e-28 6.2958139510583e-28
 1  29 5.9568642438383e-28 6.7031394676115e-28 7.2503659797724e-28 7.6188127485382e-28 7.8353253114037e-28 7.9256735739899e-28 7.9700171479944e-28 7.9853952171178e-28 7.9259051670657e-28
 1  30 7.4990584245962e-28 8.4376676052306e-28 9.1301925316684e-28 9.5912303084406e-28 9.8638428031737e-28 9.9800736382824e-28 1.0033515305344e-27 1.0052893049480e-27 9.9779907450476e-28
 1  31 9.4308600479014e-28 1.0615910742737e-27 1.1478780320896e-27 1.2065448433871e-27 1.2409738263344e-27 1.2553709230407e-27 1.2618524476755e-27 1.2642906749851e-27 1.2548743220045e-27
3.30033003 3.30579416 3.31125828  3030.0  3020.0  1
1.0000000000000 
 1   1 2.5473227068548e-32 2.6489253855738e-32 2.6830826065464e-32 2.6680356911087e-32 2.6179334770143e-32 2.5435099909279e-32 2.4528095815024e-32 2.3518146333628e-32 2.2449455930154e-32
 1   2 4.0332013451607e-32 4.1940700980594e-32 4.2481516544049e-32 4.2243273226496e-32 4.1450002618787e-32 4.0271648877957e-32 3.8835579755652e-32 3.7236513647926e-32 3.5544448304635e-32
 1   3 6.3921931062193e-32 6.6471525411880e-32 6.7328660627670e-32 6.6951074209770e-32 6.5693824226848e-32 6.3826257576979e-32 6.1550241905030e-32 5.9015893717073e-32 5.6334150292465e-32
 1   4 1.0130943989822e-31 1.0535027225883e-31 1.0670874406030e-31 1.0611029988630e-31 1.0411769590233e-31 1.0115780112696e-31 9.7550561612593e-32 9.3533897415833e-32 8.9283615471791e-32
 1   5 1.6056464075523e-31 1.6696893381255e-31 1.6912196926552e-31 1.6817349813867e-31 1.6501543852564e-31 1.6032432269015e-31 1.5460722363032e-31 1.4824123993389e-31 1.4150499902685e-31
 1   6 2.5447781142336e-31 2.6462792302406e-31 2.6804024206518e-31 2.6653701988935e-31 2.6153183547321e-31 2.5409690423392e-31 2.4503593516902e-31 2.3494652609659e-31 2.2427031024423e-31
 1   7 4.0332015214849e-31 4.1940698041859e-31 4.2481514780807e-31 4.2243270287760e-31 4.1449999680051e-31 4.0271646526968e-31 3.8835577992410e-31 3.7236513060179e-31 3.5544447716887e-31
 1   8 6.3921929886698e-31 6.6471530113858e-31 6.7328662978658e-31 6.6951070683287e-31 6.5693823051354e-31 6.3826258752474e-31 6.1550238378547e-31 5.9015896068061e-31 5.6334151467960e-31
 1   9 1.0130943519624e-30 1.0535027696081e-30 1.0670874406030e-30 1.0611030458828e-30 1.0411770060431e-30 1.0115780582894e-30 9.7550561612593e-31 9.3533897415833e-31 8.9283610769814e-31
 1  10 1.6056464780820e-30 1.6696894791848e-30 1.6912196456354e-30 1.6817350048966e-30 1.6501542677069e-30 1.6032432033916e-30 1.5460722363032e-30 1.4824123523192e-30 1.4150499432487e-30
 1  11 2.5447780672138e-30 2.6462794653395e-30 2.6804026557506e-30 2.6653704339923e-30 2.6153184487716e-30 2.5409692774380e-30 2.4503593516902e-30 2.3494652609659e-30 2.2427031024423e-30
 1  12 4.0332012393662e-30 4.1940701803440e-30 4.2481515721203e-30 4.2243272168551e-30 4.1450003441633e-30 4.0271646526968e-30 3.8835576111619e-30 3.7236512589981e-30 3.5544447716887e-30
 1  13 6.3921938350258e-30 6.6471531054253e-30 6.7328667680636e-30 6.6951080087242e-30 6.5693823991749e-30 6.3826258752474e-30 6.1550245901711e-30 5.9015898889248e-30 5.6334154289146e-30
 1  14 1.0130942955387e-29 1.0535027131843e-29 1.0670873653714e-29 1.0611029894590e-29 1.0411769120035e-29 1.0115780018657e-29 9.7550555970220e-30 9.3533886131088e-30 8.9283614531396e-30
 1  15 1.6056462900029e-29 1.6696893287215e-29 1.6912195704037e-29 1.6817349672807e-29 1.6501542300911e-29 1.6032430905441e-29 1.5460721610716e-29 1.4824123523192e-29 1.4150499432487e-29
 1  16 2.5447781800612e-29 2.6462792020288e-29 2.6804024676716e-29 2.6653702835291e-29 2.6153183735400e-29 2.5409693526697e-29 2.4503593140744e-29 2.3494652609659e-29 2.2427031400581e-29
 1  17 4.0332012393662e-29 4.1940696537226e-29 4.2481512711937e-29 4.2243272168551e-29 4.1449999680051e-29 4.0271646526968e-29 3.8835576863935e-29 3.7236513342297e-29 3.5544445459938e-29
 1  18 6.3921927817828e-29 6.6471522026457e-29 6.7328663166737e-29 6.6951072564078e-29 6.5693825496382e-29 6.3826257247841e-29 6.1550241387813e-29 5.9015898136931e-29 5.6334155041463e-29
 1  19 1.0130940397511e-28 1.0535024573968e-28 1.0670872450008e-28 1.0611027788104e-28 1.0411768668646e-28 1.0115779717730e-28 9.7550548447056e-29 9.3533883121822e-29 8.9283608512865e-29
 1  20 1.6056446649995e-28 1.6696879745521e-28 1.6912184268828e-28 1.6817339441305e-28 1.6501533874968e-28 1.6032424285057e-28 1.5460715592184e-28 1.4824117504661e-28 1.4150494617662e-28
 1  21 2.5447716800477e-28 2.6462737251655e-28 2.6803978334026e-28 2.6653664316692e-28 2.6153151235332e-28 2.5409662832188e-28 2.4503570571252e-28 2.3494631243874e-28 2.2427013645915e-28
 1  22 4.0331753596826e-28 4.1940480471960e-28 4.2481334563418e-28 4.2243116288596e-28 4.1449869077927e-28 4.0271539397115e-28 3.8835484178557e-28 3.7236435101393e-28 3.5544380459803e-28
 1  23 6.3920926334257e-28 6.6470674617281e-28 6.7327906035528e-28 6.6950438210903e-28 6.5693292254529e-28 6.3825809469129e-28 6.1549875461123e-28 5.9015573136253e-28 5.6333884207564e-28
 1  24 8.0470880495439e-28 8.3680933859896e-28 8.4760330926878e-28 8.4285126972400e-28 8.2702609596396e-28 8.0351588394684e-28 7.7486396860893e-28 7.4295987981869e-28 7.0919962789629e-28
 1  25 1.0130542692977e-27 1.0534688499192e-27 1.0670581153103e-27 1.0610781991295e-27 1.0411558020058e-27 1.0115599402539e-27 9.7549102795892e-28 9.3532652934070e-28 8.9282549251395e-28
 1  26 1.2753302017228e-27 1.3262133671500e-27 1.3433265065604e-27 1.3358016093782e-27 1.3107228237178e-27 1.2734670570946e-27 1.2280588290168e-27 1.1774971975938e-27 1.1239919748438e-27
 1  27 1.6054868831888e-27 1.6695543872363e-27 1.6911055433140e-27 1.6816388272653e-27 1.6500734132558e-27 1.6031748042905e-27 1.5460133961341e-27 1.4823619892511e-27 1.4150076931605e-27
 1  28 2.0210708836400e-27 2.1017450075224e-27 2.1288923382395e-27 2.1169875874743e-27 2.0772595045815e-27 2.0182266702981e-27 1.9462731572038e-27 1.8661471529835e-27 1.7813571242169e-27
 1  29 2.5441430565138e-27 2.6457418314631e-27 2.6799496213563e-27 2.6649888049553e-27 2.6149964784239e-27 2.5406969900643e-27 2.4501280159066e-27 2.3492680276840e-27 2.2425347235030e-27
 1  30 3.2024193633436e-27 3.3303966377761e-27 3.3735236018348e-27 3.3547415478312e-27 3.2918491499392e-27 3.1983479474412e-27 3.0843587021947e-27 2.9574089113875e-27 2.8230600829199e-27
 1  31 4.0266499719933e-27 4.1877443821915e-27 4.2421072215458e-27 4.2185893058089e-27 4.1395788002124e-27 4.0220570142619e-27 3.8787574263778e-27 3.7191463674227e-27 3.5502226668145e-27
3.31125828 3.31675871 3.32225914  3020.0  3010.0  1
1.0000000000000 
 1   1 6.2168407347758e-31 8.8511235749685e-31 1.1503475173927e-30 1.3988792787215e-30 1.6216113840780e-30 1.7866112943233e-30 1.8776756191673e-30 1.9423103171066e-30 1.9822363118707e-30
 1   2 9.8431862641246e-31 1.4014071558130e-30 1.8213568384635e-30 2.2148594968928e-30 2.5675136325915e-30 2.8287594467792e-30 2.9729427626646e-30 3.0752792319772e-30 3.1384944969780e-30
 1   3 1.5600397422983e-30 2.2210805891555e-30 2.8866558349414e-30 3.5103157733634e-30 4.0692345610777e-30 4.4832812872565e-30 4.7117962605818e-30 4.8739889022382e-30 4.9741782605893e-30
 1   4 2.4724966374631e-30 3.5201756318990e-30 4.5750413166772e-30 5.5634755839107e-30 6.4493021717752e-30 7.1055221752403e-30 7.4676940535987e-30 7.7247522867111e-30 7.8835422013603e-30
 1   5 3.9186430142289e-30 5.5791098468558e-30 7.2509517032167e-30 8.8175151570435e-30 1.0221455644242e-29 1.1261493925397e-29 1.1835497785096e-29 1.2242907952289e-29 1.2494572076924e-29
 1   6 6.2129540802542e-30 8.8422934494842e-30 1.1491984105390e-29 1.3986938327327e-29 1.6187174862575e-29 1.7848438398253e-29 1.8757617262851e-29 1.9403700555351e-29 1.9802562151466e-29
 1   7 9.8438560137860e-30 1.4015463155363e-29 1.8206441691524e-29 2.2167804239332e-29 2.5654942649521e-29 2.8287866430165e-29 2.9728820131166e-29 3.0755458152880e-29 3.1389943735997e-29
 1   8 1.5596134046032e-29 2.2222545788736e-29 2.8871979917439e-29 3.5124580695000e-29 4.0676212185911e-29 4.4833247711435e-29 4.7117003402428e-29 4.8744116288147e-29 4.9749707506687e-29
 1   9 2.4727199625818e-29 3.5193417644184e-29 4.5755921627339e-29 5.5661704564318e-29 6.4477101198422e-29 7.1056487148562e-29 7.4669260890334e-29 7.7256838048585e-29 7.8848185813383e-29
 1  10 3.9194651455739e-29 5.5785505748555e-29 7.2518177698386e-29 8.8270876307202e-29 1.0214849554069e-28 1.1261292755996e-28 1.1834365248011e-28 1.2244256103250e-28 1.2496629963162e-28
 1  11 6.2103091615411e-29 8.8393786748840e-29 1.1492365830724e-28 1.3976722773605e-28 1.6195987496703e-28 1.7848282518298e-28 1.8757917286625e-28 1.9405435396934e-28 1.9805869936146e-28
 1  12 9.8419082666664e-29 1.4013634424695e-28 1.8212555315392e-28 2.2154492151371e-28 2.5675407460740e-28 2.8287526985013e-28 2.9728332028296e-28 3.0752828054800e-28 3.1391049942008e-28
 1  13 1.5603278945199e-28 2.2211774122742e-28 2.8881630632020e-28 3.5100489718808e-28 4.0700061217153e-28 4.4834633177289e-28 4.7114900527670e-28 4.8740602067851e-28 4.9750997879750e-28
 1  14 2.4725541219580e-28 3.5202807154516e-28 4.5756002877509e-28 5.5664310588274e-28 6.4451568182185e-28 7.1055297886822e-28 7.4667475794017e-28 7.7268521221110e-28 7.8851274523532e-28
 1  15 3.9206519397168e-28 5.5816016089993e-28 7.2533362452291e-28 8.8241921154194e-28 1.0214398645721e-27 1.1261695275355e-27 1.1833211134492e-27 1.2240734058864e-27 1.2497614594846e-27
 1  16 6.2121761098810e-28 8.8450797886313e-28 1.1497479174726e-27 1.3981954803040e-27 1.6191065782730e-27 1.7848721389584e-27 1.8756728024885e-27 1.9403418707541e-27 1.9803135837849e-27
 1  17 9.8444939479874e-28 1.4022438813436e-27 1.8222097576042e-27 2.2156437340615e-27 2.5667074443353e-27 2.8287903022834e-27 2.9726052690207e-27 3.0756375136275e-27 3.1391248312793e-27
 1  18 1.5593220535323e-27 2.2210143823044e-27 2.8864805708026e-27 3.5121855504128e-27 4.0670193895576e-27 4.4833041396190e-27 4.7111031334411e-27 4.8734886870741e-27 4.9740461117024e-27
 1  19 2.4732229974277e-27 3.5177638139038e-27 4.5745978412148e-27 5.5649564705654e-27 6.4465131543818e-27 7.1055528998415e-27 7.4665276382021e-27 7.7237563823184e-27 7.8844482731583e-27
 1  20 3.9156428366727e-27 5.5765840800117e-27 7.2521254130731e-27 8.8238390924606e-27 1.0218331779854e-26 1.1260292235390e-26 1.1833134675073e-26 1.2242295410270e-26 1.2494058365204e-26
 1  21 6.1948222292276e-27 8.8279474862180e-27 1.1492625638673e-26 1.3960012297998e-26 1.6165924693236e-26 1.7841220277637e-26 1.8750023477562e-26 1.9397391702373e-26 1.9805903013993e-26
 1  22 9.8301698440260e-27 1.3950408840923e-26 1.8169682237048e-26 2.2096844445904e-26 2.5617593836408e-26 2.8265579568849e-26 2.9701463572235e-26 3.0721081699672e-26 3.1364086537601e-26
 1  23 1.5445110744810e-26 2.1991375899917e-26 2.8597227786760e-26 3.4873543815655e-26 4.0440615342485e-26 4.4740104491166e-26 4.7012763455301e-26 4.8596614345198e-26 4.9632773899742e-26
 1  24 1.9306413853288e-26 2.7634034784461e-26 3.5943337810747e-26 4.3520208138439e-26 5.0766819999268e-26 5.6255932963437e-26 5.9081503303446e-26 6.1091668801369e-26 6.2425768177566e-26
 1  25 2.3912178248421e-26 3.4319939105000e-26 4.5017552418210e-26 5.4590382584555e-26 6.3546850457450e-26 7.0678997368336e-26 7.4197372472404e-26 7.6760782146895e-26 7.8335527240015e-26
 1  26 2.9826769196648e-26 4.2886219734138e-26 5.6086685321412e-26 6.8353195063687e-26 7.8850074091397e-26 8.8133894588055e-26 9.3151167041802e-26 9.6327034764560e-26 9.8513073103516e-26
 1  27 3.6687902327248e-26 5.2748583423115e-26 6.9042795080318e-26 8.4364945213015e-26 9.7730584715295e-26 1.0969018442461e-25 1.1669608277578e-25 1.2058776781432e-25 1.2328335483126e-25
 1  28 4.4934851445654e-26 6.4177131831794e-26 8.4488629974787e-26 1.0351403216026e-25 1.2077154775333e-25 1.3464100436609e-25 1.4576792441208e-25 1.5060094237768e-25 1.5380350811170e-25
 1  29 5.3310153780019e-26 7.7998917826567e-26 1.0204560456305e-25 1.2636497832775e-25 1.4714660675538e-25 1.6413354305795e-25 1.8165511751309e-25 1.8747834080401e-25 1.9152983180562e-25
 1  30 6.2999079003411e-26 9.1222044675939e-26 1.2104756278850e-25 1.4965236179105e-25 1.7673860355106e-25 1.9810220178556e-25 2.1988277463823e-25 2.3231514854880e-25 2.3687422223911e-25
 1  31 7.1333721104790e-26 1.0469920938869e-25 1.4122872015583e-25 1.7369432768805e-25 2.0595165128940e-25 2.3492154497965e-25 2.5558659455663e-25 2.8216048348465e-25 2.9100341701695e-25
3.32225914 3.32779624 3.33333333  3010.0  3000.0  1
1.0000000000000 
 1   1 6.1506830898654e-33 6.6381907191942e-33 6.9459961190089e-33 7.1048399359515e-33 7.1443372808231e-33 7.0906980042272e-33 6.9659817270248e-33 6.7886157925330e-33 6.5736186104516e-33
 1   2 9.7384380506849e-33 1.0510313926525e-32 1.0997665068168e-32 1.1249163553895e-32 1.1311700588042e-32 1.1226772590563e-32 1.1029308641408e-32 1.0748483775681e-32 1.0408075305362e-32
 1   3 1.5434383354987e-32 1.6657723264623e-32 1.7430124439501e-32 1.7828721349554e-32 1.7927836094479e-32 1.7793234644470e-32 1.7480275436611e-32 1.7035198010559e-32 1.6495687245834e-32
 1   4 2.4461736220184e-32 2.6400715621234e-32 2.7624963600256e-32 2.8256621367142e-32 2.8413705615979e-32 2.8200376901191e-32 2.7704371182390e-32 2.6998968777405e-32 2.6143902431674e-32
 1   5 3.8769240731963e-32 4.1842312103431e-32 4.3782615404993e-32 4.4783728107606e-32 4.5032691933639e-32 4.4694587432247e-32 4.3908469707663e-32 4.2790483479219e-32 4.1435297184458e-32
 1   6 6.1445099812821e-32 6.6315613718659e-32 6.9390765715128e-32 7.0977424479981e-32 7.1372496376349e-32 7.0836147691427e-32 6.9590117802084e-32 6.7818348064335e-32 6.5670514173871e-32
 1   7 9.7383465090624e-32 1.0510315983640e-31 1.0997650080615e-31 1.1249269348386e-31 1.1311778611480e-31 1.1226692803884e-31 1.1029290862056e-31 1.0748502877464e-31 1.0408004481828e-31
 1   8 1.5434381885619e-31 1.6657570744231e-31 1.7430029224459e-31 1.7828843894840e-31 1.7927973333445e-31 1.7793108866575e-31 1.7480247518620e-31 1.7035228867286e-31 1.6495575867744e-31
 1   9 2.4461722408126e-31 2.6400603949270e-31 2.7624622706895e-31 2.8256634297580e-31 2.8413677991861e-31 2.8199966065916e-31 2.7704281257072e-31 2.6999231500393e-31 2.6144068764124e-31
 1  10 3.8769439978255e-31 4.1842074065825e-31 4.3782443782817e-31 4.4784016691469e-31 4.5033132156273e-31 4.4694552167417e-31 4.3908184062536e-31 4.2790857874170e-31 4.1435117921570e-31
 1  11 6.1445464216070e-31 6.6315509099662e-31 6.9390005170283e-31 7.0977848833441e-31 7.1372908974866e-31 7.0835233156822e-31 6.9589557091278e-31 6.7818444454872e-31 6.5670374290044e-31
 1  12 9.7384139824381e-31 1.0510243573188e-30 1.0997587544316e-30 1.1249294739064e-30 1.1311693740788e-30 1.1226646254308e-30 1.1029196117212e-30 1.0748493708608e-30 1.0408100637265e-30
 1  13 1.5434252111042e-30 1.6657731081661e-30 1.7430119267326e-30 1.7828788646605e-30 1.7928058674334e-30 1.7793142015515e-30 1.7480253631191e-30 1.7035222754715e-30 1.6495610662377e-30
 1  14 2.4461653759256e-30 2.6400521664666e-30 2.7624950434720e-30 2.8256679906761e-30 2.8413797422088e-30 2.8200013555888e-30 2.7704229535321e-30 2.6999263944037e-30 2.6143756082627e-30
 1  15 3.8769466309329e-30 4.1841997893791e-30 4.3782195518410e-30 4.4784141764068e-30 4.5032624342713e-30 4.4694292618264e-30 4.3908528247282e-30 4.2790789225300e-30 4.1435062438237e-30
 1  16 6.1445083355900e-30 6.6315079338927e-30 6.9390225222825e-30 7.0977710595306e-30 7.1372225307351e-30 7.0835748493546e-30 6.9590401566420e-30 6.7818764189335e-30 6.5670088409818e-30
 1  17 9.7383925414211e-30 1.0510372971606e-29 1.0997639266067e-29 1.1249245462341e-29 1.1311800569714e-29 1.1226728632952e-29 1.1029181635121e-29 1.0748486373523e-29 1.0408137688847e-29
 1  18 1.5434247597144e-29 1.6657709640644e-29 1.7430132432863e-29 1.7828857107396e-29 1.7928019930041e-29 1.7793013745572e-29 1.7480211125315e-29 1.7035337859122e-29 1.6495680251643e-29
 1  19 2.4461946410329e-29 2.6400840270655e-29 2.7624892130200e-29 2.8256720531846e-29 2.8413786137342e-29 2.8200417173628e-29 2.7704427018372e-29 2.6999316982342e-29 2.6143812882514e-29
 1  20 3.8769511448312e-29 4.1842814157068e-29 4.3782370055812e-29 4.4784813582600e-29 4.5033619657290e-29 4.4694999043349e-29 4.3908440226265e-29 4.2791211274791e-29 4.1434923259705e-29
 1  21 6.1446180985505e-29 6.6316003183447e-29 6.9390967006780e-29 7.0979028653611e-29 7.1371966510515e-29 7.0837539006541e-29 6.9591636869923e-29 6.7819853543460e-29 6.5671069430383e-29
 1  22 9.7383678654437e-29 1.0510666374996e-28 1.0997830354429e-28 1.1249686620669e-28 1.1312226380788e-28 1.1226924536139e-28 1.1029675606059e-28 1.0748594556620e-28 1.0408200883424e-28
 1  23 1.5435582206410e-28 1.6658210683356e-28 1.7430235349744e-28 1.7829513127284e-28 1.7928077407012e-28 1.7794305924194e-28 1.7480842770152e-28 1.7036010730897e-28 1.6496070252457e-28
 1  24 1.9432146841556e-28 2.0973167649496e-28 2.1943342821918e-28 2.2447346651302e-28 2.2571711170049e-28 2.2401442111078e-28 2.2006342397812e-28 2.1447661417307e-28 2.0767288145853e-28
 1  25 2.4465338454444e-28 2.6403902499266e-28 2.7628435239444e-28 2.8258703035982e-28 2.8414746694902e-28 2.8200207728746e-28 2.7704290397717e-28 2.7000444855066e-28 2.6145182700187e-28
 1  26 3.0800516487636e-28 3.3236998423218e-28 3.4782005906142e-28 3.5576425526665e-28 3.5773698530868e-28 3.5504195931513e-28 3.4879650554322e-28 3.3991406849146e-28 3.2913817748900e-28
 1  27 3.8778033688316e-28 4.1846981387985e-28 4.3782911723608e-28 4.4784746776905e-28 4.5038122120388e-28 4.4695686961451e-28 4.3915044962268e-28 4.2796522628466e-28 4.1434591638643e-28
 1  28 4.8816512596609e-28 5.2681969550791e-28 5.5124587980659e-28 5.6383000235971e-28 5.6703855349881e-28 5.6279515205234e-28 5.5276895335486e-28 5.3872049811677e-28 5.2166894031639e-28
 1  29 6.1447045246568e-28 6.6335589890982e-28 6.9397173316026e-28 7.0983821811760e-28 7.1376138556257e-28 7.0850032273349e-28 6.9604355229794e-28 6.7821290768681e-28 6.5685415201056e-28
 1  30 7.7372237363440e-28 8.3522449084773e-28 8.7353566708046e-28 8.9368464986214e-28 8.9873309002536e-28 8.9175611991233e-28 8.7623283567108e-28 8.5385333712430e-28 8.2682714740071e-28
 1  31 9.7318260832758e-28 1.0499989982349e-27 1.0990613894927e-27 1.1242453309280e-27 1.1302139804187e-27 1.1217745554024e-27 1.1017733877439e-27 1.0737795145198e-27 1.0397811695080e-27
