-----------------------------------------------------------------------------------------------
Content :
Spectral range definition: line 1 (3 values)  ==> max, min and step of the wavenumber (in cm-1)
Temperatures definition :  line 2 (1 value)   ==> NT = number of T values
Temperatures definition :  line 3 (NT values) ==> list of T values (in K)
Pressures definition :     line 4 (1 value)   ==> NP = number of P values
Pressures definition :     line 5 (NP values) ==> list of P values (in mbar)
For each spectral range: 
    First line of the block (6 values): 
    --> min, mean and max wavelengths (in microns), min and max wavenumbers (in cm-1)
        of the spectral range, nmaxai (number of exponentials for the CKD expansion) 
    If nmaxai not null, second line of the block (nmaxnai values): 
    --> coefs kdis_ai for nai = 1 to nmaxai 
    If nmaxai not null, following lines of the block : 
    --> for nai = 1 to nmaxai 
    -->     for pressure index ip = 1 to NP 
    -->         line : nai, ip, kdis_ki(T,P,nai) for temperature index it = 1 to IT 
-----------------------------------------------------------------------------------------------
13400 13350  1
9
  160.00  180.00  200.00  220.00  240.00  260.00  280.00  300.00  320.00
31
    0.007    0.011    0.017    0.028    0.044    0.069    0.110    0.174    0.276    0.438    0.694    1.100    1.743    2.763    4.379    6.941   11.000   17.434   27.631   43.792   69.405  110.000  174.338  219.479  276.308  347.851  437.918  551.306  694.053  873.761 1098.900
0.74626866 0.74629650 0.74632435 13400.0 13399.0  0
0.74632435 0.74635220 0.74638006 13399.0 13398.0  0
0.74638006 0.74640792 0.74643577 13398.0 13397.0  0
0.74643577 0.74646363 0.74649149 13397.0 13396.0  0
0.74649149 0.74651936 0.74654722 13396.0 13395.0  0
0.74654722 0.74657509 0.74660296 13395.0 13394.0  0
0.74660296 0.74663083 0.74665870 13394.0 13393.0  0
0.74665870 0.74668658 0.74671446 13393.0 13392.0  0
0.74671446 0.74674234 0.74677022 13392.0 13391.0  0
0.74677022 0.74679811 0.74682599 13391.0 13390.0  0
0.74682599 0.74685388 0.74688177 13390.0 13389.0  0
0.74688177 0.74690966 0.74693756 13389.0 13388.0  0
0.74693756 0.74696546 0.74699335 13388.0 13387.0  0
0.74699335 0.74702126 0.74704916 13387.0 13386.0  0
0.74704916 0.74707706 0.74710497 13386.0 13385.0  0
0.74710497 0.74713288 0.74716079 13385.0 13384.0  0
0.74716079 0.74718870 0.74721662 13384.0 13383.0  0
0.74721662 0.74724454 0.74727246 13383.0 13382.0  0
0.74727246 0.74730038 0.74732830 13382.0 13381.0  0
0.74732830 0.74735623 0.74738416 13381.0 13380.0  0
0.74738416 0.74741209 0.74744002 13380.0 13379.0  0
0.74744002 0.74746796 0.74749589 13379.0 13378.0  0
0.74749589 0.74752383 0.74755177 13378.0 13377.0  0
0.74755177 0.74757972 0.74760766 13377.0 13376.0  0
0.74760766 0.74763560 0.74766355 13376.0 13375.0  0
0.74766355 0.74769150 0.74771946 13375.0 13374.0  0
0.74771946 0.74774742 0.74777537 13374.0 13373.0  0
0.74777537 0.74780333 0.74783129 13373.0 13372.0  0
0.74783129 0.74785926 0.74788722 13372.0 13371.0  0
0.74788722 0.74791519 0.74794316 13371.0 13370.0  0
0.74794316 0.74797113 0.74799910 13370.0 13369.0  0
0.74799910 0.74802708 0.74805506 13369.0 13368.0  0
0.74805506 0.74808304 0.74811102 13368.0 13367.0  0
0.74811102 0.74813900 0.74816699 13367.0 13366.0  0
0.74816699 0.74819498 0.74822297 13366.0 13365.0  1
1.0000000000000 
 1   1 0.0000000000000e+00 0.0000000000000e+00 0.0000000000000e+00 0.0000000000000e+00 0.0000000000000e+00 0.0000000000000e+00 0.0000000000000e+00 0.0000000000000e+00 0.0000000000000e+00
 1   2 0.0000000000000e+00 0.0000000000000e+00 0.0000000000000e+00 0.0000000000000e+00 0.0000000000000e+00 0.0000000000000e+00 0.0000000000000e+00 0.0000000000000e+00 0.0000000000000e+00
 1   3 0.0000000000000e+00 0.0000000000000e+00 0.0000000000000e+00 0.0000000000000e+00 0.0000000000000e+00 0.0000000000000e+00 0.0000000000000e+00 0.0000000000000e+00 0.0000000000000e+00
 1   4 0.0000000000000e+00 0.0000000000000e+00 0.0000000000000e+00 0.0000000000000e+00 0.0000000000000e+00 0.0000000000000e+00 0.0000000000000e+00 0.0000000000000e+00 0.0000000000000e+00
 1   5 0.0000000000000e+00 0.0000000000000e+00 0.0000000000000e+00 0.0000000000000e+00 0.0000000000000e+00 0.0000000000000e+00 0.0000000000000e+00 0.0000000000000e+00 0.0000000000000e+00
 1   6 0.0000000000000e+00 0.0000000000000e+00 0.0000000000000e+00 0.0000000000000e+00 0.0000000000000e+00 0.0000000000000e+00 0.0000000000000e+00 0.0000000000000e+00 0.0000000000000e+00
 1   7 0.0000000000000e+00 0.0000000000000e+00 0.0000000000000e+00 0.0000000000000e+00 0.0000000000000e+00 0.0000000000000e+00 0.0000000000000e+00 0.0000000000000e+00 0.0000000000000e+00
 1   8 0.0000000000000e+00 0.0000000000000e+00 0.0000000000000e+00 0.0000000000000e+00 0.0000000000000e+00 0.0000000000000e+00 0.0000000000000e+00 0.0000000000000e+00 0.0000000000000e+00
 1   9 0.0000000000000e+00 0.0000000000000e+00 0.0000000000000e+00 0.0000000000000e+00 0.0000000000000e+00 0.0000000000000e+00 0.0000000000000e+00 0.0000000000000e+00 0.0000000000000e+00
 1  10 0.0000000000000e+00 0.0000000000000e+00 0.0000000000000e+00 0.0000000000000e+00 0.0000000000000e+00 0.0000000000000e+00 0.0000000000000e+00 0.0000000000000e+00 0.0000000000000e+00
 1  11 0.0000000000000e+00 0.0000000000000e+00 0.0000000000000e+00 0.0000000000000e+00 0.0000000000000e+00 0.0000000000000e+00 0.0000000000000e+00 0.0000000000000e+00 0.0000000000000e+00
 1  12 0.0000000000000e+00 0.0000000000000e+00 0.0000000000000e+00 0.0000000000000e+00 0.0000000000000e+00 0.0000000000000e+00 0.0000000000000e+00 0.0000000000000e+00 0.0000000000000e+00
 1  13 0.0000000000000e+00 0.0000000000000e+00 0.0000000000000e+00 0.0000000000000e+00 0.0000000000000e+00 0.0000000000000e+00 0.0000000000000e+00 0.0000000000000e+00 0.0000000000000e+00
 1  14 0.0000000000000e+00 0.0000000000000e+00 0.0000000000000e+00 0.0000000000000e+00 0.0000000000000e+00 0.0000000000000e+00 0.0000000000000e+00 0.0000000000000e+00 0.0000000000000e+00
 1  15 0.0000000000000e+00 0.0000000000000e+00 0.0000000000000e+00 0.0000000000000e+00 0.0000000000000e+00 0.0000000000000e+00 0.0000000000000e+00 0.0000000000000e+00 0.0000000000000e+00
 1  16 0.0000000000000e+00 0.0000000000000e+00 0.0000000000000e+00 0.0000000000000e+00 0.0000000000000e+00 0.0000000000000e+00 0.0000000000000e+00 0.0000000000000e+00 0.0000000000000e+00
 1  17 0.0000000000000e+00 0.0000000000000e+00 0.0000000000000e+00 0.0000000000000e+00 0.0000000000000e+00 0.0000000000000e+00 0.0000000000000e+00 0.0000000000000e+00 0.0000000000000e+00
 1  18 0.0000000000000e+00 0.0000000000000e+00 0.0000000000000e+00 0.0000000000000e+00 0.0000000000000e+00 0.0000000000000e+00 0.0000000000000e+00 0.0000000000000e+00 0.0000000000000e+00
 1  19 0.0000000000000e+00 0.0000000000000e+00 0.0000000000000e+00 0.0000000000000e+00 0.0000000000000e+00 0.0000000000000e+00 0.0000000000000e+00 0.0000000000000e+00 0.0000000000000e+00
 1  20 0.0000000000000e+00 0.0000000000000e+00 0.0000000000000e+00 0.0000000000000e+00 0.0000000000000e+00 0.0000000000000e+00 0.0000000000000e+00 0.0000000000000e+00 0.0000000000000e+00
 1  21 0.0000000000000e+00 0.0000000000000e+00 0.0000000000000e+00 0.0000000000000e+00 0.0000000000000e+00 0.0000000000000e+00 0.0000000000000e+00 0.0000000000000e+00 0.0000000000000e+00
 1  22 0.0000000000000e+00 0.0000000000000e+00 0.0000000000000e+00 0.0000000000000e+00 0.0000000000000e+00 0.0000000000000e+00 0.0000000000000e+00 0.0000000000000e+00 0.0000000000000e+00
 1  23 0.0000000000000e+00 0.0000000000000e+00 0.0000000000000e+00 0.0000000000000e+00 0.0000000000000e+00 0.0000000000000e+00 0.0000000000000e+00 0.0000000000000e+00 0.0000000000000e+00
 1  24 0.0000000000000e+00 0.0000000000000e+00 0.0000000000000e+00 0.0000000000000e+00 0.0000000000000e+00 0.0000000000000e+00 0.0000000000000e+00 0.0000000000000e+00 0.0000000000000e+00
 1  25 0.0000000000000e+00 0.0000000000000e+00 0.0000000000000e+00 0.0000000000000e+00 0.0000000000000e+00 0.0000000000000e+00 0.0000000000000e+00 0.0000000000000e+00 0.0000000000000e+00
 1  26 0.0000000000000e+00 0.0000000000000e+00 0.0000000000000e+00 0.0000000000000e+00 0.0000000000000e+00 0.0000000000000e+00 0.0000000000000e+00 0.0000000000000e+00 0.0000000000000e+00
 1  27 0.0000000000000e+00 0.0000000000000e+00 0.0000000000000e+00 0.0000000000000e+00 0.0000000000000e+00 0.0000000000000e+00 0.0000000000000e+00 0.0000000000000e+00 0.0000000000000e+00
 1  28 0.0000000000000e+00 0.0000000000000e+00 0.0000000000000e+00 0.0000000000000e+00 0.0000000000000e+00 0.0000000000000e+00 0.0000000000000e+00 0.0000000000000e+00 0.0000000000000e+00
 1  29 0.0000000000000e+00 0.0000000000000e+00 0.0000000000000e+00 0.0000000000000e+00 0.0000000000000e+00 0.0000000000000e+00 0.0000000000000e+00 0.0000000000000e+00 0.0000000000000e+00
 1  30 0.0000000000000e+00 0.0000000000000e+00 0.0000000000000e+00 0.0000000000000e+00 0.0000000000000e+00 0.0000000000000e+00 0.0000000000000e+00 0.0000000000000e+00 0.0000000000000e+00
 1  31 0.0000000000000e+00 0.0000000000000e+00 0.0000000000000e+00 0.0000000000000e+00 2.6624670822172e-43 2.6624670822172e-43 0.0000000000000e+00 0.0000000000000e+00 0.0000000000000e+00
0.74822297 0.74825096 0.74827896 13365.0 13364.0  1
1.0000000000000 
 1   1 0.0000000000000e+00 0.0000000000000e+00 0.0000000000000e+00 0.0000000000000e+00 0.0000000000000e+00 0.0000000000000e+00 0.0000000000000e+00 0.0000000000000e+00 0.0000000000000e+00
 1   2 0.0000000000000e+00 0.0000000000000e+00 0.0000000000000e+00 0.0000000000000e+00 0.0000000000000e+00 0.0000000000000e+00 0.0000000000000e+00 0.0000000000000e+00 0.0000000000000e+00
 1   3 0.0000000000000e+00 0.0000000000000e+00 0.0000000000000e+00 0.0000000000000e+00 0.0000000000000e+00 0.0000000000000e+00 0.0000000000000e+00 0.0000000000000e+00 0.0000000000000e+00
 1   4 0.0000000000000e+00 0.0000000000000e+00 0.0000000000000e+00 0.0000000000000e+00 0.0000000000000e+00 0.0000000000000e+00 0.0000000000000e+00 0.0000000000000e+00 0.0000000000000e+00
 1   5 0.0000000000000e+00 0.0000000000000e+00 0.0000000000000e+00 0.0000000000000e+00 0.0000000000000e+00 0.0000000000000e+00 0.0000000000000e+00 0.0000000000000e+00 0.0000000000000e+00
 1   6 0.0000000000000e+00 0.0000000000000e+00 0.0000000000000e+00 0.0000000000000e+00 0.0000000000000e+00 0.0000000000000e+00 0.0000000000000e+00 0.0000000000000e+00 0.0000000000000e+00
 1   7 0.0000000000000e+00 0.0000000000000e+00 0.0000000000000e+00 0.0000000000000e+00 0.0000000000000e+00 0.0000000000000e+00 0.0000000000000e+00 0.0000000000000e+00 0.0000000000000e+00
 1   8 0.0000000000000e+00 0.0000000000000e+00 0.0000000000000e+00 0.0000000000000e+00 0.0000000000000e+00 0.0000000000000e+00 0.0000000000000e+00 0.0000000000000e+00 0.0000000000000e+00
 1   9 0.0000000000000e+00 0.0000000000000e+00 0.0000000000000e+00 0.0000000000000e+00 0.0000000000000e+00 0.0000000000000e+00 0.0000000000000e+00 0.0000000000000e+00 0.0000000000000e+00
 1  10 0.0000000000000e+00 0.0000000000000e+00 0.0000000000000e+00 0.0000000000000e+00 0.0000000000000e+00 0.0000000000000e+00 0.0000000000000e+00 0.0000000000000e+00 0.0000000000000e+00
 1  11 0.0000000000000e+00 0.0000000000000e+00 0.0000000000000e+00 0.0000000000000e+00 0.0000000000000e+00 0.0000000000000e+00 0.0000000000000e+00 0.0000000000000e+00 0.0000000000000e+00
 1  12 0.0000000000000e+00 0.0000000000000e+00 0.0000000000000e+00 0.0000000000000e+00 0.0000000000000e+00 0.0000000000000e+00 0.0000000000000e+00 0.0000000000000e+00 0.0000000000000e+00
 1  13 0.0000000000000e+00 0.0000000000000e+00 0.0000000000000e+00 0.0000000000000e+00 0.0000000000000e+00 0.0000000000000e+00 0.0000000000000e+00 0.0000000000000e+00 0.0000000000000e+00
 1  14 0.0000000000000e+00 0.0000000000000e+00 0.0000000000000e+00 0.0000000000000e+00 0.0000000000000e+00 0.0000000000000e+00 0.0000000000000e+00 0.0000000000000e+00 0.0000000000000e+00
 1  15 0.0000000000000e+00 0.0000000000000e+00 0.0000000000000e+00 0.0000000000000e+00 0.0000000000000e+00 0.0000000000000e+00 0.0000000000000e+00 0.0000000000000e+00 0.0000000000000e+00
 1  16 0.0000000000000e+00 0.0000000000000e+00 0.0000000000000e+00 0.0000000000000e+00 0.0000000000000e+00 0.0000000000000e+00 0.0000000000000e+00 0.0000000000000e+00 0.0000000000000e+00
 1  17 0.0000000000000e+00 0.0000000000000e+00 0.0000000000000e+00 0.0000000000000e+00 0.0000000000000e+00 0.0000000000000e+00 0.0000000000000e+00 0.0000000000000e+00 0.0000000000000e+00
 1  18 0.0000000000000e+00 0.0000000000000e+00 0.0000000000000e+00 0.0000000000000e+00 0.0000000000000e+00 0.0000000000000e+00 0.0000000000000e+00 0.0000000000000e+00 0.0000000000000e+00
 1  19 0.0000000000000e+00 0.0000000000000e+00 0.0000000000000e+00 0.0000000000000e+00 0.0000000000000e+00 0.0000000000000e+00 0.0000000000000e+00 0.0000000000000e+00 0.0000000000000e+00
 1  20 0.0000000000000e+00 0.0000000000000e+00 0.0000000000000e+00 0.0000000000000e+00 0.0000000000000e+00 0.0000000000000e+00 0.0000000000000e+00 0.0000000000000e+00 0.0000000000000e+00
 1  21 0.0000000000000e+00 0.0000000000000e+00 0.0000000000000e+00 0.0000000000000e+00 0.0000000000000e+00 0.0000000000000e+00 0.0000000000000e+00 0.0000000000000e+00 0.0000000000000e+00
 1  22 0.0000000000000e+00 0.0000000000000e+00 0.0000000000000e+00 0.0000000000000e+00 0.0000000000000e+00 0.0000000000000e+00 0.0000000000000e+00 0.0000000000000e+00 0.0000000000000e+00
 1  23 0.0000000000000e+00 0.0000000000000e+00 0.0000000000000e+00 0.0000000000000e+00 0.0000000000000e+00 0.0000000000000e+00 0.0000000000000e+00 0.0000000000000e+00 0.0000000000000e+00
 1  24 0.0000000000000e+00 0.0000000000000e+00 0.0000000000000e+00 0.0000000000000e+00 0.0000000000000e+00 4.6326927230578e-42 0.0000000000000e+00 0.0000000000000e+00 0.0000000000000e+00
 1  25 0.0000000000000e+00 0.0000000000000e+00 0.0000000000000e+00 0.0000000000000e+00 7.9327506065428e-42 0.0000000000000e+00 1.2690158892926e-41 1.4012984643248e-41 1.4012984643248e-41
 1  26 0.0000000000000e+00 0.0000000000000e+00 0.0000000000000e+00 0.0000000000000e+00 0.0000000000000e+00 0.0000000000000e+00 1.3470682137554e-41 2.8025969286496e-41 2.8025969286496e-41
 1  27 0.0000000000000e+00 0.0000000000000e+00 0.0000000000000e+00 1.3233862697084e-41 1.3233862697084e-41 0.0000000000000e+00 2.3387671369581e-42 4.2038953929745e-41 4.2038953929745e-41
 1  28 4.4841550858394e-40 4.4841550858394e-40 4.4841550858394e-40 1.6562507069241e-40 1.7674577530529e-41 4.4185743177090e-41 8.8371486354180e-41 4.4185743177090e-41 0.0000000000000e+00
 1  29 7.2867520144890e-40 7.2867520144890e-40 7.2867520144890e-40 5.7882875146479e-40 0.0000000000000e+00 1.1131354481211e-40 7.7919201108781e-41 1.3357597351483e-40 0.0000000000000e+00
 1  30 0.0000000000000e+00 0.0000000000000e+00 0.0000000000000e+00 0.0000000000000e+00 0.0000000000000e+00 0.0000000000000e+00 1.6408644497858e-40 4.6108324670144e-41 1.4997552358566e-38
 1  31 4.2113446956108e-39 4.2113446956108e-39 4.2113446956108e-39 4.2113446956108e-39 2.7136116735681e-39 4.0964522345208e-39 7.5269401764682e-39 1.8891885506488e-40 9.4213597742843e-39
0.74827896 0.74830696 0.74833495 13364.0 13363.0  1
1.0000000000000 
 1   1 0.0000000000000e+00 0.0000000000000e+00 0.0000000000000e+00 0.0000000000000e+00 0.0000000000000e+00 0.0000000000000e+00 0.0000000000000e+00 0.0000000000000e+00 0.0000000000000e+00
 1   2 0.0000000000000e+00 0.0000000000000e+00 0.0000000000000e+00 0.0000000000000e+00 0.0000000000000e+00 0.0000000000000e+00 0.0000000000000e+00 0.0000000000000e+00 0.0000000000000e+00
 1   3 0.0000000000000e+00 0.0000000000000e+00 0.0000000000000e+00 0.0000000000000e+00 0.0000000000000e+00 0.0000000000000e+00 0.0000000000000e+00 0.0000000000000e+00 0.0000000000000e+00
 1   4 0.0000000000000e+00 0.0000000000000e+00 0.0000000000000e+00 0.0000000000000e+00 0.0000000000000e+00 0.0000000000000e+00 0.0000000000000e+00 0.0000000000000e+00 0.0000000000000e+00
 1   5 0.0000000000000e+00 0.0000000000000e+00 0.0000000000000e+00 0.0000000000000e+00 0.0000000000000e+00 1.0886687769340e-41 1.4012984643248e-41 1.4012984643248e-41 1.4012984643248e-41
 1   6 0.0000000000000e+00 0.0000000000000e+00 0.0000000000000e+00 0.0000000000000e+00 6.3324677602838e-42 1.4012984643248e-41 1.4012984643248e-41 1.4012984643248e-41 1.4012984643248e-41
 1   7 0.0000000000000e+00 0.0000000000000e+00 0.0000000000000e+00 1.7782477512282e-42 1.4012984643248e-41 1.5791232394476e-41 2.8025969286496e-41 2.8025969286496e-41 2.8025969286496e-41
 1   8 0.0000000000000e+00 0.0000000000000e+00 0.0000000000000e+00 1.1237012385421e-41 1.4012984643248e-41 2.5249997028669e-41 3.9262981671917e-41 4.2038953929745e-41 4.2038953929745e-41
 1   9 0.0000000000000e+00 0.0000000000000e+00 6.6827923763651e-42 2.0695777019613e-41 3.4708761662861e-41 4.8721746306110e-41 6.2734730949358e-41 7.0064923216241e-41 7.0064923216241e-41
 1  10 1.4012984643248e-41 1.4012984643248e-41 1.6141557010558e-41 3.0154541653806e-41 4.6297499962828e-41 7.4323469249324e-41 1.0234943853582e-40 1.2611686178923e-40 1.2611686178923e-40
 1  11 2.8025969286496e-41 2.8025969286496e-41 2.8025969286496e-41 3.9613306287998e-41 6.5215029231213e-41 1.0482833551921e-40 1.5845462645046e-40 2.1450656502345e-40 2.2420775429197e-40
 1  12 4.2038953929745e-41 4.2038953929745e-41 4.2038953929745e-41 7.0754362060689e-41 1.1279331599043e-40 1.7397540824132e-40 2.5361260126736e-40 3.4726137763819e-40 3.7835058536770e-40
 1  13 5.6051938572993e-41 5.6051938572993e-41 5.6391052801359e-41 9.8769120959470e-41 1.8295913269611e-40 2.8127703555006e-40 4.0750600121644e-40 5.4650640108668e-40 5.4650640108668e-40
 1  14 7.0064923216241e-41 7.0064923216241e-41 9.3400746542642e-41 1.7279971882975e-40 2.8489238558802e-40 4.3902400627604e-40 6.3519458089380e-40 7.8472714002190e-40 7.8472714002190e-40
 1  15 8.4077907859489e-41 8.4077907859489e-41 1.3940677642489e-40 2.6959160765606e-40 4.5139887301449e-40 7.0290952658536e-40 1.0108322524346e-39 1.1210387714599e-39 1.1210387714599e-39
 1  16 9.8090892502737e-41 9.8090892502737e-41 2.0829601022956e-40 4.1683024119806e-40 7.0967779816805e-40 1.1003808294988e-39 1.5891733520338e-39 1.5974802493303e-39 1.5974802493303e-39
 1  17 1.1210387714599e-40 1.5958967820656e-40 3.4826750993558e-40 6.6200001921787e-40 1.1298753595759e-39 1.7518935310096e-39 2.2560905275630e-39 2.2560905275630e-39 2.2560905275630e-39
 1  18 1.2611686178923e-40 2.5031254338388e-40 5.5294817012718e-40 1.0592232923031e-39 1.7897061687710e-39 2.7798818805429e-39 3.1809475140173e-39 3.1809475140173e-39 3.1809475140173e-39
 1  19 1.4012984643248e-40 3.6836072861553e-40 8.4823678902203e-40 1.6340485340553e-39 2.7952723415766e-39 4.3616984156390e-39 4.4281031472664e-39 4.4281031472664e-39 4.4281031472664e-39
 1  20 2.2739430699985e-40 6.2691150567117e-40 1.3883925054684e-39 2.6440344022174e-39 4.4861084958987e-39 6.1236742890995e-39 6.1236742890995e-39 6.1236742890995e-39 6.1236742890995e-39
 1  21 3.6167092974684e-40 9.9015188969806e-40 2.2064102931072e-39 4.2030335944189e-39 7.1171234340841e-39 8.4077907859489e-39 8.4077907859489e-39 8.4077907859489e-39 8.4077907859489e-39
 1  22 5.5519585286396e-40 1.5345311197159e-39 3.4237280781555e-39 6.5365963088805e-39 1.1105040898648e-38 1.3144179595367e-38 1.3144179595367e-38 1.3144179595367e-38 1.3144179595367e-38
 1  23 1.0369608636004e-39 2.3817393556651e-39 5.3473353216850e-39 1.0263582190297e-38 1.7486705445417e-38 2.7197922405748e-38 2.9721540428329e-38 2.9721540428329e-38 2.9721540428329e-38
 1  24 2.0599087425575e-39 3.0467998107291e-39 6.7821584504703e-39 1.2963686747968e-38 2.2045109731687e-38 3.4251201280499e-38 4.3846628948724e-38 4.3846628948724e-38 4.3846628948724e-38
 1  25 3.8956097308230e-39 3.8956097308230e-39 8.2993022588409e-39 1.6029919765800e-38 2.7435100578626e-38 4.2783480619422e-38 6.2084842352767e-38 6.3941248927141e-38 6.3941248927141e-38
 1  26 7.0485312755538e-39 7.0485312755538e-39 1.0752912811443e-38 2.0527772544128e-38 3.4880762641566e-38 5.4170891566422e-38 7.8396298394333e-38 9.2289516860432e-38 9.2289516860432e-38
 1  27 1.2359452455345e-38 1.2359452455345e-38 1.3019876013790e-38 2.5210897998917e-38 4.3212675918269e-38 6.7426883568854e-38 9.7910304367043e-38 1.3194626340082e-37 1.3194626340082e-37
 1  28 2.0949412041656e-38 2.0949412041656e-38 2.0949412041656e-38 3.1854498859832e-38 5.4722790163999e-38 8.5143040427416e-38 1.2290749594236e-37 1.6834588784268e-37 1.8617651397020e-37
 1  29 3.4654111022753e-38 3.4654111022753e-38 3.4654111022753e-38 3.9892983040702e-38 6.7774781135995e-38 1.0667158109841e-37 1.5411569072707e-37 2.1082277556849e-37 2.6174854015123e-37
 1  30 5.5939834695847e-38 5.5939834695847e-38 5.5939834695847e-38 5.5939834695847e-38 8.4556608230484e-38 1.3361955950227e-37 1.8975628223755e-37 2.6502737677077e-37 3.3760318020655e-37
 1  31 8.5140355539559e-38 8.5140355539559e-38 8.5140355539559e-38 8.5140355539559e-38 1.0563280415200e-37 1.6447477280901e-37 2.3466783075683e-37 3.2845655760789e-37 4.2998908398056e-37
0.74833495 0.74836296 0.74839096 13363.0 13362.0  1
1.0000000000000 
 1   1 0.0000000000000e+00 0.0000000000000e+00 0.0000000000000e+00 0.0000000000000e+00 0.0000000000000e+00 0.0000000000000e+00 0.0000000000000e+00 0.0000000000000e+00 0.0000000000000e+00
 1   2 0.0000000000000e+00 0.0000000000000e+00 0.0000000000000e+00 0.0000000000000e+00 0.0000000000000e+00 0.0000000000000e+00 0.0000000000000e+00 0.0000000000000e+00 0.0000000000000e+00
 1   3 0.0000000000000e+00 0.0000000000000e+00 0.0000000000000e+00 0.0000000000000e+00 0.0000000000000e+00 0.0000000000000e+00 0.0000000000000e+00 0.0000000000000e+00 0.0000000000000e+00
 1   4 0.0000000000000e+00 0.0000000000000e+00 0.0000000000000e+00 0.0000000000000e+00 1.4279231351470e-42 1.4012984643248e-41 1.4012984643248e-41 1.4012984643248e-41 1.4012984643248e-41
 1   5 0.0000000000000e+00 0.0000000000000e+00 0.0000000000000e+00 1.0886687769340e-41 1.4012984643248e-41 1.4012984643248e-41 1.4012984643248e-41 1.4012984643248e-41 1.4012984643248e-41
 1   6 0.0000000000000e+00 0.0000000000000e+00 6.3324677602838e-42 1.4012984643248e-41 2.0345452403532e-41 3.4358437046780e-41 4.2038953929745e-41 4.2038953929745e-41 4.2038953929745e-41
 1   7 0.0000000000000e+00 1.7782477512282e-42 1.4012984643248e-41 1.5791232394476e-41 2.9804217037725e-41 4.3817201680973e-41 5.6051938572993e-41 5.6051938572993e-41 5.6051938572993e-41
 1   8 1.4012984643248e-41 1.4012984643248e-41 1.4012984643248e-41 2.5249997028669e-41 5.0501395355802e-41 6.7288950958413e-41 1.0377736167097e-40 1.1210387714599e-40 1.1210387714599e-40
 1   9 1.4012984643248e-41 1.4012984643248e-41 2.0695777019613e-41 4.1392955337691e-41 7.6101717000552e-41 1.1814067093030e-40 1.6686241723641e-40 1.9618178500547e-40 1.9618178500547e-40
 1  10 2.8025969286496e-41 2.8025969286496e-41 3.2284515319579e-41 6.4567629340695e-41 1.2061956791369e-40 1.8093005251976e-40 2.6500796037925e-40 3.3631163143796e-40 3.3631163143796e-40
 1  11 5.6051938572993e-41 5.6051938572993e-41 5.6051938572993e-41 1.0240268787746e-40 1.8163070175193e-40 2.8888468491288e-40 4.1257589906037e-40 5.6186883615107e-40 5.8854535501642e-40
 1  12 1.1210387714599e-40 1.1210387714599e-40 1.1210387714599e-40 1.6953469340787e-40 2.9189887790965e-40 4.5117326396173e-40 6.5761535632299e-40 9.0096624893611e-40 9.8090892502737e-40
 1  13 1.4012984643248e-40 1.4012984643248e-40 1.4114718911758e-40 2.6771526901233e-40 4.5056229783129e-40 7.1726022415851e-40 1.0400114903572e-39 1.4153114489681e-39 1.4153114489681e-39
 1  14 1.6815581571898e-40 1.6815581571898e-40 2.2882923662731e-40 4.3900158550061e-40 7.3791956741806e-40 1.1395947657244e-39 1.6487061159921e-39 2.0318827732710e-39 2.0318827732710e-39
 1  15 2.1019476964872e-40 2.1019476964872e-40 3.5773748495748e-40 6.8338103118653e-40 1.1631674084913e-39 1.8063185620655e-39 2.6084021848666e-39 2.9006878211524e-39 2.9006878211524e-39
 1  16 2.3822073893522e-40 2.3822073893522e-40 5.5506132821138e-40 1.0564431161499e-39 1.8088717278675e-39 2.8273102283665e-39 4.1119954370871e-39 4.1338304697582e-39 4.1338304697582e-39
 1  17 2.8025969286496e-40 4.0544889507081e-40 9.0248105257604e-40 1.7196860871056e-39 2.9195591075714e-39 4.5204290978869e-39 5.8294016115912e-39 5.8294016115912e-39 5.8294016115912e-39
 1  18 3.2229864679471e-40 6.4165877070973e-40 1.4300012607696e-39 2.7288578008599e-39 4.6274476629059e-39 7.1743622724563e-39 8.1975960163002e-39 8.1975960163002e-39 8.1975960163002e-39
 1  19 3.5032461608120e-40 9.6788946099533e-40 2.1897768803357e-39 4.2290262796337e-39 7.2158701342681e-39 1.1249575026153e-38 1.1420582484247e-38 1.1420582484247e-38 1.1420582484247e-38
 1  20 5.8646582809537e-40 1.6091866967013e-39 3.5758166056825e-39 6.8189621533374e-39 1.1567057410126e-38 1.5806646677584e-38 1.5806646677584e-38 1.5806646677584e-38 1.5806646677584e-38
 1  21 9.4072248766746e-40 2.5642837040158e-39 5.6862617760574e-39 1.0830064100993e-38 1.8358334109704e-38 2.1692100227748e-38 2.1692100227748e-38 2.1692100227748e-38 2.1692100227748e-38
 1  22 1.4401929045006e-39 3.9643224010212e-39 8.8307993520762e-39 1.6871520005295e-38 2.8673052483561e-38 3.3939448805947e-38 3.3939448805947e-38 3.3939448805947e-38 3.3939448805947e-38
 1  23 2.6904930515036e-39 6.1530342945240e-39 1.3827211703236e-38 2.6514408251208e-38 4.5169031506910e-38 7.0268100283180e-38 7.6791155845000e-38 7.6791155845000e-38 7.6791155845000e-38
 1  24 5.3249341644343e-39 7.8825112539998e-39 1.7549761073715e-38 3.3514488231059e-38 5.6969267784097e-38 8.8513830252186e-38 1.1329498084066e-37 1.1329498084066e-37 1.1329498084066e-37
 1  25 1.0061322973852e-38 1.0061322973852e-38 2.1470313917203e-38 4.1466697268077e-38 7.0927108530177e-38 1.1060826568982e-37 1.6048611686016e-37 1.6528315386711e-37 1.6528315386711e-37
 1  26 1.8286944959439e-38 1.8286944959439e-38 2.7857718182482e-38 5.3138157018990e-38 9.0253727267043e-38 1.4013372522663e-37 2.0276804473323e-37 2.3866915444380e-37 2.3866915444380e-37
 1  27 3.2075721848395e-38 3.2075721848395e-38 3.3784089647804e-38 6.5318501109818e-38 1.1187182212029e-37 1.7458445739547e-37 2.5343839184228e-37 3.4142637083274e-37 3.4142637083274e-37
 1  28 5.4580575185452e-38 5.4580575185452e-38 5.4580575185452e-38 8.3778640954254e-38 1.4244960075188e-37 2.2130433113622e-37 3.2034707523902e-37 4.3823750789476e-37 4.8426072330137e-37
 1  29 9.0439802887524e-38 9.0439802887524e-38 9.0439802887524e-38 1.0450811079414e-37 1.7814107621219e-37 2.7722609468707e-37 4.0172890727393e-37 5.5003798710763e-37 6.8146547860658e-37
 1  30 1.4635161161408e-37 1.4635161161408e-37 1.4635161161408e-37 1.4635161161408e-37 2.2386630830296e-37 3.4848644880764e-37 5.0504334719461e-37 6.9150334944933e-37 9.0414027964090e-37
 1  31 2.3147098691303e-37 2.3147098691303e-37 2.3147098691303e-37 2.3147098691303e-37 2.8211620033283e-37 4.3843942939827e-37 6.3476968477864e-37 8.6867330340496e-37 1.1355617839026e-36
0.74839096 0.74841896 0.74844697 13362.0 13361.0  1
1.0000000000000 
 1   1 0.0000000000000e+00 0.0000000000000e+00 0.0000000000000e+00 0.0000000000000e+00 0.0000000000000e+00 0.0000000000000e+00 0.0000000000000e+00 0.0000000000000e+00 0.0000000000000e+00
 1   2 0.0000000000000e+00 0.0000000000000e+00 0.0000000000000e+00 0.0000000000000e+00 0.0000000000000e+00 0.0000000000000e+00 0.0000000000000e+00 0.0000000000000e+00 0.0000000000000e+00
 1   3 0.0000000000000e+00 0.0000000000000e+00 0.0000000000000e+00 0.0000000000000e+00 5.9821431442026e-42 1.4012984643248e-41 1.4012984643248e-41 1.4012984643248e-41 1.4012984643248e-41
 1   4 0.0000000000000e+00 0.0000000000000e+00 0.0000000000000e+00 1.4279231351470e-42 1.4012984643248e-41 1.4012984643248e-41 1.4012984643248e-41 1.4012984643248e-41 1.4012984643248e-41
 1   5 0.0000000000000e+00 0.0000000000000e+00 0.0000000000000e+00 1.0886687769340e-41 2.4899672412588e-41 2.8025969286496e-41 2.8025969286496e-41 2.8025969286496e-41 2.8025969286496e-41
 1   6 0.0000000000000e+00 0.0000000000000e+00 6.3324677602838e-42 2.0345452403532e-41 3.4358437046780e-41 4.8371421690028e-41 5.6051938572993e-41 5.6051938572993e-41 5.6051938572993e-41
 1   7 0.0000000000000e+00 1.7782477512282e-42 1.5791232394476e-41 2.9804217037725e-41 4.5596850730665e-41 7.5401067768390e-41 1.1210387714599e-40 1.1210387714599e-40 1.1210387714599e-40
 1   8 1.4012984643248e-41 1.4012984643248e-41 2.5249997028669e-41 5.0501395355802e-41 7.8527364642298e-41 1.1779034631422e-40 1.7106631262938e-40 1.8216880036223e-40 1.8216880036223e-40
 1   9 2.8025969286496e-41 2.8025969286496e-41 4.1392955337691e-41 7.6101717000552e-41 1.2482346330666e-40 1.9424238793085e-40 2.8500448946517e-40 3.3631163143796e-40 3.3631163143796e-40
 1  10 5.6051938572993e-41 5.6051938572993e-41 6.2439056973385e-41 1.1086512930352e-40 1.9707301082878e-40 3.0155102173191e-40 4.4380944053171e-40 5.7453237037317e-40 5.7453237037317e-40
 1  11 9.8090892502737e-41 9.8090892502737e-41 9.8090892502737e-41 1.7920645540864e-40 3.1206076021435e-40 4.8695401894980e-40 7.0388623161500e-40 9.6285739820994e-40 1.0089348943139e-39
 1  12 1.8216880036223e-40 1.8216880036223e-40 1.8216880036223e-40 2.8745816307620e-40 4.9903181041382e-40 7.7553882599132e-40 1.1176700499516e-39 1.5202953286168e-39 1.6535321879033e-39
 1  13 2.3822073893522e-40 2.3822073893522e-40 2.3991631007705e-40 4.5101491723526e-40 7.7421740153946e-40 1.2095223616912e-39 1.7568204964102e-39 2.3962203739954e-39 2.3962203739954e-39
 1  14 2.8025969286496e-40 2.8025969286496e-40 3.8293843653990e-40 7.3789574534416e-40 1.2469860761349e-39 1.9335760808047e-39 2.7929896263782e-39 3.4471942222390e-39 3.4471942222390e-39
 1  15 3.5032461608120e-40 3.5032461608120e-40 6.0852506852077e-40 1.1576532990342e-39 1.9726653014671e-39 3.0587164528697e-39 4.4294568015830e-39 4.9325705944234e-39 4.9325705944234e-39
 1  16 4.2038953929745e-40 4.2038953929745e-40 9.3008803362170e-40 1.7929599838051e-39 3.0750345734867e-39 4.8050510328713e-39 6.9697040330402e-39 7.0064923216241e-39 7.0064923216241e-39
 1  17 4.7644147787044e-40 6.8796888235873e-40 1.5300133334669e-39 2.9153776329539e-39 4.9485930410644e-39 7.6727606959643e-39 9.8931671581332e-39 9.8931671581332e-39 9.8931671581332e-39
 1  18 5.4650640108668e-40 1.0965146470357e-39 2.4266173402836e-39 4.6273341577303e-39 7.8430296697675e-39 1.2162927352216e-38 1.3900880766102e-38 1.3900880766102e-38 1.3900880766102e-38
 1  19 5.8854535501642e-40 1.6357216844217e-39 3.7087830143653e-39 7.1672759061223e-39 1.2255299545685e-38 1.9090243508008e-38 1.9379957761612e-38 1.9379957761612e-38 1.9379957761612e-38
 1  20 1.0034418043337e-39 2.7292179345653e-39 6.0649276535796e-39 1.1563416836716e-38 1.9627616245705e-38 2.6820852607177e-38 2.6820852607177e-38 2.6820852607177e-38 2.6820852607177e-38
 1  21 1.5989249880470e-39 4.3527679405259e-39 9.6593927392253e-39 1.8377386163625e-38 3.1149651337471e-38 3.6812110657813e-38 3.6812110657813e-38 3.6812110657813e-38 3.6812110657813e-38
 1  22 2.4491362066053e-39 6.7235183136337e-39 1.4986285918913e-38 2.8626103379813e-38 4.8652101772433e-38 5.7593366883750e-38 5.7593366883750e-38 5.7593366883750e-38 5.7593366883750e-38
 1  23 4.5682329936989e-39 1.0455610526655e-38 2.3467113782121e-38 4.5007105864163e-38 7.6668957013717e-38 1.1924323498280e-37 1.3030674419756e-37 1.3030674419756e-37 1.3030674419756e-37
 1  24 9.0383750948951e-39 1.3379768695786e-38 2.9785672253848e-38 5.6881781918372e-38 9.6693427991011e-38 1.5021825370305e-37 1.9228617527465e-37 1.9228617527465e-37 1.9228617527465e-37
 1  25 1.7095841264763e-38 1.7095841264763e-38 3.6461937381966e-38 7.0384217479128e-38 1.2041028118544e-37 1.8776537343137e-37 2.7241300440491e-37 2.8055396554247e-37 2.8055396554247e-37
 1  26 3.1052773969438e-38 3.1052773969438e-38 4.7304904639218e-38 9.0224277578517e-38 1.5324093296331e-37 2.3792265472589e-37 3.4423486442533e-37 4.0517143797488e-37 4.0517143797488e-37
 1  27 5.4482484292949e-38 5.4482484292949e-38 5.7383822316589e-38 1.1093743630428e-37 1.8997149926089e-37 2.9647101211827e-37 4.3034010364068e-37 5.7971717469118e-37 5.7971717469118e-37
 1  28 9.2751945353660e-38 9.2751945353660e-38 9.2751945353660e-38 1.4231972841020e-37 2.4196873028062e-37 3.7590692263290e-37 5.4407522672379e-37 7.4423584737848e-37 8.2238005217908e-37
 1  29 1.5372244153643e-37 1.5372244153643e-37 1.5372244153643e-37 1.7761723721506e-37 3.0268842766944e-37 4.7101762324481e-37 6.8250199105467e-37 9.3433738713686e-37 1.1575425740347e-36
 1  30 2.4881455532551e-37 2.4881455532551e-37 2.4881455532551e-37 2.4881455532551e-37 3.8059831294603e-37 5.9233787402182e-37 8.5824396582322e-37 1.1749028010834e-36 1.5363111723395e-36
 1  31 3.9371554276933e-37 3.9371554276933e-37 3.9371554276933e-37 3.9371554276933e-37 4.7980150011781e-37 7.4553665592733e-37 1.0792268951437e-36 1.4765959481107e-36 1.9301509262047e-36
0.74844697 0.74847498 0.74850299 13361.0 13360.0  1
1.0000000000000 
 1   1 0.0000000000000e+00 0.0000000000000e+00 0.0000000000000e+00 0.0000000000000e+00 0.0000000000000e+00 0.0000000000000e+00 0.0000000000000e+00 0.0000000000000e+00 0.0000000000000e+00
 1   2 0.0000000000000e+00 0.0000000000000e+00 0.0000000000000e+00 0.0000000000000e+00 1.0536363153258e-41 1.4012984643248e-41 1.4012984643248e-41 1.4012984643248e-41 1.4012984643248e-41
 1   3 0.0000000000000e+00 0.0000000000000e+00 0.0000000000000e+00 5.9821431442026e-42 1.4012984643248e-41 1.4012984643248e-41 1.4012984643248e-41 1.4012984643248e-41 1.4012984643248e-41
 1   4 0.0000000000000e+00 0.0000000000000e+00 1.4279231351470e-42 1.4012984643248e-41 1.5440907778395e-41 2.8025969286496e-41 2.8025969286496e-41 2.8025969286496e-41 2.8025969286496e-41
 1   5 0.0000000000000e+00 0.0000000000000e+00 1.0886687769340e-41 1.4012984643248e-41 2.4899672412588e-41 3.8912657055836e-41 4.2038953929745e-41 4.2038953929745e-41 4.2038953929745e-41
 1   6 0.0000000000000e+00 6.3324677602838e-42 1.4012984643248e-41 2.6679321462280e-41 4.8371421690028e-41 6.8718275392025e-41 8.4077907859489e-41 8.4077907859489e-41 8.4077907859489e-41
 1   7 1.4012984643248e-41 1.4012984643248e-41 1.7570881444169e-41 4.5596850730665e-41 7.5401067768390e-41 1.1744002169813e-40 1.5414283107573e-40 1.5414283107573e-40 1.5414283107573e-40
 1   8 1.4012984643248e-41 1.4012984643248e-41 3.6488410712554e-41 6.4514379999050e-41 1.1501437405639e-40 1.8230472631327e-40 2.6360666191493e-40 2.8025969286496e-40 2.8025969286496e-40
 1   9 4.2038953929745e-41 4.2038953929745e-41 6.2088732357304e-41 1.1081047866341e-40 1.8022940328760e-40 2.8435708957465e-40 4.1715814503871e-40 4.9045446251369e-40 4.9045446251369e-40
 1  10 7.0064923216241e-41 7.0064923216241e-41 8.2839160017026e-41 1.7117561390960e-40 2.8966660945598e-40 4.5019655893210e-40 6.5276546233797e-40 8.5479206323814e-40 8.5479206323814e-40
 1  11 1.5414283107573e-40 1.5414283107573e-40 1.5414283107573e-40 2.7002180628461e-40 4.5650240202156e-40 7.1062367463147e-40 1.0232211321577e-39 1.4034592665568e-39 1.4713633875411e-39
 1  12 2.6624670822172e-40 2.6624670822172e-40 2.6624670822172e-40 4.2896688719758e-40 7.3418931090602e-40 1.1375040284157e-39 1.6389082371296e-39 2.2384033383462e-39 2.4382593279252e-39
 1  13 3.3631163143796e-40 3.3631163143796e-40 3.3891104008928e-40 6.6245263862184e-40 1.1401370682301e-39 1.7720764327913e-39 2.5720595091943e-39 3.5172591454553e-39 3.5172591454553e-39
 1  14 4.2038953929745e-40 4.2038953929745e-40 5.6507360573898e-40 1.0788176487297e-39 1.8354515571389e-39 2.8443177878280e-39 4.1054177420956e-39 5.0586874562126e-39 5.0586874562126e-39
 1  15 5.1848043180018e-40 5.1848043180018e-40 8.9655916526580e-40 1.7108494989896e-39 2.8986979773330e-39 4.5017820192222e-39 6.5116041507693e-39 7.2447130605593e-39 7.2447130605593e-39
 1  16 6.0255833965967e-40 6.0255833965967e-40 1.3739955650459e-39 2.6408702702850e-39 4.5221807209673e-39 7.0613895902625e-39 1.0231653604788e-38 1.0285530728144e-38 1.0285530728144e-38
 1  17 7.0064923216241e-40 1.0114656393404e-39 2.2491947378200e-39 4.2857326245895e-39 7.2730290986279e-39 1.1277893866819e-38 1.4545478059692e-38 1.4545478059692e-38 1.4545478059692e-38
 1  18 7.9874012466515e-40 1.6060113543811e-39 3.5642685050380e-39 6.7966899155454e-39 1.1531720866751e-38 1.7871689777715e-38 2.0416918625213e-38 2.0416918625213e-38 2.0416918625213e-38
 1  19 8.6880504788139e-40 2.3992920202292e-39 5.4601342428693e-39 1.0531702434566e-38 1.7997637082390e-38 2.8048334009987e-38 2.8474384795080e-38 2.8474384795080e-38 2.8474384795080e-38
 1  20 1.4762090776307e-39 4.0229653404547e-39 8.9276430889457e-39 1.7001400754760e-38 2.8849691760183e-38 3.9418525801457e-38 3.9418525801457e-38 3.9418525801457e-38 3.9418525801457e-38
 1  21 2.3447997268470e-39 6.4037027677178e-39 1.4195866704529e-38 2.7008791954615e-38 4.5783450436772e-38 5.4104133707581e-38 5.4104133707581e-38 5.4104133707581e-38 5.4104133707581e-38
 1  22 3.5989996874763e-39 9.8825817495337e-39 2.2030714192563e-38 4.2078832081442e-38 7.1511321070342e-38 8.4652440229862e-38 8.4652440229862e-38 8.4652440229862e-38 8.4652440229862e-38
 1  23 6.7122196441159e-39 1.5363277244770e-38 3.4499360028143e-38 6.6149000262879e-38 1.1268902575352e-37 1.7527866065469e-37 1.9154348708856e-37 1.9154348708856e-37 1.9154348708856e-37
 1  24 1.3284309441799e-38 1.9664351284947e-38 4.3783486439921e-38 8.3620664170580e-38 1.4213634888797e-37 2.2082033385703e-37 2.8264190025432e-37 2.8264190025432e-37 2.8264190025432e-37
 1  25 2.5125281465344e-38 2.5125281465344e-38 5.3590647503508e-38 1.0347413189368e-37 1.7700671950012e-37 2.7601434145822e-37 4.0044868099692e-37 4.1241617345621e-37 4.1241617345621e-37
 1  26 4.5654303967703e-38 4.5654303967703e-38 6.9550932544720e-38 1.3265192367630e-37 2.2528724736656e-37 3.4977532950396e-37 5.0606142976530e-37 5.9563592524591e-37 5.9563592524591e-37
 1  27 8.0112233205450e-38 8.0112233205450e-38 8.4378861928075e-38 1.6313118542064e-37 2.7931714588670e-37 4.3587529983709e-37 6.3267773674799e-37 8.5228371656622e-37 8.5228371656622e-37
 1  28 1.3638837953273e-37 1.3638837953273e-37 1.3638837953273e-37 2.0929515845540e-37 3.5581479136055e-37 5.5274807591686e-37 8.0000259368801e-37 1.0942880061967e-36 1.2091804000243e-36
 1  29 2.2608549423417e-37 2.2608549423417e-37 2.2608549423417e-37 2.6123030634796e-37 4.4518377801358e-37 6.9273169405199e-37 1.0036804510674e-36 1.3739643104850e-36 1.7021712800208e-36
 1  30 3.6606119783557e-37 3.6606119783557e-37 3.6606119783557e-37 3.6606119783557e-37 5.5988075236260e-37 8.7131447075052e-37 1.2624198765275e-36 1.7279630638773e-36 2.2593720322548e-36
 1  31 5.7930588798670e-37 5.7930588798670e-37 5.7930588798670e-37 5.7930588798670e-37 7.0593394345572e-37 1.0968775160756e-36 1.5878276570925e-36 2.1722054383722e-36 2.8390757096391e-36
0.74850299 0.74853100 0.74855902 13360.0 13359.0  1
1.0000000000000 
 1   1 0.0000000000000e+00 0.0000000000000e+00 0.0000000000000e+00 0.0000000000000e+00 4.9045446251369e-44 5.4650640108668e-44 5.4650640108668e-44 5.4650640108668e-44 5.4650640108668e-44
 1   2 0.0000000000000e+00 0.0000000000000e+00 0.0000000000000e+00 0.0000000000000e+00 1.0536363153258e-41 1.4012984643248e-41 1.4012984643248e-41 1.4012984643248e-41 1.4012984643248e-41
 1   3 0.0000000000000e+00 0.0000000000000e+00 0.0000000000000e+00 5.9821431442026e-42 1.4012984643248e-41 1.4012984643248e-41 1.4012984643248e-41 1.4012984643248e-41 1.4012984643248e-41
 1   4 0.0000000000000e+00 0.0000000000000e+00 1.4279231351470e-42 1.5440907778395e-41 2.9453892421643e-41 4.2038953929745e-41 4.2038953929745e-41 4.2038953929745e-41 4.2038953929745e-41
 1   5 0.0000000000000e+00 0.0000000000000e+00 1.0886687769340e-41 2.4899672412588e-41 3.8912657055836e-41 6.3813730766888e-41 7.0064923216241e-41 7.0064923216241e-41 7.0064923216241e-41
 1   6 0.0000000000000e+00 6.3324677602838e-42 2.0345452403532e-41 4.0692306105528e-41 6.8718275392025e-41 1.0307671243880e-40 1.2611686178923e-40 1.2611686178923e-40 1.2611686178923e-40
 1   7 1.4012984643248e-41 1.5791232394476e-41 3.1583866087417e-41 6.1388083125142e-41 1.0342703705489e-40 1.4902388778555e-40 2.1019476964872e-40 2.1019476964872e-40 2.1019476964872e-40
 1   8 2.8025969286496e-41 2.8025969286496e-41 5.0501395355802e-41 8.9764377027719e-41 1.5427875702677e-40 2.4681910631232e-40 3.5614701120047e-40 3.7835058536770e-40 3.7835058536770e-40
 1   9 5.6051938572993e-41 5.6051938572993e-41 8.2784509376917e-41 1.5220343400110e-40 2.4964832791179e-40 3.8848477586170e-40 5.6332478525551e-40 6.5861027823266e-40 6.5861027823266e-40
 1  10 9.8090892502737e-41 9.8090892502737e-41 1.1512367533661e-40 2.3361467088298e-40 3.9627459402488e-40 6.1498505444130e-40 8.8974745343072e-40 1.1630777253896e-39 1.1630777253896e-39
 1  11 2.1019476964872e-40 2.1019476964872e-40 2.1019476964872e-40 3.6083715716057e-40 6.2412011913024e-40 9.7390803789961e-40 1.4077724632300e-39 1.9257147964199e-39 2.0178697886277e-39
 1  12 3.6433760072445e-40 3.6433760072445e-40 3.6433760072445e-40 5.8448859596220e-40 9.9293206585128e-40 1.5466369371492e-39 2.2449123697130e-39 3.0641745103882e-39 3.3350903450931e-39
 1  13 4.6242849322719e-40 4.6242849322719e-40 4.6604384326515e-40 9.1604141781531e-40 1.5624463864237e-39 2.4330591093241e-39 3.5277660813408e-39 4.8204667172774e-39 4.8204667172774e-39
 1  14 5.7453237037317e-40 5.7453237037317e-40 7.7522213253838e-40 1.4804592158730e-39 2.5079837356146e-39 3.8858328714374e-39 5.6140052220429e-39 6.9224144137646e-39 6.9224144137646e-39
 1  15 7.0064923216241e-40 7.0064923216241e-40 1.2262706809368e-39 2.3385401266069e-39 3.9641360283254e-39 6.1498897807700e-39 8.9009525570957e-39 9.9071801427765e-39 9.9071801427765e-39
 1  16 8.2676609395164e-40 8.2676609395164e-40 1.8737154130057e-39 3.6137091174563e-39 6.1918712814627e-39 9.6521396183739e-39 1.4008999350416e-38 1.4083049566464e-38 1.4083049566464e-38
 1  17 9.6689594038412e-40 1.3899507493607e-39 3.0783570521457e-39 5.8630972344644e-39 9.9478584358973e-39 1.5428538516851e-38 1.9898438193412e-38 1.9898438193412e-38 1.9898438193412e-38
 1  18 1.0930128021734e-39 2.2019009146491e-39 4.8849909063657e-39 9.2967058680918e-39 1.5763583374477e-38 2.4450559057368e-38 2.7941891378637e-38 2.7941891378637e-38 2.7941891378637e-38
 1  19 1.1911036946761e-39 3.2854549521882e-39 7.4718551338356e-39 1.4404029591404e-38 2.4634364574337e-38 3.8373731679441e-38 3.8956097308230e-38 3.8956097308230e-38 3.8956097308230e-38
 1  20 2.0148163592740e-39 5.4983616649761e-39 1.2211820056934e-38 2.3258771529042e-38 3.9461200944890e-38 5.3907951922576e-38 5.3907951922576e-38 5.3907951922576e-38 5.3907951922576e-38
 1  21 3.2063712720556e-39 8.7536326482427e-39 1.9414411486955e-38 3.6952083558817e-38 6.2628226660875e-38 7.4002571900994e-38 7.4002571900994e-38 7.4002571900994e-38 7.4002571900994e-38
 1  22 4.9237326050089e-39 1.3523023437794e-38 3.0138558443522e-38 5.7555756032968e-38 9.7812818835477e-38 1.1578929210716e-37 1.1578929210716e-37 1.1578929210716e-37 1.1578929210716e-37
 1  23 9.1785049413276e-39 2.1016793478313e-38 4.7187408565582e-38 9.0499083417758e-38 1.5417031894641e-37 2.3979252497591e-37 2.6204281282874e-37 2.6204281282874e-37 2.6204281282874e-37
 1  24 1.8174841082293e-38 2.6903960816499e-38 5.9897600421353e-38 1.1439312800041e-37 1.9445500414424e-37 3.0209759539533e-37 3.8667429824579e-37 3.8667429824579e-37 3.8667429824579e-37
 1  25 3.4373851329888e-38 3.4373851329888e-38 7.3334477634754e-38 1.4158356466976e-37 2.4217029305172e-37 3.7763007132851e-37 5.4784832933767e-37 5.6421881367574e-37 5.6421881367574e-37
 1  26 6.2469885539600e-38 6.2469885539600e-38 9.5169465464313e-38 1.8150215223600e-37 3.0823178502810e-37 4.7854943433474e-37 6.9236838780694e-37 8.1491106410190e-37 8.1491106410190e-37
 1  27 1.0962357886413e-37 1.0962357886413e-37 1.1546134342496e-37 2.2321319111471e-37 3.8218130937443e-37 5.9638935298343e-37 8.6565573608150e-37 1.1660905395087e-36 1.1660905395087e-36
 1  28 1.8665295544807e-37 1.8665295544807e-37 1.8665295544807e-37 2.8641594454076e-37 4.8688565800552e-37 7.5635526301208e-37 1.0946395639554e-36 1.4972805483738e-36 1.6544849811759e-36
 1  29 3.0942071390756e-37 3.0942071390756e-37 3.0942071390756e-37 3.5751576590926e-37 6.0923286998029e-37 9.4792913025135e-37 1.3734613676505e-36 1.8800752901640e-36 2.3291682648983e-36
 1  30 5.0103428834011e-37 5.0103428834011e-37 5.0103428834011e-37 5.0103428834011e-37 7.6623170427174e-37 1.1923895709885e-36 1.7277246861929e-36 2.3648431265640e-36 3.0916495115393e-36
 1  31 7.9299762597912e-37 7.9299762597912e-37 7.9299762597912e-37 7.9299762597912e-37 9.6627856191191e-37 1.5013336864728e-36 2.1733490772853e-36 2.9731404672687e-36 3.8855315025845e-36
0.74855902 0.74858704 0.74861506 13359.0 13358.0  1
1.0000000000000 
 1   1 0.0000000000000e+00 0.0000000000000e+00 0.0000000000000e+00 1.0733946236728e-42 1.4008780747855e-41 1.4012984643248e-41 1.4012984643248e-41 1.4012984643248e-41 1.4012984643248e-41
 1   2 0.0000000000000e+00 0.0000000000000e+00 0.0000000000000e+00 1.0536363153258e-41 1.4012984643248e-41 1.4012984643248e-41 1.4012984643248e-41 1.4012984643248e-41 1.4012984643248e-41
 1   3 0.0000000000000e+00 0.0000000000000e+00 5.9821431442026e-42 1.4012984643248e-41 1.9995127787451e-41 2.8025969286496e-41 2.8025969286496e-41 2.8025969286496e-41 2.8025969286496e-41
 1   4 0.0000000000000e+00 1.4279231351470e-42 1.4012984643248e-41 1.5440907778395e-41 2.9453892421643e-41 4.2038953929745e-41 4.2038953929745e-41 4.2038953929745e-41 4.2038953929745e-41
 1   5 0.0000000000000e+00 1.0886687769340e-41 1.4012984643248e-41 2.4899672412588e-41 4.9800746123640e-41 7.7826715410136e-41 8.4077907859489e-41 8.4077907859489e-41 8.4077907859489e-41
 1   6 0.0000000000000e+00 6.3324677602838e-42 2.6679321462280e-41 5.4705290748777e-41 8.9063727795557e-41 1.3110268172530e-40 1.5414283107573e-40 1.5414283107573e-40 1.5414283107573e-40
 1   7 1.4012984643248e-41 1.7570881444169e-41 4.5596850730665e-41 7.7179315519618e-41 1.3501090314230e-40 2.0685407410977e-40 2.8025969286496e-40 2.8025969286496e-40 2.8025969286496e-40
 1   8 2.8025969286496e-41 2.8025969286496e-41 6.1738407741223e-41 1.2625278774027e-40 2.0755472334193e-40 3.2534506965615e-40 4.6270034512927e-40 4.9045446251369e-40 4.9045446251369e-40
 1   9 7.0064923216241e-41 7.0064923216241e-41 1.0348168769499e-40 1.9359638933880e-40 3.2575004491234e-40 5.0662684809046e-40 7.3687139616674e-40 8.6880504788139e-40 8.6880504788139e-40
 1  10 1.4012984643248e-40 1.4012984643248e-40 1.5929120163366e-40 2.9818370152214e-40 5.1902273430588e-40 8.0992809160432e-40 1.1708983721190e-39 1.5274153261141e-39 1.5274153261141e-39
 1  11 2.8025969286496e-40 2.8025969286496e-40 2.8025969286496e-40 4.7725282968128e-40 8.1976520682388e-40 1.2768057074557e-39 1.8459486839351e-39 2.5271969388589e-39 2.6484540975739e-39
 1  12 4.9045446251369e-40 4.9045446251369e-40 4.9045446251369e-40 7.6803487271486e-40 1.3084161982140e-39 2.0354084402072e-39 2.9445666799658e-39 4.0167519830639e-39 4.3720512086934e-39
 1  13 6.1657132430292e-40 6.1657132430292e-40 6.2120401702598e-40 1.1978831766465e-39 2.0411481587171e-39 3.1924717925879e-39 4.6240565206222e-39 6.3198560741049e-39 6.3198560741049e-39
 1  14 7.5670117073540e-40 7.5670117073540e-40 1.0180657551074e-39 1.9381415112015e-39 3.2832633213900e-39 5.0954813499904e-39 7.3701362796087e-39 9.0804140488248e-39 9.0804140488248e-39
 1  15 9.2485698645438e-40 9.2485698645438e-40 1.6072430957312e-39 3.0683896161689e-39 5.2017978644787e-39 8.0679506849778e-39 1.1672357983228e-38 1.2990036764291e-38 1.2990036764291e-38
 1  16 1.0930128021734e-39 1.0930128021734e-39 2.4568027105036e-39 4.7395052972025e-39 8.1259111920592e-39 1.2660669968042e-38 1.8372041611282e-38 1.8469113759801e-38 1.8469113759801e-38
 1  17 1.2611686178923e-39 1.8180474302119e-39 4.0358264577603e-39 7.6841280291069e-39 1.3042080989256e-38 2.0240052338239e-38 2.6106190390371e-38 2.6106190390371e-38 2.6106190390371e-38
 1  18 1.4293244336113e-39 2.8841861304365e-39 6.4065291867203e-39 1.2199766087544e-38 2.0681064787036e-38 3.2067686803001e-38 3.6643954842094e-38 3.6643954842094e-38 3.6643954842094e-38
 1  19 1.5694542800438e-39 4.3082220636434e-39 9.7982347923691e-39 1.8907439919442e-38 3.2305024723903e-38 5.0340817762178e-38 5.1105354993926e-38 5.1105354993926e-38 5.1105354993926e-38
 1  20 2.6451736578689e-39 7.2154259226549e-39 1.6007358860525e-38 3.0507388607123e-38 5.1765938300397e-38 7.0723533494474e-38 7.0723533494474e-38 7.0723533494474e-38 7.0723533494474e-38
 1  21 4.2092021102588e-39 1.1487203015838e-38 2.5469734640860e-38 4.8474641334911e-38 8.2159647970899e-38 9.7081957608423e-38 9.7081957608423e-38 9.7081957608423e-38 9.7081957608423e-38
 1  22 6.4568848470359e-39 1.7740765060894e-38 3.9534813955818e-38 7.5506877012834e-38 1.2832079038276e-37 1.5190075353281e-37 1.5190075353281e-37 1.5190075353281e-37 1.5190075353281e-37
 1  23 1.2037153808550e-38 2.7570936846564e-38 6.1914618220515e-38 1.1872814008809e-37 2.0224729980311e-37 3.1457545196571e-37 3.4376653926816e-37 3.4376653926816e-37 3.4376653926816e-37
 1  24 2.3850099862808e-38 3.5303596045386e-38 7.8589414138299e-38 1.5007601630373e-37 2.5510470387218e-37 3.9632227180383e-37 5.0728403464945e-37 5.0728403464945e-37 5.0728403464945e-37
 1  25 4.5107797566616e-38 4.5107797566616e-38 9.6200787502893e-38 1.8573993663104e-37 3.1771610934629e-37 4.9541792893665e-37 7.1873095976434e-37 7.4020791023107e-37 7.4020791023107e-37
 1  26 8.1947934193715e-38 8.1947934193715e-38 1.2485141080323e-37 2.3812524885267e-37 4.0439967004305e-37 6.2784659774161e-37 9.0836202197112e-37 1.0691346763413e-36 1.0691346763413e-36
 1  27 1.4382927437830e-37 1.4382927437830e-37 1.5148846910383e-37 2.9285963055756e-37 5.0142588960376e-37 7.8246730522484e-37 1.1357311952817e-36 1.5299235831029e-36 1.5299235831029e-36
 1  28 2.4490493261005e-37 2.4490493261005e-37 2.4490493261005e-37 3.7579250941588e-37 6.3882753124047e-37 9.9236863176474e-37 1.4361854599420e-36 1.9644627840906e-36 2.1707235147994e-36
 1  29 4.0602625245889e-37 4.0602625245889e-37 4.0602625245889e-37 4.6912611694650e-37 7.9939929546276e-37 1.2438482998240e-36 1.8021037253342e-36 2.4667855495531e-36 3.0560216438189e-36
 1  30 6.5743318752263e-37 6.5743318752263e-37 6.5743318752263e-37 6.5743318752263e-37 1.0055382365194e-36 1.5647670824157e-36 2.2669872037877e-36 3.1031594408137e-36 4.0569223671486e-36
 1  31 1.0407492571831e-36 1.0407492571831e-36 1.0407492571831e-36 1.0407492571831e-36 1.2681433623960e-36 1.9702175693615e-36 2.8518914248745e-36 3.9014384149698e-36 5.0989696975459e-36
0.74861506 0.74864308 0.74867111 13358.0 13357.0  1
1.0000000000000 
 1   1 0.0000000000000e+00 0.0000000000000e+00 0.0000000000000e+00 1.1224400699242e-42 1.4012984643248e-41 1.4012984643248e-41 1.4012984643248e-41 1.4012984643248e-41 1.4012984643248e-41
 1   2 0.0000000000000e+00 0.0000000000000e+00 0.0000000000000e+00 1.0536363153258e-41 1.4012984643248e-41 1.4012984643248e-41 1.4012984643248e-41 1.4012984643248e-41 1.4012984643248e-41
 1   3 0.0000000000000e+00 0.0000000000000e+00 5.9821431442026e-42 1.9995127787451e-41 2.8025969286496e-41 2.8025969286496e-41 2.8025969286496e-41 2.8025969286496e-41 2.8025969286496e-41
 1   4 0.0000000000000e+00 1.4279231351470e-42 1.5440907778395e-41 2.9453892421643e-41 4.3466877064892e-41 5.6051938572993e-41 5.6051938572993e-41 5.6051938572993e-41 5.6051938572993e-41
 1   5 0.0000000000000e+00 1.0886687769340e-41 2.4899672412588e-41 3.8912657055836e-41 6.3813730766888e-41 1.0272638782272e-40 1.1210387714599e-40 1.1210387714599e-40 1.1210387714599e-40
 1   6 1.4012984643248e-41 2.0345452403532e-41 3.4358437046780e-41 6.1037758509060e-41 1.0940918019909e-40 1.6546111877208e-40 1.9618178500547e-40 1.9618178500547e-40 1.9618178500547e-40
 1   7 1.4012984643248e-41 1.7570881444169e-41 4.7375098481893e-41 9.2971949212559e-41 1.6481512018003e-40 2.5422917259167e-40 3.6433760072445e-40 3.6433760072445e-40 3.6433760072445e-40
 1   8 4.2038953929745e-41 4.2038953929745e-41 7.5751392384471e-41 1.5150278476894e-40 2.5805611869774e-40 4.0387243429845e-40 5.9172770382890e-40 6.3058430894617e-40 6.3058430894617e-40
 1   9 8.4077907859489e-41 8.4077907859489e-41 1.3086165838944e-40 2.4900232931973e-40 4.2254894023097e-40 6.5279348830725e-40 9.3844257506601e-40 1.1070257868166e-39 1.1070257868166e-39
 1  10 1.6815581571898e-40 1.6815581571898e-40 1.9583426298632e-40 3.8864872778202e-40 6.5578526052859e-40 1.0210140870763e-39 1.4843324048284e-39 1.9478048654115e-39 1.9478048654115e-39
 1  11 3.5032461608120e-40 3.5032461608120e-40 3.5032461608120e-40 6.1684597880193e-40 1.0434348625055e-39 1.6193166832999e-39 2.3493413351699e-39 3.2219200798157e-39 3.3771292990228e-39
 1  12 6.1657132430292e-40 6.1657132430292e-40 6.1657132430292e-40 9.8029795889693e-40 1.6755115543162e-39 2.5993736188609e-39 3.7570143062089e-39 5.1337339954695e-39 5.5911808726560e-39
 1  13 7.8472714002190e-40 7.8472714002190e-40 7.9060278448281e-40 1.5221030036358e-39 2.6042669530983e-39 4.0785660609222e-39 5.9170920668918e-39 8.0854921391542e-39 8.0854921391542e-39
 1  14 9.6689594038412e-40 9.6689594038412e-40 1.2982679947353e-39 2.4705438432448e-39 4.1939826076378e-39 6.5106330509335e-39 9.4158386583349e-39 1.1602751284609e-38 1.1602751284609e-38
 1  15 1.1770907100328e-39 1.1770907100328e-39 2.0531264579901e-39 3.9192033930668e-39 6.6533623060173e-39 1.0321237214314e-38 1.4914327841471e-38 1.6591373817606e-38 1.6591373817606e-38
 1  16 1.3872854796816e-39 1.3872854796816e-39 3.1367940007049e-39 6.0598213219756e-39 1.0380114170591e-38 1.6184358270852e-38 2.3473974539402e-38 2.3597866139230e-38 2.3597866139230e-38
 1  17 1.6114932339735e-39 2.3237802498822e-39 5.1625825269546e-39 9.8318435347374e-39 1.6672120839016e-38 2.5855820393750e-38 3.3350903450931e-38 3.3350903450931e-38 3.3350903450931e-38
 1  18 1.8216880036223e-39 3.6846204249450e-39 8.1797925193109e-39 1.5579661549736e-38 2.6430341553736e-38 4.0985082196277e-38 4.6831394677735e-38 4.6831394677735e-38 4.6831394677735e-38
 1  19 2.0038568039845e-39 5.5078680737581e-39 1.2521589694160e-38 2.4152858803817e-38 4.1282821686186e-38 6.4323797802708e-38 6.5300508437536e-38 6.5300508437536e-38 6.5300508437536e-38
 1  20 3.3812953593572e-39 9.2199021005606e-39 2.0460207537373e-38 3.8979137457580e-38 6.6137773059583e-38 9.0369737964307e-38 9.0369737964307e-38 9.0369737964307e-38 9.0369737964307e-38
 1  21 5.3788561293415e-39 1.4672012508423e-38 3.2539641323188e-38 6.1933967349710e-38 1.0497402571795e-37 1.2404294006203e-37 1.2404294006203e-37 1.2404294006203e-37 1.2404294006203e-37
 1  22 8.2549049195957e-39 2.2670804910291e-38 5.0523429372855e-38 9.6485800400149e-38 1.6396542884320e-37 1.9409385029363e-37 1.9409385029363e-37 1.9409385029363e-37 1.9409385029363e-37
 1  23 1.5386257138286e-38 3.5240274170380e-38 7.9113225109457e-38 1.5169721773346e-37 2.5841977246481e-37 4.0195145589084e-37 4.3925101662726e-37 4.3925101662726e-37 4.3925101662726e-37
 1  24 3.0478241599065e-38 4.5110174168811e-38 1.0041821383384e-37 1.9176977997497e-37 3.2596534040840e-37 5.0640114935460e-37 6.4818461765809e-37 6.4818461765809e-37 6.4818461765809e-37
 1  25 5.7635405837680e-38 5.7635405837680e-38 1.2292935619840e-37 2.3733713617555e-37 4.0596441596026e-37 6.3303194015822e-37 9.1837756172154e-37 9.4582041148068e-37 9.4582041148068e-37
 1  26 1.0471903423899e-37 1.0471903423899e-37 1.5954387256236e-37 3.0428187217919e-37 5.1673466054216e-37 8.0224090454066e-37 1.1606689269606e-36 1.3660978469010e-36 1.3660978469010e-36
 1  27 1.8379430658084e-37 1.8379430658084e-37 1.9358135620887e-37 3.7422863790892e-37 6.4074966431801e-37 9.9984353892663e-37 1.4512374233186e-36 1.9548953907994e-36 1.9548953907994e-36
 1  28 3.1295198603766e-37 3.1295198603766e-37 3.1295198603766e-37 4.8020458081847e-37 8.1634159925739e-37 1.2680928708097e-36 1.8351976866987e-36 2.5102736030403e-36 2.7738563644087e-36
 1  29 5.1884476940091e-37 5.1884476940091e-37 5.1884476940091e-37 5.9948247832009e-37 1.0215194961961e-36 1.5893859906679e-36 2.3028288760227e-36 3.1522114339314e-36 3.9052226831298e-36
 1  30 8.4024654033690e-37 8.4024654033690e-37 8.4024654033690e-37 8.4024654033690e-37 1.2849443256223e-36 1.9994890575647e-36 2.8968352144688e-36 3.9651912621210e-36 5.1844219092561e-36
 1  31 1.3302128577279e-36 1.3302128577279e-36 1.3302128577279e-36 1.3302128577279e-36 1.6208425179613e-36 2.5179671576042e-36 3.6444052105198e-36 4.9855019197890e-36 6.5159601935443e-36
0.74867111 0.74869914 0.74872716 13357.0 13356.0  1
1.0000000000000 
 1   1 0.0000000000000e+00 0.0000000000000e+00 1.0733946236728e-42 1.4008780747855e-41 1.4012984643248e-41 1.4012984643248e-41 1.4012984643248e-41 1.4012984643248e-41 1.4012984643248e-41
 1   2 0.0000000000000e+00 0.0000000000000e+00 1.0536363153258e-41 1.4012984643248e-41 2.4549347796506e-41 2.8025969286496e-41 2.8025969286496e-41 2.8025969286496e-41 2.8025969286496e-41
 1   3 0.0000000000000e+00 5.9821431442026e-42 1.4012984643248e-41 1.9995127787451e-41 3.4008112430699e-41 4.2038953929745e-41 4.2038953929745e-41 4.2038953929745e-41 4.2038953929745e-41
 1   4 0.0000000000000e+00 1.4279231351470e-42 1.5440907778395e-41 3.0883216855255e-41 5.8909186141751e-41 8.4077907859489e-41 8.4077907859489e-41 8.4077907859489e-41 8.4077907859489e-41
 1   5 0.0000000000000e+00 1.0886687769340e-41 2.4899672412588e-41 4.9800746123640e-41 8.8713403179476e-41 1.3075235710922e-40 1.4012984643248e-40 1.4012984643248e-40 1.4012984643248e-40
 1   6 1.4012984643248e-41 2.0345452403532e-41 4.0692306105528e-41 7.5050743152309e-41 1.2975603390109e-40 2.0615342487761e-40 2.5223372357847e-40 2.5223372357847e-40 2.5223372357847e-40
 1   7 2.8025969286496e-41 3.1583866087417e-41 6.3166330876370e-41 1.2277616625028e-40 2.1041197091069e-40 3.2607374485760e-40 4.4841550858394e-40 4.4841550858394e-40 4.4841550858394e-40
 1   8 5.6051938572993e-41 5.6051938572993e-41 1.0100138941314e-40 1.9076716773932e-40 3.3380751108221e-40 5.1042576822724e-40 7.4878243311350e-40 7.9874012466515e-40 7.9874012466515e-40
 1   9 1.1210387714599e-40 1.1210387714599e-40 1.6557042005230e-40 3.1109106167704e-40 5.2667662651802e-40 8.1900990695160e-40 1.1887383028683e-39 1.4012984643248e-39 1.4012984643248e-39
 1  10 2.2420775429197e-40 2.2420775429197e-40 2.5614474759240e-40 4.8337230007499e-40 8.2483230207087e-40 1.2902805934887e-39 1.8678313607540e-39 2.4382593279252e-39 2.4382593279252e-39
 1  11 4.4841550858394e-40 4.4841550858394e-40 4.4841550858394e-40 7.7287495761064e-40 1.3158809151334e-39 2.0410556730185e-39 2.9599865682672e-39 4.0519231732200e-39 4.2459343469042e-39
 1  12 7.8472714002190e-40 7.8472714002190e-40 7.8472714002190e-40 1.2345999990087e-39 2.1037890026693e-39 3.2621205301603e-39 4.7198534875388e-39 6.4571581002364e-39 7.0345182909106e-39
 1  13 9.8090892502737e-40 9.8090892502737e-40 9.8836663545451e-40 1.9167268680697e-39 3.2798273375555e-39 5.1192557797361e-39 7.4210006112668e-39 1.0145400881712e-38 1.0145400881712e-38
 1  14 1.2191296639626e-39 1.2191296639626e-39 1.6345123638470e-39 3.1056935825877e-39 5.2728352888292e-39 8.1826637798643e-39 1.1830511330509e-38 1.4587517013621e-38 1.4587517013621e-38
 1  15 1.4713633875411e-39 1.4713633875411e-39 2.5779351536552e-39 4.9234369310329e-39 8.3516449603788e-39 1.2956219228452e-38 1.8738242938964e-38 2.0851321149153e-38 2.0851321149153e-38
 1  16 1.7516230804060e-39 1.7516230804060e-39 3.9419520723367e-39 7.6164607275631e-39 1.3037844863998e-38 2.0321058599865e-38 2.9481767050696e-38 2.9637462520470e-38 2.9637462520470e-38
 1  17 2.0318827732710e-39 2.9254781922847e-39 6.4866512290150e-39 1.2347217718453e-38 2.0942575106449e-38 3.2479598486589e-38 4.1884811098669e-38 4.1884811098669e-38 4.1884811098669e-38
 1  18 2.2981294814927e-39 4.6312311687596e-39 1.0277160772417e-38 1.9569969629479e-38 3.3192167163489e-38 5.1469883171242e-38 5.8812496547713e-38 5.8812496547713e-38 5.8812496547713e-38
 1  19 2.5083242511414e-39 6.9252576483487e-39 1.5724232111002e-38 3.0331769475783e-38 5.1844495092307e-38 8.0790949314049e-38 8.2017999116932e-38 8.2017999116932e-38 8.2017999116932e-38
 1  20 4.2490928736428e-39 1.1575776289171e-38 2.5698076225621e-38 4.8967769474894e-38 8.3074566948645e-38 1.1350517561031e-37 1.1350517561031e-37 1.1350517561031e-37 1.1350517561031e-37
 1  21 6.7573708819349e-39 1.8435308835648e-38 4.0882991997957e-38 7.7800253289936e-38 1.3186740953364e-37 1.5582438923292e-37 1.5582438923292e-37 1.5582438923292e-37 1.5582438923292e-37
 1  22 1.0368713206285e-38 2.8482091936634e-38 6.3464398270119e-38 1.2119554642408e-37 2.0596349848895e-37 2.4381191980787e-37 2.4381191980787e-37 2.4381191980787e-37 2.4381191980787e-37
 1  23 1.9323905823039e-38 4.4260552896907e-38 9.9370569470746e-38 1.9055887873559e-37 3.2461563214834e-37 5.0489770183742e-37 5.5174725734325e-37 5.5174725734325e-37 5.5174725734325e-37
 1  24 3.8283474045354e-38 5.6663739877323e-38 1.2613922651272e-37 2.4089199496140e-37 4.0946250534272e-37 6.3610421417373e-37 8.1419646914742e-37 8.1419646914742e-37 8.1419646914742e-37
 1  25 7.2391078667020e-38 7.2391078667020e-38 1.5442413333465e-37 2.9812757111086e-37 5.0994394576327e-37 7.9518589366101e-37 1.1536064723835e-36 1.1880768899932e-36 1.1880768899932e-36
 1  26 1.3155389983081e-37 1.3155389983081e-37 2.0041498435193e-37 3.8222951404160e-37 6.4910992306005e-37 1.0077526019839e-36 1.4580038339769e-36 1.7160581702230e-36 1.7160581702230e-36
 1  27 2.3089194796680e-37 2.3089194796680e-37 2.4318579723324e-37 4.7010429053693e-37 8.0491112921118e-37 1.2559774012326e-36 1.8230230262744e-36 2.4557055610684e-36 2.4557055610684e-36
 1  28 3.9314829715097e-37 3.9314829715097e-37 3.9314829715097e-37 6.0326123096938e-37 1.0255039370391e-36 1.5929691893139e-36 2.3053398235045e-36 3.1533661935492e-36 3.4844826622709e-36
 1  29 6.5182799366533e-37 6.5182799366533e-37 6.5182799366533e-37 7.5313016899124e-37 1.2833311059886e-36 1.9967237688063e-36 2.8928256623573e-36 3.9598213967226e-36 4.9057496072915e-36
 1  30 1.0555840977705e-36 1.0555840977705e-36 1.0555840977705e-36 1.0555840977705e-36 1.6143223771003e-36 2.5120469966937e-36 3.6392599116081e-36 4.9811024255512e-36 6.5123764567997e-36
 1  31 1.6712214622521e-36 1.6712214622521e-36 1.6712214622521e-36 1.6712214622521e-36 2.0363550901874e-36 3.1633594022072e-36 4.5784052098280e-36 6.2631413774102e-36 8.1853343632673e-36
0.74872716 0.74875520 0.74878323 13356.0 13355.0  1
1.0000000000000 
 1   1 0.0000000000000e+00 0.0000000000000e+00 1.0733946236728e-42 1.4008780747855e-41 1.4062030089500e-41 1.4067635283357e-41 1.4067635283357e-41 1.4067635283357e-41 1.4067635283357e-41
 1   2 0.0000000000000e+00 0.0000000000000e+00 1.0536363153258e-41 1.4012984643248e-41 2.4549347796506e-41 2.8025969286496e-41 2.8025969286496e-41 2.8025969286496e-41 2.8025969286496e-41
 1   3 0.0000000000000e+00 5.9821431442026e-42 1.4012984643248e-41 1.9995127787451e-41 3.9991656873366e-41 5.6051938572993e-41 5.6051938572993e-41 5.6051938572993e-41 5.6051938572993e-41
 1   4 1.4279231351470e-42 1.4012984643248e-41 1.6870232212006e-41 4.3466877064892e-41 6.0337109276898e-41 9.8090892502737e-41 9.8090892502737e-41 9.8090892502737e-41 9.8090892502737e-41
 1   5 0.0000000000000e+00 1.0886687769340e-41 3.5787761480392e-41 6.3813730766888e-41 1.0272638782272e-40 1.5565202952181e-40 1.6815581571898e-40 1.6815581571898e-40 1.6815581571898e-40
 1   6 1.4012984643248e-41 2.0345452403532e-41 4.7024773865812e-41 9.5396195555841e-41 1.6411447094787e-40 2.6085871562639e-40 3.2229864679471e-40 3.2229864679471e-40 3.2229864679471e-40
 1   7 2.8025969286496e-41 3.3362113838645e-41 7.8958964569310e-41 1.5258178458647e-40 2.5600882164136e-40 4.0147481262599e-40 5.6051938572993e-40 5.6051938572993e-40 5.6051938572993e-40
 1   8 7.0064923216241e-41 7.0064923216241e-41 1.2625278774027e-40 2.4126716179666e-40 4.1233487572451e-40 6.3945312692688e-40 9.2262471800071e-40 9.8090892502737e-40 9.8090892502737e-40
 1   9 1.4012984643248e-40 1.4012984643248e-40 2.0696337538999e-40 3.8719277867759e-40 6.5818428349951e-40 1.0205824871493e-39 1.4737413910350e-39 1.7376100957628e-39 1.7376100957628e-39
 1  10 2.8025969286496e-40 2.8025969286496e-40 3.2071237693309e-40 6.0612044035599e-40 1.0240338852670e-39 1.6058431985654e-39 2.3277837595947e-39 3.0408176675849e-39 3.0408176675849e-39
 1  11 5.4650640108668e-40 5.4650640108668e-40 5.4650640108668e-40 9.5208141301928e-40 1.6279416753478e-39 2.5395970289698e-39 3.6778857845255e-39 5.0403808930747e-39 5.2828952105046e-39
 1  12 9.6689594038412e-40 9.6689594038412e-40 9.6689594038412e-40 1.5412013004061e-39 2.6117022427501e-39 4.0472302246629e-39 5.8611087919435e-39 8.0150502666511e-39 8.7300894327436e-39
 1  13 1.2191296639626e-39 1.2191296639626e-39 1.2283950494087e-39 2.3817533686497e-39 4.0681712289138e-39 6.3569176158894e-39 9.2200856706595e-39 1.2611686178923e-38 1.2611686178923e-38
 1  14 1.5134023414708e-39 1.5134023414708e-39 2.0314623837317e-39 3.8622700377598e-39 6.5525136581368e-39 1.0167614264968e-38 1.4698233605288e-38 1.8118789143720e-38 1.8118789143720e-38
 1  15 1.8357009882655e-39 1.8357009882655e-39 3.2096951520130e-39 6.1183367432488e-39 1.0375571160969e-38 1.6098653455475e-38 2.3284233122139e-38 2.5910008605366e-38 2.5910008605366e-38
 1  16 2.1720126197035e-39 2.1720126197035e-39 4.8995924363639e-39 9.4649976097618e-39 1.6196483706464e-38 2.5251513233607e-38 3.6632691205038e-38 3.6826123642456e-38 3.6826123642456e-38
 1  17 2.5223372357847e-39 3.6317774598553e-39 8.0533239316072e-39 1.5331596689089e-38 2.6010843240262e-38 4.0350733999655e-38 5.2044224965024e-38 5.2044224965024e-38 5.2044224965024e-38
 1  18 2.8446358825794e-39 5.7543592762297e-39 1.2772431928363e-38 2.4325736995360e-38 4.1251438205779e-38 6.3956007402568e-38 7.3077714914539e-38 7.3077714914539e-38 7.3077714914539e-38
 1  19 3.1248955754443e-39 8.6024297413452e-39 1.9542180479633e-38 3.7691700098676e-38 6.4430229223671e-38 1.0039203757853e-37 1.0191643731034e-37 1.0191643731034e-37 1.0191643731034e-37
 1  20 5.2784474891788e-39 1.4384845815428e-38 3.1934866129358e-38 6.0838947888136e-38 1.0322596754084e-37 1.4104069043429e-37 1.4104069043429e-37 1.4104069043429e-37 1.4104069043429e-37
 1  21 8.3958713412114e-39 2.2903774983881e-38 5.0798773310707e-38 9.6670345802706e-38 1.6384116169538e-37 1.9360339583112e-37 1.9360339583112e-37 1.9360339583112e-37 1.9360339583112e-37
 1  22 1.2879823238773e-38 3.5383044063119e-38 7.8850156546153e-38 1.5058921664292e-37 2.5591940758895e-37 3.0294671500238e-37 3.0294671500238e-37 3.0294671500238e-37 3.0294671500238e-37
 1  23 2.4004242693884e-38 5.4997685686343e-38 1.2347048161339e-37 2.3677116854140e-37 4.0335329245377e-37 6.2737087372855e-37 6.8558525125014e-37 6.8558525125014e-37 6.8558525125014e-37
 1  24 4.7560069879184e-38 7.0406828831148e-38 1.5674533379406e-37 2.9931732955901e-37 5.0877272929640e-37 7.9039573983211e-37 1.0116814393039e-36 1.0116814393039e-36 1.0116814393039e-36
 1  25 8.9949348425010e-38 8.9949348425010e-38 1.9188150269893e-37 3.7045109598151e-37 6.3364250271471e-37 9.8807110721358e-37 1.4334357760433e-36 1.4762679770077e-36 1.4762679770077e-36
 1  26 1.6346146586349e-37 1.6346146586349e-37 2.4903266462889e-37 4.7495515982569e-37 8.0657851743829e-37 1.2522109800098e-36 1.8116569486952e-36 2.1322998660661e-36 2.1322998660661e-36
 1  27 2.8690184758586e-37 2.8690184758586e-37 3.0217813082067e-37 5.8414500878914e-37 1.0001594924940e-36 1.5606782504422e-36 2.2652347959802e-36 3.0513835925305e-36 3.0513835925305e-36
 1  28 4.8850663522750e-37 4.8850663522750e-37 4.8850663522750e-37 7.4959248451937e-37 1.2742778659196e-36 1.9793804918639e-36 2.8645916282748e-36 3.9183268192203e-36 4.3297458959516e-36
 1  29 8.0995051237974e-37 8.0995051237974e-37 8.0995051237974e-37 9.3582469169573e-37 1.5946145154980e-36 2.4810076751895e-36 3.5945923459671e-36 4.9204888456925e-36 6.0958443670733e-36
 1  30 1.3116153626080e-36 1.3116153626080e-36 1.3116153626080e-36 1.3116153626080e-36 2.0059769125091e-36 3.1213550659548e-36 4.5225383771770e-36 6.1901221134572e-36 8.0921787318520e-36
 1  31 2.0767555338488e-36 2.0767555338488e-36 2.0767555338488e-36 2.0767555338488e-36 2.5304436913489e-36 3.9310133907891e-36 5.6898335401079e-36 7.7835181943354e-36 1.0171635700091e-35
0.74878323 0.74881126 0.74883930 13355.0 13354.0  1
1.0000000000000 
 1   1 0.0000000000000e+00 0.0000000000000e+00 1.1224400699242e-42 1.4012984643248e-41 1.4062030089500e-41 1.4067635283357e-41 1.4067635283357e-41 1.4067635283357e-41 1.4067635283357e-41
 1   2 0.0000000000000e+00 0.0000000000000e+00 1.0536363153258e-41 2.4549347796506e-41 3.8562332439755e-41 4.2038953929745e-41 4.2038953929745e-41 4.2038953929745e-41 4.2038953929745e-41
 1   3 0.0000000000000e+00 5.9821431442026e-42 1.9995127787451e-41 3.4008112430699e-41 5.4004641516614e-41 7.0064923216241e-41 7.0064923216241e-41 7.0064923216241e-41 7.0064923216241e-41
 1   4 1.4279231351470e-42 1.5440907778395e-41 2.9453892421643e-41 4.4896201498503e-41 7.5778017055293e-41 1.2611686178923e-40 1.2611686178923e-40 1.2611686178923e-40 1.2611686178923e-40
 1   5 1.4012984643248e-41 1.4012984643248e-41 3.5787761480392e-41 7.4700418536227e-41 1.2762606023531e-40 1.9456608787611e-40 2.1019476964872e-40 2.1019476964872e-40 2.1019476964872e-40
 1   6 1.4012984643248e-41 2.6679321462280e-41 6.1037758509060e-41 1.1574304925784e-40 2.0480677705339e-40 3.2324312195966e-40 3.9236357001095e-40 3.9236357001095e-40 3.9236357001095e-40
 1   7 4.2038953929745e-41 4.7375098481893e-41 9.4750196963787e-41 1.8416424937542e-40 3.1739690476650e-40 5.0312220063118e-40 6.8663624751916e-40 6.8663624751916e-40 6.8663624751916e-40
 1   8 8.4077907859489e-41 8.4077907859489e-41 1.5150278476894e-40 2.9176855715246e-40 5.0209925275223e-40 7.9373188395365e-40 1.1469669969453e-39 1.2191296639626e-39 1.2191296639626e-39
 1   9 1.6815581571898e-40 1.6815581571898e-40 2.5503912310405e-40 4.7730748032139e-40 8.0370352382578e-40 1.2562178304179e-39 1.8214806114495e-39 2.1439866504170e-39 2.1439866504170e-39
 1  10 3.3631163143796e-40 3.3631163143796e-40 3.8740997993956e-40 7.4714151261178e-40 1.2674029947601e-39 1.9795877158808e-39 2.8620582263863e-39 3.7414668997473e-39 3.7414668997473e-39
 1  11 6.7262326287591e-40 6.7262326287591e-40 6.7262326287591e-40 1.1824885117174e-39 2.0076417111366e-39 3.1313793834388e-39 4.5402266425909e-39 6.2177462576065e-39 6.5160378591104e-39
 1  12 1.2051166793193e-39 1.2051166793193e-39 1.2051166793193e-39 1.9038545403764e-39 3.2235273691543e-39 5.0063181300038e-39 7.2368321579959e-39 9.8921792427159e-39 1.0775985190658e-38
 1  13 1.5134023414708e-39 1.5134023414708e-39 1.5247024122871e-39 2.9315374068445e-39 5.0253477631494e-39 7.8477170131306e-39 1.1384525673462e-38 1.5568425938649e-38 1.5568425938649e-38
 1  14 1.8637269575520e-39 1.8637269575520e-39 2.5031352429280e-39 4.7636202424751e-39 8.0843921198597e-39 1.2549549802418e-38 1.8149776056661e-38 2.2364723490624e-38 2.2364723490624e-38
 1  15 2.2560905275630e-39 2.2560905275630e-39 3.9620551001059e-39 7.5503726893886e-39 1.2808855879346e-38 1.9874292419574e-38 2.8738535160799e-38 3.1977630955892e-38 3.1977630955892e-38
 1  16 2.6904930515036e-39 2.6904930515036e-39 6.0517526454180e-39 1.1688800819408e-38 1.9995210464060e-38 3.1184734245823e-38 4.5233370724601e-38 4.5472135167340e-38 4.5472135167340e-38
 1  17 3.1108825908011e-39 4.4793360204206e-39 9.9402381748483e-39 1.8937000310547e-38 3.2121653609459e-38 4.9826053573905e-38 6.4263547573936e-38 6.4263547573936e-38 6.4263547573936e-38
 1  18 3.5172591454553e-39 7.1011878679478e-39 1.5769739278631e-38 3.0031448794103e-38 5.0924800489395e-38 7.8963740194477e-38 9.0229608117875e-38 9.0229608117875e-38 9.0229608117875e-38
 1  19 3.8535707768932e-39 1.0619936593671e-38 2.4126637706952e-38 4.6547903590612e-38 7.9550278890092e-38 1.2395431073676e-37 1.2583660209637e-37 1.2583660209637e-37 1.2583660209637e-37
 1  20 6.5132492751664e-39 1.7758953914961e-38 3.9428110682953e-38 7.5124401004787e-38 1.2745364447226e-37 1.7413936016165e-37 1.7413936016165e-37 1.7413936016165e-37 1.7413936016165e-37
 1  21 1.0356467259005e-38 2.8272258701989e-38 6.2715140796826e-38 1.1934943098562e-37 2.0229371080825e-37 2.3904750502917e-37 2.3904750502917e-37 2.3904750502917e-37 2.3904750502917e-37
 1  22 1.5901127825243e-38 4.3686093394054e-38 9.7358652397995e-38 1.8592895497829e-37 3.1598009112558e-37 3.7404859908222e-37 3.7404859908222e-37 3.7404859908222e-37 3.7404859908222e-37
 1  23 2.9651475505113e-38 6.7908846162674e-38 1.5245371711722e-37 2.9235451290792e-37 4.9801811110473e-37 7.7460550516214e-37 8.4648238576547e-37 8.4648238576547e-37 8.4648238576547e-37
 1  24 5.8728418639853e-38 8.6931259818517e-38 1.9352290524733e-37 3.6956386105622e-37 6.2818761773589e-37 9.7591034767009e-37 1.2491314416630e-36 1.2491314416630e-36 1.2491314416630e-36
 1  25 1.1106691628239e-37 1.1106691628239e-37 2.3690847337012e-37 4.5739937877377e-37 7.8236569427059e-37 1.2199749271963e-36 1.7698678518869e-36 1.8227530801383e-36 1.8227530801383e-36
 1  26 2.0182901781670e-37 2.0182901781670e-37 3.0748470237003e-37 5.8643506679148e-37 9.9588824509162e-37 1.5461052845118e-36 2.2368709007664e-36 2.6327875359012e-36 2.6327875359012e-36
 1  27 3.5424825178131e-37 3.5424825178131e-37 3.7310968426957e-37 7.2125015809157e-37 1.2348906619414e-36 1.9269856508128e-36 2.7969015135920e-36 3.7676010936861e-36 3.7676010936861e-36
 1  28 6.0317491098397e-37 6.0317491098397e-37 6.0317491098397e-37 9.2552898193554e-37 1.5733565711657e-36 2.4439712446735e-36 3.5370000104390e-36 4.8380288209880e-36 5.3459817122100e-36
 1  29 1.0000646974555e-36 1.0000646974555e-36 1.0000646974555e-36 1.1554816563573e-36 1.9689234422038e-36 3.0634656999938e-36 4.4383697100186e-36 6.0755092618576e-36 7.5266543115815e-36
 1  30 1.6194945809425e-36 1.6194945809425e-36 1.6194945809425e-36 1.6194945809425e-36 2.4768492491291e-36 3.8541851061400e-36 5.5837664119047e-36 7.6419365578523e-36 9.9911753628162e-36
 1  31 2.5625152653538e-36 2.5625152653538e-36 2.5625152653538e-36 2.5625152653538e-36 3.1232111474279e-36 4.8527781038963e-36 7.0237810712406e-36 9.6095536759964e-36 1.2558044922125e-35
0.74883930 0.74886734 0.74889538 13354.0 13353.0  1
1.0000000000000 
 1   1 0.0000000000000e+00 0.0000000000000e+00 1.1224400699242e-42 1.5086379266921e-41 2.8021765391103e-41 2.8025969286496e-41 2.8025969286496e-41 2.8025969286496e-41 2.8025969286496e-41
 1   2 0.0000000000000e+00 0.0000000000000e+00 1.0536363153258e-41 2.4549347796506e-41 3.8562332439755e-41 4.2038953929745e-41 4.2038953929745e-41 4.2038953929745e-41 4.2038953929745e-41
 1   3 0.0000000000000e+00 5.9821431442026e-42 1.9995127787451e-41 3.9991656873366e-41 6.8017626159862e-41 8.4077907859489e-41 8.4077907859489e-41 8.4077907859489e-41 8.4077907859489e-41
 1   4 1.4279231351470e-42 1.5440907778395e-41 3.0883216855255e-41 6.0337109276898e-41 1.0380398634179e-40 1.5414283107573e-40 1.5414283107573e-40 1.5414283107573e-40 1.5414283107573e-40
 1   5 1.4012984643248e-41 2.4899672412588e-41 4.9800746123640e-41 8.8713403179476e-41 1.5252713394636e-40 2.4436683399975e-40 2.6624670822172e-40 2.6624670822172e-40 2.6624670822172e-40
 1   6 1.4012984643248e-41 3.3011789222564e-41 8.1383210912592e-41 1.5010148630462e-40 2.5317819874342e-40 3.9196139735169e-40 4.7644147787044e-40 4.7644147787044e-40 4.7644147787044e-40
 1   7 4.2038953929745e-41 5.0932995282814e-41 1.2455581529998e-40 2.2976110010609e-40 3.9101972478366e-40 6.1010713448699e-40 8.5479206323814e-40 8.5479206323814e-40 8.5479206323814e-40
 1   8 9.8090892502737e-41 9.8090892502737e-41 1.8799119548150e-40 3.6751994953693e-40 6.1988959906644e-40 9.7603661026691e-40 1.4105750601586e-39 1.4993893568276e-39 1.4993893568276e-39
 1   9 1.9618178500547e-40 1.9618178500547e-40 3.0311487081810e-40 5.8747196039275e-40 9.9794731305510e-40 1.5479051122594e-39 2.2386387564883e-39 2.6344411129307e-39 2.6344411129307e-39
 1  10 4.2038953929745e-40 4.2038953929745e-40 4.8213355223253e-40 9.2044569888868e-40 1.5689540164920e-39 2.4319142484787e-39 3.5288366733675e-39 4.6102719476286e-39 4.6102719476286e-39
 1  11 8.4077907859489e-40 8.4077907859489e-40 8.4077907859489e-40 1.4549359656438e-39 2.4757328514582e-39 3.8560160427135e-39 5.5890494976918e-39 7.6492314934498e-39 8.0154272159380e-39
 1  12 1.4713633875411e-39 1.4713633875411e-39 1.4713633875411e-39 2.3328214275740e-39 3.9672889498701e-39 6.1578337417643e-39 8.9088965180899e-39 1.2182193804802e-38 1.3270296457156e-38
 1  13 1.8497139729088e-39 1.8497139729088e-39 1.8638376601307e-39 3.6220146134544e-39 6.1936229045432e-39 9.6619459050273e-39 1.4012862730282e-38 1.9169762991963e-38 1.9169762991963e-38
 1  14 2.2981294814927e-39 2.2981294814927e-39 3.0868881571965e-39 5.8751315856760e-39 9.9665489548145e-39 1.5454585852705e-38 2.2339260496229e-38 2.7535514823983e-38 2.7535514823983e-38
 1  15 2.7885839440064e-39 2.7885839440064e-39 4.8818491952087e-39 9.2984687015599e-39 1.5777257244892e-38 2.4469372890551e-38 3.5375894638354e-38 3.9362473862884e-38 3.9362473862884e-38
 1  16 3.3070643758066e-39 3.3070643758066e-39 7.4397611951071e-39 1.4385011168646e-38 2.4614768816612e-38 3.8371764256397e-38 5.5673795379798e-38 5.5967860665133e-38 5.5967860665133e-38
 1  17 3.8395577922500e-39 5.5231450296161e-39 1.2240106667735e-38 2.3310066059328e-38 3.9538067770852e-38 6.1320652643038e-38 7.9103298311136e-38 7.9103298311136e-38 7.9103298311136e-38
 1  18 4.3300122547637e-39 8.7389540468289e-39 1.9411530417312e-38 3.6979453720423e-38 6.2691918478676e-38 9.7199263105469e-38 1.1106691628239e-37 1.1106691628239e-37 1.1106691628239e-37
 1  19 4.7504017940611e-39 1.3074106264360e-38 2.9696527250741e-38 5.7312535461112e-38 9.7906963671504e-38 1.5255491328712e-37 1.5487150627718e-37 1.5487150627718e-37 1.5487150627718e-37
 1  20 8.0254170726901e-39 2.1861770847107e-38 4.8543484325866e-38 9.2481685326636e-38 1.5689084462660e-37 2.1442669101098e-37 2.1442669101098e-37 2.1442669101098e-37 2.1442669101098e-37
 1  21 1.2754854040426e-38 3.4814192556720e-38 7.7229504425416e-38 1.4690945171715e-37 2.4906257394331e-37 2.9435675541607e-37 2.9435675541607e-37 2.9435675541607e-37 2.9435675541607e-37
 1  22 1.9579075266900e-38 5.3782619787927e-38 1.1979692724241e-37 2.2880376662643e-37 3.8902103596841e-37 4.6057877925428e-37 4.6057877925428e-37 4.6057877925428e-37 4.6057877925428e-37
 1  23 3.6447773057088e-38 8.3567975348321e-38 1.8767742793975e-37 3.5973609530002e-37 6.1315704377901e-37 9.5262323347830e-37 1.0407444142956e-36 1.0407444142956e-36 1.0407444142956e-36
 1  24 7.2208909866658e-38 1.0694932966443e-37 2.3822457288782e-37 4.5465543459364e-37 7.7279247157783e-37 1.2009350253356e-36 1.5358650885916e-36 1.5358650885916e-36 1.5358650885916e-36
 1  25 1.3657054833310e-37 1.3657054833310e-37 2.9101706881202e-37 5.6215471224818e-37 9.6179763541773e-37 1.5020537520965e-36 2.1764183917584e-36 2.2412366741580e-36 2.2412366741580e-36
 1  26 2.4814193206264e-37 2.4814193206264e-37 3.7784239607182e-37 7.2066676951490e-37 1.2244345987953e-36 1.9030338054711e-36 2.7530992105163e-36 3.2385830768004e-36 3.2385830768004e-36
 1  27 4.3553755327602e-37 4.3553755327602e-37 4.5869444760411e-37 8.8613155408376e-37 1.5171096615296e-36 2.3700425940691e-36 3.4444764655246e-36 4.6345705078416e-36 4.6345705078416e-36
 1  28 7.4477609838322e-37 7.4477609838322e-37 7.4477609838322e-37 1.1420430022974e-36 1.9350287901071e-36 3.0021251489126e-36 4.3517275829148e-36 5.9590471447006e-36 6.5859345368278e-36
 1  29 1.2346560509473e-36 1.2346560509473e-36 1.2346560509473e-36 1.4261572748742e-36 2.4270024843639e-36 3.7677600121424e-36 5.4551192310836e-36 7.4810257018224e-36 9.2722655749470e-36
 1  30 1.9929267656459e-36 1.9929267656459e-36 1.9929267656459e-36 1.9929267656459e-36 3.0590984916726e-36 4.7455296698773e-36 6.8457242410921e-36 9.3877372319286e-36 1.2330701846597e-35
 1  31 3.1514093082697e-36 3.1514093082697e-36 3.1514093082697e-36 3.1514093082697e-36 3.8317786800071e-36 5.9652403009728e-36 8.6488546585747e-36 1.1789074026877e-35 1.5466268455582e-35
0.74889538 0.74892342 0.74895147 13353.0 13352.0  1
1.0000000000000 
 1   1 0.0000000000000e+00 1.0733946236728e-42 1.4008780747855e-41 1.5135424713172e-41 2.8075014732748e-41 2.8080619926605e-41 2.8080619926605e-41 2.8080619926605e-41 2.8080619926605e-41
 1   2 0.0000000000000e+00 1.0536363153258e-41 1.4012984643248e-41 3.5087112248229e-41 5.2575317083003e-41 5.6051938572993e-41 5.6051938572993e-41 5.6051938572993e-41 5.6051938572993e-41
 1   3 5.9821431442026e-42 1.4012984643248e-41 2.5978672230118e-41 5.4004641516614e-41 8.8012753947313e-41 1.1210387714599e-40 1.1210387714599e-40 1.1210387714599e-40 1.1210387714599e-40
 1   4 1.4279231351470e-42 1.6870232212006e-41 4.4896201498503e-41 7.5778017055293e-41 1.3325928006190e-40 1.9618178500547e-40 1.9618178500547e-40 1.9618178500547e-40 1.9618178500547e-40
 1   5 1.4012984643248e-41 2.4899672412588e-41 6.0687433892979e-41 1.2450116465987e-40 2.0545277564545e-40 3.2219214811142e-40 3.5032461608120e-40 3.5032461608120e-40 3.5032461608120e-40
 1   6 2.8025969286496e-41 4.7024773865812e-41 1.0173006461459e-40 1.9079379241015e-40 3.2822894189573e-40 5.1538496349249e-40 6.3058430894617e-40 6.3058430894617e-40 6.3058430894617e-40
 1   7 5.6051938572993e-41 6.6724227677290e-41 1.5791792913862e-40 3.0516216787448e-40 5.1201624198425e-40 8.0116997620228e-40 1.1070257868166e-39 1.1070257868166e-39 1.1070257868166e-39
 1   8 1.2611686178923e-40 1.2611686178923e-40 2.4972960322272e-40 4.8253572489179e-40 8.1343133776513e-40 1.2648946705090e-39 1.8312350500597e-39 1.9478048654115e-39 1.9478048654115e-39
 1   9 2.6624670822172e-40 2.6624670822172e-40 4.0659655851310e-40 7.7438555735518e-40 1.3096843733242e-39 2.0204677959806e-39 2.9127740204072e-39 3.4331812375958e-39 3.4331812375958e-39
 1  10 5.4650640108668e-40 5.4650640108668e-40 6.2954034159025e-40 1.2143708543777e-39 2.0556936367768e-39 3.1794032831096e-39 4.5931284622161e-39 5.9835444426670e-39 5.9835444426670e-39
 1  11 1.1070257868166e-39 1.1070257868166e-39 1.1070257868166e-39 1.9181758106818e-39 3.2467202600373e-39 5.0304176609933e-39 7.2649548168765e-39 9.9247328073406e-39 1.0397634605290e-38
 1  12 1.9618178500547e-39 1.9618178500547e-39 1.9618178500547e-39 3.0817131619677e-39 5.1998206323455e-39 8.0377204732069e-39 1.1585149574599e-38 1.5804513901321e-38 1.7207945141909e-38
 1  13 2.4662852972117e-39 2.4662852972117e-39 2.4845904590512e-39 4.7633946334223e-39 8.1216498434292e-39 1.2614954006942e-38 1.8242634500698e-38 2.4859034757122e-38 2.4859034757122e-38
 1  14 3.0548306522281e-39 3.0548306522281e-39 4.0909521380483e-39 7.7385642705505e-39 1.3053676734048e-38 2.0162438620196e-38 2.9060211631076e-38 3.5761136809569e-38 3.5761136809569e-38
 1  15 3.7134409304608e-39 3.7134409304608e-39 6.4706498018509e-39 1.2255840446893e-38 2.0677369562986e-38 3.1937660318496e-38 4.6029283028965e-38 5.1175419917142e-38 5.1175419917142e-38
 1  16 4.4281031472664e-39 4.4281031472664e-39 9.8832613792889e-39 1.8972747434372e-38 3.2269697989618e-38 5.0115175078259e-38 7.2445970330465e-38 7.2825481190961e-38 7.2825481190961e-38
 1  17 5.1567783487153e-39 7.3842935979938e-39 1.6238142908510e-38 3.0714862055154e-38 5.1821054171595e-38 8.0053406695917e-38 1.0302346309716e-37 1.0302346309716e-37 1.0302346309716e-37
 1  18 5.8574275808777e-39 1.1712359449191e-38 2.5760198589142e-38 4.8710861019639e-38 8.2164361938933e-38 1.2687903362917e-37 1.4482419628797e-37 1.4482419628797e-37 1.4482419628797e-37
 1  19 6.4459729358942e-39 1.7535295469667e-38 3.9434097029993e-38 7.5532347013722e-38 1.2839644928945e-37 1.9917930815571e-37 2.0217934243278e-37 2.0217934243278e-37 2.0217934243278e-37
 1  20 1.0882639418076e-38 2.9277864111152e-38 6.4402746958188e-38 1.2185210520136e-37 2.0564122226293e-37 2.8017561495710e-37 2.8017561495710e-37 2.8017561495710e-37 2.8017561495710e-37
 1  21 1.7296006941302e-38 4.6608551788148e-38 1.0243171157126e-37 1.9359714043477e-37 3.2638830833687e-37 3.8513286993503e-37 3.8513286993503e-37 3.8513286993503e-37 3.8513286993503e-37
 1  22 2.6558588389191e-38 7.2029627741132e-38 1.5903627741703e-37 3.0161341874993e-37 5.0984264869988e-37 6.0267044353682e-37 6.0267044353682e-37 6.0267044353682e-37 6.0267044353682e-37
 1  23 4.9479848775309e-38 1.1199617895121e-37 2.4908120560769e-37 4.7430630258476e-37 8.0360866152494e-37 1.2445975124557e-36 1.3591053451432e-36 1.3591053451432e-36 1.3591053451432e-36
 1  24 9.7390243270575e-38 1.4328762207509e-37 3.1609006502906e-37 5.9946642504488e-37 1.0135342921854e-36 1.5679081433702e-36 2.0025255480226e-36 2.0025255480226e-36 2.0025255480226e-36
 1  25 1.8321977421047e-37 1.8321977421047e-37 3.8719831660912e-37 7.4220470449080e-37 1.2625644456875e-36 1.9602457052816e-36 2.8339720236866e-36 2.9179797993606e-36 2.9179797993606e-36
 1  26 3.3140708681282e-37 3.3140708681282e-37 5.0209151758470e-37 9.5105736652233e-37 1.6065886445069e-36 2.4837335033831e-36 3.5811097471874e-36 4.2091501052702e-36 4.2091501052702e-36
 1  27 5.7933884652658e-37 5.7933884652658e-37 6.0971908691625e-37 1.1702089669057e-36 1.9924860628840e-36 3.0961132188780e-36 4.4781290988689e-36 6.0161386897887e-36 6.0161386897887e-36
 1  28 9.8246438874355e-37 9.8246438874355e-37 9.8246438874355e-37 1.5006062668347e-36 2.5376221061765e-36 3.9255983251075e-36 5.6621713254820e-36 7.7229053319415e-36 8.5266912072754e-36
 1  29 1.6238246604596e-36 1.6238246604596e-36 1.6238246604596e-36 1.8730543588630e-36 3.1755570215055e-36 4.9197387362297e-36 7.1048739667426e-36 9.6981318819001e-36 1.1992018276484e-35
 1  30 2.6220115731313e-36 2.6220115731313e-36 2.6220115731313e-36 2.6220115731313e-36 3.9891628377451e-36 6.1871769203969e-36 8.9330934112967e-36 1.2190599622559e-35 1.5890161016832e-35
 1  31 4.1349864849393e-36 4.1349864849393e-36 4.1349864849393e-36 4.1349864849393e-36 5.0308908963003e-36 7.7838948633626e-36 1.1226433815158e-35 1.5327434709335e-35 1.9976813332200e-35
0.74895147 0.74897952 0.74900756 13352.0 13351.0  1
1.0000000000000 
 1   1 0.0000000000000e+00 1.1224400699242e-42 1.5086379266921e-41 2.9095160014776e-41 4.2083795480603e-41 4.2093604569853e-41 4.2093604569853e-41 4.2093604569853e-41 4.2093604569853e-41
 1   2 0.0000000000000e+00 1.0536363153258e-41 2.4549347796506e-41 3.8562332439755e-41 7.3649444687984e-41 8.4077907859489e-41 8.4077907859489e-41 8.4077907859489e-41 8.4077907859489e-41
 1   3 5.9821431442026e-42 1.9995127787451e-41 3.4008112430699e-41 5.9986784660817e-41 1.0800788173476e-40 1.4012984643248e-40 1.4012984643248e-40 1.4012984643248e-40 1.4012984643248e-40
 1   4 1.5440907778395e-41 2.9453892421643e-41 4.7752047768797e-41 1.0380398634179e-40 1.6414249691715e-40 2.5223372357847e-40 2.5223372357847e-40 2.5223372357847e-40 2.5223372357847e-40
 1   5 1.4012984643248e-41 3.5787761480392e-41 8.5587106305567e-41 1.6341382171570e-40 2.6926650641234e-40 4.1403184816480e-40 4.4841550858394e-40 4.4841550858394e-40 4.4841550858394e-40
 1   6 4.2038953929745e-41 6.7370226269344e-41 1.4242237072012e-40 2.5951206780217e-40 4.3130705563300e-40 6.6683309762132e-40 8.1275310930839e-40 8.1275310930839e-40 8.1275310930839e-40
 1   7 8.4077907859489e-41 9.6529846013479e-41 2.0529302762051e-40 3.9813411708704e-40 6.7683276346274e-40 1.0518426532915e-39 1.4433374182546e-39 1.4433374182546e-39 1.4433374182546e-39
 1   8 1.6815581571898e-40 1.6815581571898e-40 3.3671940929107e-40 6.3681448191856e-40 1.0714874564629e-39 1.6575286911235e-39 2.3864757444745e-39 2.5363502204279e-39 2.5363502204279e-39
 1   9 3.6433760072445e-40 3.6433760072445e-40 5.4478700787095e-40 1.0233878866749e-39 1.7188663275040e-39 2.6452353150014e-39 3.8031408477591e-39 4.4701421011962e-39 4.4701421011962e-39
 1  10 7.2867520144890e-40 7.2867520144890e-40 8.3725901685251e-40 1.6008896084940e-39 2.6932073666290e-39 4.1519898965574e-39 5.9848658671188e-39 7.7912194616460e-39 7.7912194616460e-39
 1  11 1.4713633875411e-39 1.4713633875411e-39 1.4713633875411e-39 2.5258586988255e-39 4.2645548008981e-39 6.5869449627037e-39 9.4747030029257e-39 1.2911395894473e-38 1.3522530180734e-38
 1  12 2.5924021590009e-39 2.5924021590009e-39 2.5924021590009e-39 4.0664532369965e-39 6.8274736402097e-39 1.0509598352590e-38 1.5111447095149e-38 2.0547568687534e-38 2.2350710505981e-38
 1  13 3.2790384065201e-39 3.2790384065201e-39 3.3031057076449e-39 6.2989458984203e-39 1.0668735411392e-38 1.6495869722068e-38 2.3779566905905e-38 3.2341968556617e-38 3.2341968556617e-38
 1  14 4.0777785311852e-39 4.0777785311852e-39 5.4359380222858e-39 1.0209130534571e-38 1.7140268031276e-38 2.6374199932061e-38 3.7882929694908e-38 4.6537122000227e-38 4.6537122000227e-38
 1  15 4.9746095483531e-39 4.9746095483531e-39 8.5986336238053e-39 1.6171337405521e-38 2.7150370743660e-38 4.1776126389776e-38 6.0009082121981e-38 6.6659767947932e-38 6.6659767947932e-38
 1  16 5.9415054887372e-39 5.9415054887372e-39 1.3132397477879e-38 2.5034466114468e-38 4.2388073429146e-38 6.5564883011010e-38 9.4460924119199e-38 9.4951983942650e-38 9.4951983942650e-38
 1  17 6.9504403830511e-39 9.8945586475083e-39 2.1562373621115e-38 4.0531493093762e-38 6.8056374864998e-38 1.0471127665070e-37 1.3446860063661e-37 1.3446860063661e-37 1.3446860063661e-37
 1  18 7.9173363234352e-39 1.5679557314660e-38 3.4203921470313e-38 6.4280351945120e-38 1.0789942123363e-37 1.6595918508785e-37 1.8923134462242e-37 1.8923134462242e-37 1.8923134462242e-37
 1  19 8.7581154020301e-39 2.3512552286125e-38 5.2405277922148e-38 9.9730860121506e-38 1.6864669617622e-37 2.6058483464413e-37 2.6448107215667e-37 2.6448107215667e-37 2.6448107215667e-37
 1  20 1.4725582747416e-38 3.9202120477014e-38 8.5524714892741e-38 1.6080077002253e-37 2.7004628977137e-37 3.6694401586810e-37 3.6694401586810e-37 3.6694401586810e-37 3.6694401586810e-37
 1  21 2.3418477515021e-38 6.2401395675858e-38 1.3602252852967e-37 2.5546756170172e-37 4.2859114863255e-37 5.0507002791737e-37 5.0507002791737e-37 5.0507002791737e-37 5.0507002791737e-37
 1  22 3.5977956918357e-38 9.6463312362393e-38 2.1122448860186e-37 3.9806840179426e-37 6.6956565204753e-37 7.9041645662861e-37 7.9041645662861e-37 7.9041645662861e-37 7.9041645662861e-37
 1  23 6.6968053610083e-38 1.5005843841579e-37 3.3091042179551e-37 6.2607921285608e-37 1.0554725319919e-36 1.6282126752604e-36 1.7768184716361e-36 1.7768184716361e-36 1.7768184716361e-36
 1  24 1.3113351029152e-37 1.9188058344714e-37 4.1980641977008e-37 7.9118315746518e-37 1.3311113030409e-36 2.0510819523203e-36 2.6143043867360e-36 2.6143043867360e-36 2.6143043867360e-36
 1  25 2.4556354288828e-37 2.4556354288828e-37 5.1463298189498e-37 9.7997765569914e-37 1.6585806290651e-36 2.5647275681069e-36 3.6958266311850e-36 3.8045534014527e-36 3.8045534014527e-36
 1  26 4.4238992518734e-37 4.4238992518734e-37 6.6684847827327e-37 1.2552007455717e-36 2.1099068923984e-36 3.2490566281513e-36 4.6697277186442e-36 5.4816693752483e-36 5.4816693752483e-36
 1  27 7.7063003262924e-37 7.7063003262924e-37 8.1047372359516e-37 1.5452615458909e-36 2.6178981679880e-36 4.0509763775047e-36 5.8402385588703e-36 7.8264060885060e-36 7.8264060885060e-36
 1  28 1.3034597607041e-36 1.3034597607041e-36 1.3034597607041e-36 1.9809538922005e-36 3.3332191968588e-36 5.1358244300978e-36 7.3836241136395e-36 1.0044008036770e-35 1.1080823613746e-35
 1  29 2.1484428243751e-36 2.1484428243751e-36 2.1484428243751e-36 2.4736016446497e-36 4.1716249018499e-36 6.4379452220933e-36 9.2656928797884e-36 1.2613527911100e-35 1.5569616392141e-35
 1  30 3.4613892635788e-36 3.4613892635788e-36 3.4613892635788e-36 3.4613892635788e-36 5.2476513658257e-36 8.0988396751827e-36 1.1656232546755e-35 1.5867203577722e-35 2.0647962922348e-35
 1  31 5.4528118642426e-36 5.4528118642426e-36 5.4528118642426e-36 5.4528118642426e-36 6.6163098446469e-36 1.0195828613610e-35 1.4660498072573e-35 1.9948529434313e-35 2.5950943380947e-35
0.74900756 0.74903562 0.74906367 13351.0 13350.0  1
1.0000000000000 
 1   1 0.0000000000000e+00 1.1224400699242e-42 1.5135424713172e-41 3.0223205278558e-41 5.6096780123851e-41 5.6106589213101e-41 5.6106589213101e-41 5.6106589213101e-41 5.6106589213101e-41
 1   2 0.0000000000000e+00 1.0536363153258e-41 2.4549347796506e-41 4.9100096891477e-41 8.7662429331232e-41 9.8090892502737e-41 9.8090892502737e-41 9.8090892502737e-41 9.8090892502737e-41
 1   3 5.9821431442026e-42 1.9995127787451e-41 4.5973800017569e-41 8.8012753947313e-41 1.4201739546393e-40 1.8216880036223e-40 1.8216880036223e-40 1.8216880036223e-40 1.8216880036223e-40
 1   4 1.5440907778395e-41 3.2311139990402e-41 7.5778017055293e-41 1.3468720319704e-40 2.2162235862529e-40 3.2229864679471e-40 3.2229864679471e-40 3.2229864679471e-40 3.2229864679471e-40
 1   5 2.8025969286496e-41 4.9800746123640e-41 1.1048818001662e-40 2.1321456783934e-40 3.4709322182247e-40 5.4165930969858e-40 5.8854535501642e-40 5.8854535501642e-40 5.8854535501642e-40
 1   6 5.6051938572993e-41 8.7717079971341e-41 1.8311327552718e-40 3.4089527871476e-40 5.6874220511858e-40 8.6665405473865e-40 1.0509738482436e-39 1.0509738482436e-39 1.0509738482436e-39
 1   7 1.1210387714599e-40 1.2989195985212e-40 2.8069409538890e-40 5.1913203558609e-40 8.7145210068050e-40 1.3498890275641e-39 1.8637269575520e-39 1.8637269575520e-39 1.8637269575520e-39
 1   8 2.2420775429197e-40 2.2420775429197e-40 4.3772079870421e-40 8.2758024835941e-40 1.3940579551597e-39 2.1427044623221e-39 3.0847553809338e-39 3.2790384065201e-39 3.2790384065201e-39
 1   9 4.7644147787044e-40 4.7644147787044e-40 7.1035742792325e-40 1.3277947546771e-39 2.2248457757039e-39 3.4161694742389e-39 4.9017644489836e-39 5.7593366883750e-39 5.7593366883750e-39
 1  10 9.6689594038412e-40 9.6689594038412e-40 1.1031582030551e-39 2.0681203515584e-39 3.4857551533803e-39 5.3755728870396e-39 7.7138075305813e-39 1.0019284019922e-38 1.0019284019922e-38
 1  11 1.9197788961250e-39 1.9197788961250e-39 1.9197788961250e-39 3.2871463194347e-39 5.5200705807854e-39 8.4999962249015e-39 1.2213445563153e-38 1.6609219353549e-38 1.7390113942271e-38
 1  12 3.3771292990228e-39 3.3771292990228e-39 3.3771292990228e-39 5.2819086963857e-39 8.8458058573306e-39 1.3583041051021e-38 1.9473088057551e-38 2.6440758806520e-38 2.8754644487945e-38
 1  13 4.2739603161907e-39 4.2739603161907e-39 4.3051462135142e-39 8.1867415583955e-39 1.3807189950777e-38 2.1318931644102e-38 3.0665362588200e-38 4.1618564390447e-38 4.1618564390447e-38
 1  14 5.3249341644343e-39 5.3249341644343e-39 7.0844731798653e-39 1.3258807211047e-38 2.2193629152025e-38 3.4066501735110e-38 4.8840094369213e-38 5.9933535319172e-38 5.9933535319172e-38
 1  15 6.5160378591104e-39 6.5160378591104e-39 1.1209747321200e-38 2.0998129584067e-38 3.5154223234283e-38 5.3961162027863e-38 7.7356602196130e-38 8.5885582878468e-38 8.5885582878468e-38
 1  16 7.7912194616460e-39 7.7912194616460e-39 1.7144888112313e-38 3.2541908624104e-38 5.4900547676796e-38 8.4692220290667e-38 1.2177327375495e-37 1.2240342085877e-37 1.2240342085877e-37
 1  17 9.1364659873978e-39 1.2965546271030e-38 2.8110386308584e-38 5.2639227503364e-38 8.8121175212095e-38 1.3524039098921e-37 1.7345272391413e-37 1.7345272391413e-37 1.7345272391413e-37
 1  18 1.0425660574577e-38 2.0547596713503e-38 4.4600250065434e-38 8.3493157220714e-38 1.3971351505354e-37 2.1435142446787e-37 2.4424632233182e-37 2.4424632233182e-37 2.4424632233182e-37
 1  19 1.1560712330680e-38 3.0839485132780e-38 6.8374783507256e-38 1.2956245292603e-37 2.1841478644045e-37 3.3662731595600e-37 3.4163656560239e-37 3.4163656560239e-37 3.4163656560239e-37
 1  20 1.9434471074471e-38 5.1380715747360e-38 1.1151729360882e-37 2.0886923098457e-37 3.4967349434196e-37 4.7433953017395e-37 4.7433953017395e-37 4.7433953017395e-37 4.7433953017395e-37
 1  21 3.0899393444727e-38 8.1787692911723e-38 1.7736363582418e-37 3.3180357580551e-37 5.5494481865186e-37 6.5342547391466e-37 6.5342547391466e-37 6.5342547391466e-37 6.5342547391466e-37
 1  22 4.7474231940454e-38 1.2644301680940e-37 2.7545207325201e-37 5.1706644317696e-37 8.6703542091831e-37 1.0226676192643e-36 1.0226676192643e-36 1.0226676192643e-36 1.0226676192643e-36
 1  23 8.8365881160323e-38 1.9675293183876e-37 4.3160306592060e-37 8.1331694696889e-37 1.3668381809056e-36 2.1032540205468e-36 2.2942338269203e-36 2.2942338269203e-36 2.2942338269203e-36
 1  24 1.7245780200446e-37 2.5150637120277e-37 5.4746946307446e-37 1.0277436828214e-36 1.7237267928846e-36 2.6494285941572e-36 3.3726029928792e-36 3.3726029928792e-36 3.3726029928792e-36
 1  25 3.2201838710184e-37 3.2201838710184e-37 6.7140765327369e-37 1.2732592452503e-36 2.1481246287302e-36 3.3132478463037e-36 4.7645686749069e-36 4.9040542379367e-36 4.9040542379367e-36
 1  26 5.7868021382758e-37 5.7868021382758e-37 8.6960206160634e-37 1.6304292828024e-36 2.7321352473914e-36 4.1968810982230e-36 6.0196560610380e-36 7.0603301637819e-36 7.0603301637819e-36
 1  27 1.0058520376924e-36 1.0058520376924e-36 1.0574063687142e-36 2.0078993594775e-36 3.3907749416814e-36 5.2333354316648e-36 7.5294316178754e-36 1.0073261947085e-35 1.0073261947085e-35
 1  28 1.6982054932629e-36 1.6982054932629e-36 1.6982054932629e-36 2.5735025215113e-36 4.3166396074667e-36 6.6341266483664e-36 9.5180754773157e-36 1.2925460088167e-35 1.4252648024558e-35
 1  29 2.7942872511770e-36 2.7942872511770e-36 2.7942872511770e-36 3.2138061469229e-36 5.4027173947505e-36 8.3159359182409e-36 1.1944649097087e-35 1.6232644280598e-35 2.0014242036603e-35
 1  30 4.4939222930812e-36 4.4939222930812e-36 4.4939222930812e-36 4.4939222930812e-36 6.7958116489303e-36 1.0461319293284e-35 1.5026083703341e-35 2.0420338600613e-35 2.6537691845338e-35
 1  31 7.0719767701032e-36 7.0719767701032e-36 7.0719767701032e-36 7.0719767701032e-36 8.5693925605944e-36 1.3172589408329e-35 1.8901169994435e-35 2.5672225519967e-35 3.3351432222498e-35
