-----------------------------------------------------------------------------------------------
Content :
Spectral range definition: line 1 (3 values)  ==> max, min and step of the wavenumber (in cm-1)
Temperatures definition :  line 2 (1 value)   ==> NT = number of T values
Temperatures definition :  line 3 (NT values) ==> list of T values (in K)
Pressures definition :     line 4 (1 value)   ==> NP = number of P values
Pressures definition :     line 5 (NP values) ==> list of P values (in mbar)
For each spectral range: 
    First line of the block (6 values): 
    --> min, mean and max wavelengths (in microns), min and max wavenumbers (in cm-1)
        of the spectral range, nmaxai (number of exponentials for the CKD expansion) 
    If nmaxai not null, second line of the block (nmaxnai values): 
    --> coefs kdis_ai for nai = 1 to nmaxai 
    If nmaxai not null, following lines of the block : 
    --> for nai = 1 to nmaxai 
    -->     for pressure index ip = 1 to NP 
    -->         line : nai, ip, kdis_ki(T,P,nai) for temperature index it = 1 to IT 
-----------------------------------------------------------------------------------------------
24700 24650  1
9
  160.00  180.00  200.00  220.00  240.00  260.00  280.00  300.00  320.00
31
    0.007    0.011    0.017    0.028    0.044    0.069    0.110    0.174    0.276    0.438    0.694    1.100    1.743    2.763    4.379    6.941   11.000   17.434   27.631   43.792   69.405  110.000  174.338  219.479  276.308  347.851  437.918  551.306  694.053  873.761 1098.900
0.40485830 0.40486650 0.40487469 24700.0 24699.0  0
0.40487469 0.40488288 0.40489108 24699.0 24698.0  0
0.40489108 0.40489928 0.40490748 24698.0 24697.0  0
0.40490748 0.40491568 0.40492387 24697.0 24696.0  0
0.40492387 0.40493207 0.40494027 24696.0 24695.0  0
0.40494027 0.40494847 0.40495667 24695.0 24694.0  0
0.40495667 0.40496487 0.40497307 24694.0 24693.0  0
0.40497307 0.40498127 0.40498947 24693.0 24692.0  0
0.40498947 0.40499767 0.40500587 24692.0 24691.0  0
0.40500587 0.40501408 0.40502228 24691.0 24690.0  0
0.40502228 0.40503048 0.40503868 24690.0 24689.0  0
0.40503868 0.40504688 0.40505509 24689.0 24688.0  0
0.40505509 0.40506330 0.40507150 24688.0 24687.0  0
0.40507150 0.40507970 0.40508790 24687.0 24686.0  0
0.40508790 0.40509611 0.40510431 24686.0 24685.0  0
0.40510431 0.40511252 0.40512073 24685.0 24684.0  0
0.40512073 0.40512894 0.40513714 24684.0 24683.0  0
0.40513714 0.40514534 0.40515355 24683.0 24682.0  0
0.40515355 0.40516176 0.40516997 24682.0 24681.0  0
0.40516997 0.40517818 0.40518639 24681.0 24680.0  0
0.40518639 0.40519460 0.40520280 24680.0 24679.0  0
0.40520280 0.40521101 0.40521922 24679.0 24678.0  0
0.40521922 0.40522743 0.40523564 24678.0 24677.0  0
0.40523564 0.40524386 0.40525207 24677.0 24676.0  0
0.40525207 0.40526028 0.40526849 24676.0 24675.0  0
0.40526849 0.40527670 0.40528492 24675.0 24674.0  0
0.40528492 0.40529313 0.40530134 24674.0 24673.0  0
0.40530134 0.40530956 0.40531777 24673.0 24672.0  0
0.40531777 0.40532598 0.40533420 24672.0 24671.0  0
0.40533420 0.40534242 0.40535063 24671.0 24670.0  1
1.0000000000000 
 1   1 2.0798974342371e-34 0.0000000000000e+00 4.4927463883405e-33 5.4069954216214e-32 1.9824316186041e-35 0.0000000000000e+00 0.0000000000000e+00 0.0000000000000e+00 0.0000000000000e+00
 1   2 1.1485879463475e-32 0.0000000000000e+00 5.3617330116430e-32 6.3434582859285e-32 1.5406080389755e-32 0.0000000000000e+00 0.0000000000000e+00 0.0000000000000e+00 0.0000000000000e+00
 1   3 0.0000000000000e+00 0.0000000000000e+00 3.4418606835191e-32 6.3529927206081e-32 3.4714208399592e-32 0.0000000000000e+00 0.0000000000000e+00 0.0000000000000e+00 0.0000000000000e+00
 1   4 0.0000000000000e+00 0.0000000000000e+00 1.3934436400290e-32 6.5040102430997e-32 5.4314251329673e-32 0.0000000000000e+00 0.0000000000000e+00 0.0000000000000e+00 0.0000000000000e+00
 1   5 0.0000000000000e+00 0.0000000000000e+00 0.0000000000000e+00 5.3973375600350e-32 6.2042104006245e-32 1.3572460547370e-32 0.0000000000000e+00 0.0000000000000e+00 0.0000000000000e+00
 1   6 0.0000000000000e+00 0.0000000000000e+00 0.0000000000000e+00 3.4065808654415e-32 6.4631006887024e-32 3.3811114293422e-32 0.0000000000000e+00 0.0000000000000e+00 0.0000000000000e+00
 1   7 0.0000000000000e+00 0.0000000000000e+00 0.0000000000000e+00 1.3480315014577e-32 6.6173578736249e-32 5.3748174392620e-32 0.0000000000000e+00 0.0000000000000e+00 0.0000000000000e+00
 1   8 0.0000000000000e+00 0.0000000000000e+00 0.0000000000000e+00 0.0000000000000e+00 5.5217289599862e-32 6.2849057368197e-32 1.2230190731473e-32 0.0000000000000e+00 0.0000000000000e+00
 1   9 0.0000000000000e+00 0.0000000000000e+00 0.0000000000000e+00 0.0000000000000e+00 3.5905689473586e-32 6.5029664041162e-32 3.2506336135160e-32 0.0000000000000e+00 0.0000000000000e+00
 1  10 0.0000000000000e+00 0.0000000000000e+00 0.0000000000000e+00 0.0000000000000e+00 1.5406816543092e-32 6.6954230412102e-32 5.2857220204357e-32 0.0000000000000e+00 0.0000000000000e+00
 1  11 0.0000000000000e+00 0.0000000000000e+00 0.0000000000000e+00 0.0000000000000e+00 0.0000000000000e+00 5.7522240065257e-32 6.3528551877690e-32 1.0822688325944e-32 0.0000000000000e+00
 1  12 0.0000000000000e+00 0.0000000000000e+00 0.0000000000000e+00 0.0000000000000e+00 0.0000000000000e+00 4.8878019012558e-32 6.4447835479807e-32 1.9851817656980e-32 0.0000000000000e+00
 1  13 0.0000000000000e+00 0.0000000000000e+00 0.0000000000000e+00 0.0000000000000e+00 2.9077268870940e-33 6.7663823454448e-32 6.1766591640299e-32 0.0000000000000e+00 0.0000000000000e+00
 1  14 0.0000000000000e+00 0.0000000000000e+00 0.0000000000000e+00 0.0000000000000e+00 2.6935656651670e-32 6.5547151919224e-32 4.1274995019837e-32 0.0000000000000e+00 0.0000000000000e+00
 1  15 0.0000000000000e+00 0.0000000000000e+00 0.0000000000000e+00 0.0000000000000e+00 4.6458078751030e-32 6.3409480177424e-32 2.1034225383953e-32 0.0000000000000e+00 0.0000000000000e+00
 1  16 0.0000000000000e+00 0.0000000000000e+00 0.0000000000000e+00 0.0000000000000e+00 6.5409289941760e-32 6.1230683765759e-32 1.0354752493886e-33 0.0000000000000e+00 0.0000000000000e+00
 1  17 0.0000000000000e+00 0.0000000000000e+00 0.0000000000000e+00 2.4883070129718e-32 6.4431219867158e-32 4.2038205298259e-32 0.0000000000000e+00 0.0000000000000e+00 0.0000000000000e+00
 1  18 0.0000000000000e+00 0.0000000000000e+00 0.0000000000000e+00 4.4071190451912e-32 6.2331616509909e-32 2.2149753359836e-32 0.0000000000000e+00 0.0000000000000e+00 0.0000000000000e+00
 1  19 0.0000000000000e+00 0.0000000000000e+00 2.6227542837382e-40 6.2651503787598e-32 6.0199869259636e-32 2.5150917537812e-33 0.0000000000000e+00 0.0000000000000e+00 0.0000000000000e+00
 1  20 0.0000000000000e+00 0.0000000000000e+00 2.2862464400947e-32 6.3256325018455e-32 4.2711790009903e-32 0.0000000000000e+00 0.0000000000000e+00 0.0000000000000e+00 0.0000000000000e+00
 1  21 4.4484985034552e-32 2.8093991723706e-32 4.1711482520920e-32 6.1203036138628e-32 2.3192281667165e-32 0.0000000000000e+00 0.0000000000000e+00 0.0000000000000e+00 0.0000000000000e+00
 1  22 4.4270107605958e-32 2.8164151104035e-32 4.1479034390517e-32 6.1079550457074e-32 3.3472242781967e-32 0.0000000000000e+00 0.0000000000000e+00 0.0000000000000e+00 0.0000000000000e+00
 1  23 3.1124436731277e-32 5.6105363826965e-32 1.9977482411187e-32 0.0000000000000e+00 0.0000000000000e+00 0.0000000000000e+00 0.0000000000000e+00 0.0000000000000e+00 0.0000000000000e+00
 1  24 3.1406640598815e-32 2.1022264728933e-32 0.0000000000000e+00 5.0916496663565e-32 0.0000000000000e+00 0.0000000000000e+00 0.0000000000000e+00 0.0000000000000e+00 0.0000000000000e+00
 1  25 0.0000000000000e+00 0.0000000000000e+00 0.0000000000000e+00 0.0000000000000e+00 3.1864716053651e-32 0.0000000000000e+00 0.0000000000000e+00 0.0000000000000e+00 0.0000000000000e+00
 1  26 0.0000000000000e+00 0.0000000000000e+00 0.0000000000000e+00 0.0000000000000e+00 6.6730898240389e-32 8.2703345032682e-32 3.8126706703596e-32 0.0000000000000e+00 0.0000000000000e+00
 1  27 0.0000000000000e+00 0.0000000000000e+00 0.0000000000000e+00 0.0000000000000e+00 3.1782469652660e-32 9.0038441536756e-32 6.9726498656666e-32 0.0000000000000e+00 0.0000000000000e+00
 1  28 0.0000000000000e+00 0.0000000000000e+00 0.0000000000000e+00 0.0000000000000e+00 0.0000000000000e+00 8.8008862377985e-32 8.1094945499810e-32 2.7422349516477e-32 0.0000000000000e+00
 1  29 0.0000000000000e+00 0.0000000000000e+00 0.0000000000000e+00 0.0000000000000e+00 0.0000000000000e+00 5.9124168501727e-32 8.8733049182696e-32 5.9288690691068e-32 0.0000000000000e+00
 1  30 0.0000000000000e+00 0.0000000000000e+00 0.0000000000000e+00 0.0000000000000e+00 1.9404611704532e-31 0.0000000000000e+00 6.8079537031616e-32 0.0000000000000e+00 6.7777546655418e-32
 1  31 0.0000000000000e+00 0.0000000000000e+00 0.0000000000000e+00 0.0000000000000e+00 2.2627438705306e-31 0.0000000000000e+00 7.9300994183662e-32 0.0000000000000e+00 3.7614770097605e-32
0.40535063 0.40535884 0.40536706 24670.0 24669.0  0
0.40536706 0.40537528 0.40538349 24669.0 24668.0  0
0.40538349 0.40539171 0.40539993 24668.0 24667.0  0
0.40539993 0.40540814 0.40541636 24667.0 24666.0  0
0.40541636 0.40542458 0.40543280 24666.0 24665.0  0
0.40543280 0.40544102 0.40544924 24665.0 24664.0  1
1.0000000000000 
 1   1 8.8016916865277e-30 7.2777710300087e-30 9.6119672776343e-30 6.2913612461659e-30 2.2881841261581e-29 2.2885777380905e-29 2.2885777380905e-29 2.2885777380905e-29 2.2885777380905e-29
 1   2 1.0617295185441e-29 7.3652421037212e-30 3.2236249263391e-30 0.0000000000000e+00 2.0987917865457e-29 2.4252214144018e-29 2.4252214144018e-29 2.4252214144018e-29 2.4252214144018e-29
 1   3 6.1962120314329e-30 7.9932690506763e-30 3.9911516435277e-30 0.0000000000000e+00 1.5376230462202e-29 2.3643915189615e-29 2.3643915189615e-29 2.3643915189615e-29 2.3643915189615e-29
 1   4 3.0556149982393e-30 9.2185366534988e-30 3.8870934981692e-30 2.1433040779350e-38 7.4767436673882e-30 2.3595177124959e-29 2.3595177124959e-29 2.3595177124959e-29 2.3595177124959e-29
 1   5 0.0000000000000e+00 8.6369366552656e-30 5.1445376727579e-30 1.3850344002970e-30 0.0000000000000e+00 2.0879838589023e-29 2.3726176472364e-29 2.3726176472364e-29 2.3726176472364e-29
 1   6 0.0000000000000e+00 6.7223230539344e-30 1.1105600428829e-29 9.1332314986574e-30 0.0000000000000e+00 1.6087504978687e-29 2.4043286856239e-29 2.4043286856239e-29 2.4043286856239e-29
 1   7 0.0000000000000e+00 3.6139443460663e-30 1.0381930747592e-29 1.1081089961021e-29 0.0000000000000e+00 8.4450673891888e-30 2.3985137313613e-29 2.3985137313613e-29 2.3985137313613e-29
 1   8 0.0000000000000e+00 0.0000000000000e+00 9.1105867754831e-30 1.1238913149116e-29 5.2163692173107e-30 0.0000000000000e+00 2.1505008990666e-29 2.4022259613291e-29 2.4022259613291e-29
 1   9 0.0000000000000e+00 0.0000000000000e+00 7.1349407551409e-30 1.0749149916575e-29 8.0998662638326e-30 0.0000000000000e+00 1.6622568942323e-29 2.4181976381726e-29 2.4181976381726e-29
 1  10 0.0000000000000e+00 0.0000000000000e+00 4.1184778061850e-30 1.0529630014101e-29 1.0046745962580e-29 0.0000000000000e+00 9.3979054305303e-30 2.4228431918471e-29 2.4228431918471e-29
 1  11 0.0000000000000e+00 0.0000000000000e+00 0.0000000000000e+00 9.5972339135597e-30 1.0664839323993e-29 4.4753808367444e-30 0.0000000000000e+00 2.2068846046744e-29 2.4306717961444e-29
 1  12 0.0000000000000e+00 0.0000000000000e+00 0.0000000000000e+00 8.7366200808481e-30 1.0599953540461e-29 5.9527545500782e-30 0.0000000000000e+00 2.0041564039034e-29 2.4344503804174e-29
 1  13 0.0000000000000e+00 0.0000000000000e+00 0.0000000000000e+00 1.0516678887541e-29 1.0686953664117e-29 0.0000000000000e+00 2.0003139103536e-30 2.4218436642986e-29 2.4218436642986e-29
 1  14 0.0000000000000e+00 0.0000000000000e+00 5.9601091950533e-30 1.0574133289828e-29 8.9816796199437e-30 0.0000000000000e+00 1.3807285174702e-29 2.4064828683593e-29 2.4064828683593e-29
 1  15 0.0000000000000e+00 0.0000000000000e+00 8.3374981832637e-30 1.0867259075047e-29 6.6681216676949e-30 0.0000000000000e+00 1.9378145872402e-29 2.3929011502062e-29 2.3929011502062e-29
 1  16 0.0000000000000e+00 0.0000000000000e+00 9.9752917046938e-30 1.1542866271741e-29 1.3898140543670e-30 0.0000000000000e+00 2.3595168097163e-29 2.3809014029464e-29 2.3809014029464e-29
 1  17 0.0000000000000e+00 5.4457170048736e-30 1.0611502349280e-29 9.9461898499911e-30 0.0000000000000e+00 1.3061596697523e-29 2.3649377006566e-29 2.3649377006566e-29 2.3649377006566e-29
 1  18 0.0000000000000e+00 7.7810195337426e-30 1.1444380533843e-29 7.4881502884104e-30 0.0000000000000e+00 1.8647733931727e-29 2.3505609345483e-29 2.3505609345483e-29 2.3505609345483e-29
 1  19 8.3213519704367e-38 9.4285307259116e-30 1.2626834563539e-29 2.6264485935225e-30 2.0252312018244e-37 2.2858519453661e-29 2.3361039715134e-29 2.3361039715134e-29 2.3361039715134e-29
 1  20 5.0135766934887e-30 1.0646491832008e-29 1.1205890973733e-29 0.0000000000000e+00 1.2283627076601e-29 2.3213803875519e-29 2.3213803875519e-29 2.3213803875519e-29 2.3213803875519e-29
 1  21 4.6622705206720e-30 1.1307283662142e-29 8.6126263036160e-30 0.0000000000000e+00 1.7933573529591e-29 2.3064624050366e-29 2.3064624050366e-29 2.3064624050366e-29 2.3064624050366e-29
 1  22 4.6796351113015e-30 1.1283593219193e-29 8.6435901413704e-30 0.0000000000000e+00 1.5305097443412e-29 1.9702230229161e-29 1.9702230229161e-29 1.9702230229161e-29 1.9702230229161e-29
 1  23 2.3760057793058e-29 1.1833989390745e-29 1.0753799984147e-29 2.8108294527710e-29 3.2206294281908e-29 2.3636945730628e-29 1.9965571056400e-29 1.9965571056400e-29 1.9965571056400e-29
 1  24 2.3340724163487e-29 2.1796952886846e-29 1.4955873682348e-29 1.8232512463514e-29 3.2135567513966e-29 2.9156472872146e-29 2.0075615383230e-29 2.0075615383230e-29 2.0075615383230e-29
 1  25 1.3639271861179e-29 1.3639271861179e-29 1.7208892735134e-29 5.4951046947268e-30 3.0627868303330e-29 3.2815098792922e-29 2.2399508657970e-29 2.1004094172357e-29 2.1004094172357e-29
 1  26 1.4069217665670e-29 1.4069217665670e-29 1.5495678743839e-29 1.2206761406961e-29 1.7820778734059e-29 2.5999304942109e-29 2.4049649948219e-29 2.1399645576381e-29 2.1399645576381e-29
 1  27 3.9321774869130e-29 3.9321774869130e-29 3.8475870326369e-29 1.7899266397824e-29 6.0268543285303e-30 2.5913667263425e-29 2.6236049880522e-29 2.1885932354909e-29 2.1885932354909e-29
 1  28 3.9438269556642e-29 3.9438269556642e-29 3.9438269556642e-29 2.7855937519684e-29 1.0795384272302e-29 2.0610343813758e-29 2.6489514298266e-29 2.4153776554369e-29 2.2459006351556e-29
 1  29 3.9558504761217e-29 3.9558504761217e-29 3.9558504761217e-29 3.6138453412301e-29 1.5260725823053e-29 1.1813274359097e-29 2.6442142440165e-29 2.6403082173481e-29 2.3114460496942e-29
 1  30 5.1688830071194e-29 5.1688830071194e-29 5.1688830071194e-29 5.1688830071194e-29 5.3150460435707e-29 6.0258640544734e-29 4.9282669495174e-29 5.2408556109942e-29 3.9714189113830e-29
 1  31 5.1363365966186e-29 5.1363365966186e-29 5.1363365966186e-29 5.1363365966186e-29 5.2310159145377e-29 5.7108366842044e-29 5.7045220413992e-29 4.9359742804136e-29 4.8969296619097e-29
0.40544924 0.40545746 0.40546568 24664.0 24663.0  1
1.0000000000000 
 1   1 7.3007089218502e-27 7.3837280580330e-27 7.4783667147562e-27 7.5851980487714e-27 7.6943412690918e-27 7.6943820988066e-27 7.6943820988066e-27 7.6943820988066e-27 7.6943820988066e-27
 1   2 7.6914970557499e-27 7.7782101255660e-27 7.8773130879003e-27 7.9890578543896e-27 8.1137548849409e-27 8.1454880474485e-27 8.1454880474485e-27 8.1454880474485e-27 8.1454880474485e-27
 1   3 7.4560736904639e-27 7.5394202347372e-27 7.6348978265442e-27 7.7424710287740e-27 7.8625281089032e-27 7.9354715499889e-27 7.9354715499889e-27 7.9354715499889e-27 7.9354715499889e-27
 1   4 7.3984514072718e-27 7.4804428672362e-27 7.5746262341206e-27 7.6806563812789e-27 7.7990332801247e-27 7.9156606642090e-27 7.9156606642090e-27 7.9156606642090e-27 7.9156606642090e-27
 1   5 7.4166891934732e-27 7.4819512555687e-27 7.5754620877165e-27 7.6808759372926e-27 7.7984801530447e-27 7.9285559207446e-27 7.9581936714728e-27 7.9581936714728e-27 7.9581936714728e-27
 1   6 7.5035540265689e-27 7.5433005983892e-27 7.6368268379765e-27 7.7425056955130e-27 7.8603132894672e-27 7.9906224798764e-27 8.0658308145767e-27 8.0658308145767e-27 8.0658308145767e-27
 1   7 7.4737352384259e-27 7.4852638550730e-27 7.5776006403267e-27 7.6818573911922e-27 7.7977929812405e-27 7.9262933382460e-27 8.0480244366829e-27 8.0480244366829e-27 8.0480244366829e-27
 1   8 7.4844549644964e-27 7.4844549644964e-27 7.5594745580621e-27 7.6628338255736e-27 7.7780760808418e-27 7.9054963763345e-27 8.0453604903838e-27 8.0735522529097e-27 8.0735522529097e-27
 1   9 7.5225460069365e-27 7.5225460069365e-27 7.5687590811380e-27 7.6714951177195e-27 7.7864014908054e-27 7.9133587927394e-27 8.0525611572599e-27 8.1287910052027e-27 8.1287910052027e-27
 1  10 7.5369889407754e-27 7.5369889407754e-27 7.5521722020850e-27 7.6539568292739e-27 7.7678986966437e-27 7.8936965887512e-27 8.0317403138171e-27 8.1576144727504e-27 8.1576144727504e-27
 1  11 7.5566526855076e-27 7.5566526855076e-27 7.5566526855076e-27 7.6418265521122e-27 7.7549156177026e-27 7.8798437598472e-27 8.0169129643612e-27 8.1663766836254e-27 8.1926155531877e-27
 1  12 7.5694809196812e-27 7.5694809196812e-27 7.5694809196812e-27 7.6403574527506e-27 7.7524797015090e-27 7.8765311603429e-27 8.0126705258797e-27 8.1611735912876e-27 8.2094882402445e-27
 1  13 7.5348996919718e-27 7.5348996919718e-27 7.5356993380847e-27 7.6349594563025e-27 7.7464176444160e-27 7.8696224644464e-27 8.0050099469329e-27 8.1514830821794e-27 8.1514830821794e-27
 1  14 7.5006520353287e-27 7.5006520353287e-27 7.5321502343832e-27 7.6307694031154e-27 7.7413986709809e-27 7.8638731783764e-27 7.9985457556676e-27 8.0938453915478e-27 8.0938453915478e-27
 1  15 7.4694388739060e-27 7.4694388739060e-27 7.5286727752756e-27 7.6266687130779e-27 7.7364867792508e-27 7.8582494629388e-27 7.9922263943341e-27 8.0394733077298e-27 8.0394733077298e-27
 1  16 7.4393858926818e-27 7.4393858926818e-27 7.5234142161554e-27 7.6207884637717e-27 7.7297868541602e-27 7.8508338622809e-27 7.9841059033166e-27 7.9863661746993e-27 7.9863661746993e-27
 1  17 7.4109722630263e-27 7.4359169076660e-27 7.5206046695525e-27 7.6172116266789e-27 7.7255297786112e-27 7.8459158075749e-27 7.9350478454012e-27 7.9350478454012e-27 7.9350478454012e-27
 1  18 7.3833605905996e-27 7.4317869434932e-27 7.5158992375124e-27 7.6117288893133e-27 7.7193706546490e-27 7.8390903118520e-27 7.8846531921043e-27 7.8846531921043e-27 7.8846531921043e-27
 1  19 7.3575223144657e-27 7.4265746066917e-27 7.5101414773507e-27 7.6052123127534e-27 7.7121954100482e-27 7.8312625621860e-27 7.8362769133893e-27 7.8362769133893e-27 7.8362769133893e-27
 1  20 7.3518654730330e-27 7.4229808214155e-27 7.5058897944054e-27 7.6003489544579e-27 7.7067357838419e-27 7.7891948595968e-27 7.7891948595968e-27 7.7891948595968e-27 7.7891948595968e-27
 1  21 7.3475860566966e-27 7.4183185302061e-27 7.5005850129666e-27 7.5944995200308e-27 7.7003293704748e-27 7.7436481571560e-27 7.7436481571560e-27 7.7436481571560e-27 7.7436481571560e-27
 1  22 7.3325614920144e-27 7.4030744095103e-27 7.4849872915330e-27 7.5784241679710e-27 7.6836870246394e-27 7.7270497225233e-27 7.7270497225233e-27 7.7270497225233e-27 7.7270497225233e-27
 1  23 7.3378886142406e-27 7.3929486402347e-27 7.4746042180168e-27 7.5678199976972e-27 7.6724272678125e-27 7.7884383543146e-27 7.8174698222963e-27 7.8174698222963e-27 7.8174698222963e-27
 1  24 7.3625566953403e-27 7.3882717119578e-27 7.4697655116246e-27 7.5626708313978e-27 7.6671325012094e-27 7.7829209502099e-27 7.8655287077566e-27 7.8655287077566e-27 7.8655287077566e-27
 1  25 7.3888702909845e-27 7.3888702909845e-27 7.4638683141348e-27 7.5565949076093e-27 7.6609063548852e-27 7.7765076034951e-27 7.9034233053423e-27 7.9154996564656e-27 7.9154996564656e-27
 1  26 7.4173139651471e-27 7.4173139651471e-27 7.4594140233595e-27 7.5522430763070e-27 7.6561924487533e-27 7.7714924819200e-27 7.8983357688013e-27 7.9673826684235e-27 7.9673826684235e-27
 1  27 7.4474208724098e-27 7.4474208724098e-27 7.4525777424289e-27 7.5458582333553e-27 7.6498253243572e-27 7.7648102753849e-27 7.8912984207845e-27 8.0211900695817e-27 8.0211900695817e-27
 1  28 7.4796062432684e-27 7.4796062432684e-27 7.4796062432684e-27 7.5411004160207e-27 7.6452993889879e-27 7.7603082215469e-27 7.8865652553531e-27 8.0243971281251e-27 8.0768964376652e-27
 1  29 7.5136651587769e-27 7.5136651587769e-27 7.5136651587769e-27 7.5347155730691e-27 7.6392442652427e-27 7.7543755869462e-27 7.8804669907772e-27 8.0179760776905e-27 8.1345264245771e-27
 1  30 7.5487525208757e-27 7.5487525208757e-27 7.5487525208757e-27 7.5487525208757e-27 7.6332908305986e-27 7.7481686999214e-27 7.8751652908263e-27 8.0127598890292e-27 8.1609201389069e-27
 1  31 7.5863697845495e-27 7.5863697845495e-27 7.5863697845495e-27 7.5863697845495e-27 7.6268489801206e-27 7.7430210743661e-27 7.8692249525058e-27 8.0073256850981e-27 8.1555267646907e-27
0.40546568 0.40547390 0.40548212 24663.0 24662.0  1
1.0000000000000 
 1   1 1.4685995442394e-26 1.4842798495490e-26 1.5025738729048e-26 1.5234705209502e-26 1.5450014932820e-26 1.5450095051506e-26 1.5450095051506e-26 1.5450095051506e-26 1.5450095051506e-26
 1   2 1.5472127690070e-26 1.5635976565275e-26 1.5827307690414e-26 1.6046000887459e-26 1.6292296512467e-26 1.6355098776837e-26 1.6355098776837e-26 1.6355098776837e-26 1.6355098776837e-26
 1   3 1.4998493753683e-26 1.5156178112321e-26 1.5340158348049e-26 1.5550796535694e-26 1.5788064941867e-26 1.5932857895830e-26 1.5932857895830e-26 1.5932857895830e-26 1.5932857895830e-26
 1   4 1.4882290844558e-26 1.5037599376017e-26 1.5218749265098e-26 1.5426478528156e-26 1.5660569920293e-26 1.5892747708436e-26 1.5892747708436e-26 1.5892747708436e-26 1.5892747708436e-26
 1   5 1.4916472249211e-26 1.5040674700953e-26 1.5220568883710e-26 1.5426902232744e-26 1.5659594629369e-26 1.5918867940714e-26 1.5978029427118e-26 1.5978029427118e-26 1.5978029427118e-26
 1   6 1.5087861525334e-26 1.5163955787809e-26 1.5344121141502e-26 1.5550654787250e-26 1.5783834058965e-26 1.6043726749381e-26 1.6194238944906e-26 1.6194238944906e-26 1.6194238944906e-26
 1   7 1.5024835853090e-26 1.5047031810513e-26 1.5225104833915e-26 1.5428587806631e-26 1.5658147870794e-26 1.5914589294750e-26 1.6158803374674e-26 1.6158803374674e-26 1.6158803374674e-26
 1   8 1.5043549729173e-26 1.5043549729173e-26 1.5188704757966e-26 1.5390454393732e-26 1.5618533802954e-26 1.5872946067120e-26 1.6153896105175e-26 1.6210586238274e-26 1.6210586238274e-26
 1   9 1.5117493113086e-26 1.5117493113086e-26 1.5207333893132e-26 1.5408063556400e-26 1.5635226222968e-26 1.5888824974325e-26 1.6168614832182e-26 1.6322242411986e-26 1.6322242411986e-26
 1  10 1.5144124872357e-26 1.5144124872357e-26 1.5173773408293e-26 1.5372831364369e-26 1.5597833907912e-26 1.5849221691693e-26 1.6126852967268e-26 1.6381069556952e-26 1.6381069556952e-26
 1  11 1.5181466342863e-26 1.5181466342863e-26 1.5181466342863e-26 1.5348473743177e-26 1.5571784549856e-26 1.5821361959490e-26 1.6097176697941e-26 1.6399416735974e-26 1.6452516935656e-26
 1  12 1.5206276942779e-26 1.5206276942779e-26 1.5206276942779e-26 1.5345489322135e-26 1.5566988213923e-26 1.5814727516017e-26 1.6088750369248e-26 1.6389161544206e-26 1.6487031141004e-26
 1  13 1.5138860150261e-26 1.5138860150261e-26 1.5140424005376e-26 1.5334546958563e-26 1.5554495861932e-26 1.5800759131316e-26 1.6073156499675e-26 1.6369289028668e-26 1.6369289028668e-26
 1  14 1.5072321581799e-26 1.5072321581799e-26 1.5133618539325e-26 1.5326233104179e-26 1.5544750656413e-26 1.5789431581756e-26 1.6060223494912e-26 1.6252500636840e-26 1.6252500636840e-26
 1  15 1.5012087737602e-26 1.5012087737602e-26 1.5126749902771e-26 1.5317885353428e-26 1.5535005450894e-26 1.5778144091537e-26 1.6047370608835e-26 1.6142488436929e-26 1.6142488436929e-26
 1  16 1.4954397661676e-26 1.4954397661676e-26 1.5116094117575e-26 1.5305742750314e-26 1.5521460770781e-26 1.5763043260030e-26 1.6030692055517e-26 1.6035232627954e-26 1.6035232627954e-26
 1  17 1.4900211237505e-26 1.4947894181440e-26 1.5110541276359e-26 1.5298861787809e-26 1.5513116101518e-26 1.5753211772849e-26 1.5931780915805e-26 1.5931780915805e-26 1.5931780915805e-26
 1  18 1.4847844431945e-26 1.4939729779219e-26 1.5100984041603e-26 1.5287988757715e-26 1.5500768579459e-26 1.5739363566177e-26 1.5830399963533e-26 1.5830399963533e-26 1.5830399963533e-26
 1  19 1.4799252449076e-26 1.4929184927588e-26 1.5089095661242e-26 1.5274827722847e-26 1.5486166948993e-26 1.5723293606721e-26 1.5733283790529e-26 1.5733283790529e-26 1.5733283790529e-26
 1  20 1.4788630560246e-26 1.4922029712658e-26 1.5080801836530e-26 1.5265241213956e-26 1.5475226126164e-26 1.5638979475244e-26 1.5638979475244e-26 1.5638979475244e-26 1.5638979475244e-26
 1  21 1.4780184201882e-26 1.4912561841052e-26 1.5070303207217e-26 1.5253528478406e-26 1.5462237654620e-26 1.5547966189048e-26 1.5547966189048e-26 1.5547966189048e-26 1.5547966189048e-26
 1  22 1.4750236761619e-26 1.4882139851650e-26 1.5039129334765e-26 1.5221353122383e-26 1.5428606295559e-26 1.5514222355678e-26 1.5514222355678e-26 1.5514222355678e-26 1.5514222355678e-26
 1  23 1.4758203948613e-26 1.4861951483601e-26 1.5018084313077e-26 1.5199186439095e-26 1.5405664618061e-26 1.5637022730420e-26 1.5695030199601e-26 1.5695030199601e-26 1.5695030199601e-26
 1  24 1.4803611213726e-26 1.4852494397202e-26 1.5008508589393e-26 1.5189250181326e-26 1.5395016536585e-26 1.5626035685274e-26 1.5791698016114e-26 1.5791698016114e-26 1.5791698016114e-26
 1  25 1.4853232413557e-26 1.4853232413557e-26 1.4996594016385e-26 1.5177170748715e-26 1.5382407088053e-26 1.5613056458193e-26 1.5868527213456e-26 1.5892852479025e-26 1.5892852479025e-26
 1  26 1.4906955073798e-26 1.4906955073798e-26 1.4988070620823e-26 1.5168607293810e-26 1.5373789707110e-26 1.5603702601639e-26 1.5858647963213e-26 1.5997920431583e-26 1.5997920431583e-26
 1  27 1.4963908674113e-26 1.4963908674113e-26 1.4973937376520e-26 1.5155449340430e-26 1.5360164908311e-26 1.5590157921526e-26 1.5844454629895e-26 1.6107211563323e-26 1.6107211563323e-26
 1  28 1.5025898966419e-26 1.5025898966419e-26 1.5025898966419e-26 1.5146200254465e-26 1.5351442756779e-26 1.5581064450700e-26 1.5835208625418e-26 1.6114186511210e-26 1.6220671948207e-26
 1  29 1.5092016911782e-26 1.5092016911782e-26 1.5092016911782e-26 1.5133422864842e-26 1.5339466554013e-26 1.5568797047327e-26 1.5822965873947e-26 1.6101359817780e-26 1.6338355512273e-26
 1  30 1.5162150035893e-26 1.5162150035893e-26 1.5162150035893e-26 1.5162150035893e-26 1.5327419477025e-26 1.5557367808665e-26 1.5811629079923e-26 1.6089904386471e-26 1.6392484928918e-26
 1  31 1.5236150427332e-26 1.5236150427332e-26 1.5236150427332e-26 1.5236150427332e-26 1.5315680548828e-26 1.5546353030127e-26 1.5800629708824e-26 1.6079048304561e-26 1.6381354594583e-26
0.40548212 0.40549034 0.40549856 24662.0 24661.0  1
1.0000000000000 
 1   1 2.2882491359234e-26 2.3203813511155e-26 2.3550308337822e-26 2.3922145321069e-26 2.4287269282902e-26 2.4287403327626e-26 2.4287403327626e-26 2.4287403327626e-26 2.4287403327626e-26
 1   2 2.4106583157751e-26 2.4442952215142e-26 2.4805765061042e-26 2.5195192718029e-26 2.5611483245880e-26 2.5716406368506e-26 2.5716406368506e-26 2.5716406368506e-26 2.5716406368506e-26
 1   3 2.3368223217160e-26 2.3692303300762e-26 2.4041817985581e-26 2.4417115479752e-26 2.4818351398414e-26 2.5056852399751e-26 2.5056852399751e-26 2.5056852399751e-26 2.5056852399751e-26
 1   4 2.3188570931204e-26 2.3508201346262e-26 2.3852915072916e-26 2.4223197445512e-26 2.4619210242165e-26 2.4996419799584e-26 2.4996419799584e-26 2.4996419799584e-26 2.4996419799584e-26
 1   5 2.3261226253170e-26 2.3512387547589e-26 2.3855096766357e-26 2.4223260616014e-26 2.4617023926492e-26 2.5036586994505e-26 2.5131462925797e-26 2.5131462925797e-26 2.5131462925797e-26
 1   6 2.3554497620637e-26 2.3704575326367e-26 2.4047994828099e-26 2.4416938294197e-26 2.4811723117918e-26 2.5232370869675e-26 2.5470731663312e-26 2.5470731663312e-26 2.5470731663312e-26
 1   7 2.3480201406358e-26 2.3522930858477e-26 2.3862561670821e-26 2.4226374459548e-26 2.4615245907967e-26 2.5030391663059e-26 2.5412503867746e-26 2.5412503867746e-26 2.5412503867746e-26
 1   8 2.3531754699110e-26 2.3531754699110e-26 2.3805185906662e-26 2.4166135993120e-26 2.4552596177248e-26 2.4964521777474e-26 2.5402088438606e-26 2.5489762932651e-26 2.5489762932651e-26
 1   9 2.3668010390815e-26 2.3668010390815e-26 2.3833728188438e-26 2.4193074360438e-26 2.4578124763847e-26 2.4988763842870e-26 2.5424515507623e-26 2.5659468175630e-26 2.5659468175630e-26
 1  10 2.3728530813388e-26 2.3728530813388e-26 2.3782139458576e-26 2.4138726158151e-26 2.4520317591380e-26 2.4927445314928e-26 2.5359838157858e-26 2.5744432501057e-26 2.5744432501057e-26
 1  11 2.3804098141430e-26 2.3804098141430e-26 2.3804098141430e-26 2.4100407855977e-26 2.4479270631662e-26 2.4883523326988e-26 2.5313068875089e-26 2.5768053646639e-26 2.5847556034743e-26
 1  12 2.3850574682848e-26 2.3850574682848e-26 2.3850574682848e-26 2.4095614601532e-26 2.4471395889305e-26 2.4872553230025e-26 2.5299075838485e-26 2.5751009937003e-26 2.5896802833793e-26
 1  13 2.3728683347039e-26 2.3728683347039e-26 2.3731492123270e-26 2.4080019191214e-26 2.4453403081392e-26 2.4852235439484e-26 2.5276223524137e-26 2.5721734261104e-26 2.5721734261104e-26
 1  14 2.3606523921783e-26 2.3606523921783e-26 2.3719082971453e-26 2.4065254241889e-26 2.4436365534732e-26 2.4832709591336e-26 2.5254150826230e-26 2.5546445362030e-26 2.5546445362030e-26
 1  15 2.3492596691481e-26 2.3492596691481e-26 2.3708234593262e-26 2.4052110155204e-26 2.4421010480472e-26 2.4814935569065e-26 2.5233902369167e-26 2.5380098940873e-26 2.5380098940873e-26
 1  16 2.3381009851247e-26 2.3381009851247e-26 2.3693102946875e-26 2.4034673555860e-26 2.4401359832063e-26 2.4792847463719e-26 2.5209324421589e-26 2.5216385651137e-26 2.5216385651137e-26
 1  17 2.3273264085694e-26 2.3367961290687e-26 2.3682833888411e-26 2.4022301381897e-26 2.4386679623655e-26 2.4775799131851e-26 2.5056957170340e-26 2.5056957170340e-26 2.5056957170340e-26
 1  18 2.3166730885634e-26 2.3354983604350e-26 2.3667689916073e-26 2.4005063538523e-26 2.4367118338396e-26 2.4753851234205e-26 2.4899092544659e-26 2.4899092544659e-26 2.4899092544659e-26
 1  19 2.3064460924099e-26 2.3339921291441e-26 2.3650546058080e-26 2.3985902846692e-26 2.4345686589975e-26 2.4730088340179e-26 2.4746252285016e-26 2.4746252285016e-26 2.4746252285016e-26
 1  20 2.3042737975071e-26 2.3327441265402e-26 2.3636255657892e-26 2.3969563257044e-26 2.4327182255069e-26 2.4596154549614e-26 2.4596154549614e-26 2.4596154549614e-26 2.4596154549614e-26
 1  21 2.3029164020823e-26 2.3312304996783e-26 2.3619510852584e-26 2.3950889440303e-26 2.4306465411843e-26 2.4449560465967e-26 2.4449560465967e-26 2.4449560465967e-26 2.4449560465967e-26
 1  22 2.2980323978177e-26 2.3263010434670e-26 2.3569339607161e-26 2.3899474814508e-26 2.4253285093475e-26 2.4396492621908e-26 2.4396492621908e-26 2.4396492621908e-26 2.4396492621908e-26
 1  23 2.3014523871757e-26 2.3231793421387e-26 2.3536797554076e-26 2.3865108520580e-26 2.4217448929814e-26 2.4593378129007e-26 2.4686633197658e-26 2.4686633197658e-26 2.4686633197658e-26
 1  24 2.3118328414272e-26 2.3216583197059e-26 2.3521268395749e-26 2.3849021612940e-26 2.4200449901753e-26 2.4575671899470e-26 2.4837260948980e-26 2.4837260948980e-26 2.4837260948980e-26
 1  25 2.3225804549632e-26 2.3225804549632e-26 2.3503693129448e-26 2.3831050375443e-26 2.4181697507070e-26 2.4556233873727e-26 2.4954445312004e-26 2.4992230516769e-26 2.4992230516769e-26
 1  26 2.3336867536921e-26 2.3336867536921e-26 2.3489016002528e-26 2.3816367085547e-26 2.4166883253938e-26 2.4540626137458e-26 2.4937663528841e-26 2.5150372476363e-26 2.5150372476363e-26
 1  27 2.3451415687038e-26 2.3451415687038e-26 2.3469568732321e-26 2.3797069267505e-26 2.4147528428369e-26 2.4520839903581e-26 2.4916898922553e-26 2.5312312369807e-26 2.5312312369807e-26
 1  28 2.3569678570831e-26 2.3569678570831e-26 2.3569678570831e-26 2.3781627931583e-26 2.4132054736824e-26 2.4505195189457e-26 2.4900901378063e-26 2.5319946756106e-26 2.5477971619159e-26
 1  29 2.3691551417712e-26 2.3691551417712e-26 2.3691551417712e-26 2.3762713758785e-26 2.4113377838595e-26 2.4486549106107e-26 2.4882156687100e-26 2.5300337707785e-26 2.5647438046826e-26
 1  30 2.3817354702423e-26 2.3817354702423e-26 2.3817354702423e-26 2.3817354702423e-26 2.4094908940800e-26 2.4468873691450e-26 2.4863935849082e-26 2.5281526764832e-26 2.5722720337236e-26
 1  31 2.3945829637153e-26 2.3945829637153e-26 2.3945829637153e-26 2.3945829637153e-26 2.4076620310048e-26 2.4450632823760e-26 2.4846781205881e-26 2.5264016209777e-26 2.5704348506310e-26
0.40549856 0.40550678 0.40551500 24661.0 24660.0  1
1.0000000000000 
 1   1 3.1279949591678e-26 3.1926220806793e-26 3.2565712748503e-26 3.3198745891552e-26 3.3777877648061e-26 3.3778087189239e-26 3.3778087189239e-26 3.3778087189239e-26 3.3778087189239e-26
 1   2 3.2951213049147e-26 3.3628977070712e-26 3.4299511921638e-26 3.4963094935837e-26 3.5619907921095e-26 3.5782422512034e-26 3.5782422512034e-26 3.5782422512034e-26 3.5782422512034e-26
 1   3 3.1940426466063e-26 3.2594721875697e-26 3.3241800440644e-26 3.3881991880110e-26 3.4515499572297e-26 3.4876366458581e-26 3.4876366458581e-26 3.4876366458581e-26 3.4876366458581e-26
 1   4 3.1698452627850e-26 3.2344942628606e-26 3.2984120258549e-26 3.3616327562838e-26 3.4241906586630e-26 3.4799310771878e-26 3.4799310771878e-26 3.4799310771878e-26 3.4799310771878e-26
 1   5 3.1849957062483e-26 3.2348936236939e-26 3.2985368261153e-26 3.3614675885317e-26 3.4237102546976e-26 3.4852753016719e-26 3.4989743643291e-26 3.4989743643291e-26 3.4989743643291e-26
 1   6 3.2321480179651e-26 3.2611747096406e-26 3.3250477910602e-26 3.3881893272497e-26 3.4506270516004e-26 3.5123668189392e-26 3.5459963291073e-26 3.5459963291073e-26 3.5459963291073e-26
 1   7 3.2284305109493e-26 3.2364716536531e-26 3.2996930003795e-26 3.3620416697296e-26 3.4235953151986e-26 3.4845440645906e-26 3.5372239493222e-26 3.5372239493222e-26 3.5372239493222e-26
 1   8 3.2415098863876e-26 3.2415098863876e-26 3.2916577125028e-26 3.3535802120747e-26 3.4147831842194e-26 3.4752715593176e-26 3.5350508840474e-26 3.5468631516567e-26 3.5468631516567e-26
 1   9 3.2658037207805e-26 3.2658037207805e-26 3.2954118892248e-26 3.3571208416845e-26 3.4181441630840e-26 3.4784516548417e-26 3.5379752160749e-26 3.5689127384040e-26 3.5689127384040e-26
 1  10 3.2792007976225e-26 3.2792007976225e-26 3.2885330837610e-26 3.3498303494358e-26 3.4103658712990e-26 3.4701738538664e-26 3.5292327267226e-26 3.5787238877639e-26 3.5787238877639e-26
 1  11 3.2942141148737e-26 3.2942141148737e-26 3.2942141148737e-26 3.3444815027198e-26 3.4046269082135e-26 3.4640321403109e-26 3.5226935012266e-26 3.5806122235558e-26 3.5906131925710e-26
 1  12 3.3026740317847e-26 3.3026740317847e-26 3.3026740317847e-26 3.3437810805177e-26 3.4034393027726e-26 3.4623622820119e-26 3.5205484774918e-26 3.5779932669802e-26 3.5961244336998e-26
 1  13 3.2814733949568e-26 3.2814733949568e-26 3.2819581130052e-26 3.3420563717339e-26 3.4013830258896e-26 3.4599738207321e-26 3.5178142732683e-26 3.5744514047753e-26 3.5744514047753e-26
 1  14 3.2597951275028e-26 3.2597951275028e-26 3.2797912107062e-26 3.3395585176332e-26 3.3985542199872e-26 3.4567989637374e-26 3.5142859696102e-26 3.5522890355704e-26 3.5522890355704e-26
 1  15 3.2388138926143e-26 3.2388138926143e-26 3.2782840549689e-26 3.3377324278971e-26 3.3964082718060e-26 3.4543189822666e-26 3.5114633266837e-26 3.5309136783780e-26 3.5309136783780e-26
 1  16 3.2177155611851e-26 3.2177155611851e-26 3.2766289878119e-26 3.3357571941461e-26 3.3941119470147e-26 3.4516870834418e-26 3.5084884582544e-26 3.5094501906314e-26 3.5094501906314e-26
 1  17 3.1967069010541e-26 3.2151622403020e-26 3.2747998165879e-26 3.3336207985774e-26 3.3916535359593e-26 3.4488967961384e-26 3.4881306083702e-26 3.4881306083702e-26 3.4881306083702e-26
 1  18 3.1754270699870e-26 3.2133361505660e-26 3.2726698921438e-26 3.3311833416398e-26 3.3888919064934e-26 3.4458017496805e-26 3.4665774493254e-26 3.4665774493254e-26 3.4665774493254e-26
 1  19 3.1542948421908e-26 3.2116650596718e-26 3.2707082169397e-26 3.3289243028523e-26 3.3863176314926e-26 3.4429026858538e-26 3.4452741989502e-26 3.4452741989502e-26 3.4452741989502e-26
 1  20 3.1499477871947e-26 3.2096112479791e-26 3.2683860076499e-26 3.3263121255501e-26 3.3834003868872e-26 3.4239050047336e-26 3.4239050047336e-26 3.4239050047336e-26 3.4239050047336e-26
 1  21 3.1480156942745e-26 3.2074585205245e-26 3.2659904589479e-26 3.3236460222095e-26 3.3804455481293e-26 3.4025771024551e-26 3.4025771024551e-26 3.4025771024551e-26 3.4025771024551e-26
 1  22 3.1407529354171e-26 3.2002102446602e-26 3.2587027400384e-26 3.3162723297872e-26 3.3729430495124e-26 3.3951528736311e-26 3.3951528736311e-26 3.3951528736311e-26 3.3951528736311e-26
 1  23 3.1513896153883e-26 3.1960178803572e-26 3.2543220968241e-26 3.3116578016404e-26 3.3680730660178e-26 3.4235755936759e-26 3.4370832959339e-26 3.4370832959339e-26 3.4370832959339e-26
 1  24 3.1744761228177e-26 3.1938485128679e-26 3.2520917158741e-26 3.3093432960705e-26 3.3656436209488e-26 3.4210225809416e-26 3.4576765714944e-26 3.4576765714944e-26 3.4576765714944e-26
 1  25 3.1972933082036e-26 3.1972933082036e-26 3.2499349824851e-26 3.3071255492209e-26 3.3633297316764e-26 3.4185977581045e-26 3.4729250062733e-26 3.4780427413959e-26 3.4780427413959e-26
 1  26 3.2198420959925e-26 3.2198420959925e-26 3.2475637775376e-26 3.3047290760725e-26 3.3608719369185e-26 3.4160308786746e-26 3.4702471932786e-26 3.4981583863303e-26 3.4981583863303e-26
 1  27 3.2421153987621e-26 3.2421153987621e-26 3.2452998083694e-26 3.3024644906067e-26 3.3585870136325e-26 3.4136769300594e-26 3.4677801540571e-26 3.5180432278201e-26 3.5180432278201e-26
 1  28 3.2641227691251e-26 3.2641227691251e-26 3.2641227691251e-26 3.2999432171979e-26 3.3560663565213e-26 3.4111282314082e-26 3.4651611974815e-26 3.5182204133750e-26 3.5376877132528e-26
 1  29 3.2858651315276e-26 3.2858651315276e-26 3.2858651315276e-26 3.2974620031320e-26 3.3536255099470e-26 3.4086926233633e-26 3.4626842974986e-26 3.5156492198620e-26 3.5571047848778e-26
 1  30 3.3073603585997e-26 3.3073603585997e-26 3.3073603585997e-26 3.3073603585997e-26 3.3510583223683e-26 3.4061691929129e-26 3.4601996937960e-26 3.5131002130620e-26 3.5649373108500e-26
 1  31 3.3284753300636e-26 3.3284753300636e-26 3.3284753300636e-26 3.3284753300636e-26 3.3483681834220e-26 3.4035644111818e-26 3.4576235699024e-26 3.5105459677326e-26 3.5623226683575e-26
0.40551500 0.40552323 0.40553145 24660.0 24659.0  1
1.0000000000000 
 1   1 3.9540488071773e-26 4.0717838320912e-26 4.1815174654953e-26 4.2832447770091e-26 4.3703310150112e-26 4.3703624461879e-26 4.3703624461879e-26 4.3703624461879e-26 4.3703624461879e-26
 1   2 4.1649504620393e-26 4.2885739022024e-26 4.4037503677038e-26 4.5104699977822e-26 4.6087161524028e-26 4.6325653280902e-26 4.6325653280902e-26 4.6325653280902e-26 4.6325653280902e-26
 1   3 4.0369291223296e-26 4.1564261420311e-26 4.2677014438371e-26 4.3707639640627e-26 4.4655939811852e-26 4.5172304741102e-26 4.5172304741102e-26 4.5172304741102e-26 4.5172304741102e-26
 1   4 4.0069736701978e-26 4.1251894072259e-26 4.2352182471719e-26 4.3370826848977e-26 4.4307762492786e-26 4.5084260468508e-26 4.5084260468508e-26 4.5084260468508e-26 4.5084260468508e-26
 1   5 4.0352155069023e-26 4.1253949424695e-26 4.2350740335377e-26 4.3365649949286e-26 4.4298533436492e-26 4.5149135033499e-26 4.5334779272698e-26 4.5334779272698e-26 4.5334779272698e-26
 1   6 4.1071220273060e-26 4.1586327955242e-26 4.2688425188106e-26 4.3707670455506e-26 4.4644017535124e-26 4.5497318515541e-26 4.5939977335446e-26 4.5939977335446e-26 4.5939977335446e-26
 1   7 4.1136362927499e-26 4.1276311782466e-26 4.2367870326674e-26 4.3375415184476e-26 4.4299313052934e-26 4.5141973655593e-26 4.5814511473661e-26 4.5814511473661e-26 4.5814511473661e-26
 1   8 4.1406754247227e-26 4.1406754247227e-26 4.2262964152231e-26 4.3264503190095e-26 4.4183560041044e-26 4.5020100808713e-26 4.5773798855381e-26 4.5919827485996e-26 4.5919827485996e-26
 1   9 4.1812546145765e-26 4.1812546145765e-26 4.2307849105143e-26 4.3306799693162e-26 4.4223745724892e-26 4.5057947643236e-26 4.5808320764448e-26 4.6178025358061e-26 4.6178025358061e-26
 1  10 4.2071110714891e-26 4.2071110714891e-26 4.2223943270814e-26 4.3217109906023e-26 4.4127563242725e-26 4.4955155369500e-26 4.5699584300532e-26 4.6270084809402e-26 4.6270084809402e-26
 1  11 4.2342407992065e-26 4.2342407992065e-26 4.2342407992065e-26 4.3147579212799e-26 4.4052790938565e-26 4.4875092150596e-26 4.5614396567232e-26 4.6270340572899e-26 4.6381351174893e-26
 1  12 4.2486005328719e-26 4.2486005328719e-26 4.2486005328719e-26 4.3137918748198e-26 4.4035836592078e-26 4.4850982589180e-26 4.5583208828084e-26 4.6232176345121e-26 4.6429468608624e-26
 1  13 4.2139032871426e-26 4.2139032871426e-26 4.2146912236014e-26 4.3123244702766e-26 4.4016885441425e-26 4.4827646481230e-26 4.5555475436885e-26 4.6195445009222e-26 4.6195445009222e-26
 1  14 4.1778320059538e-26 4.1778320059538e-26 4.2111280991299e-26 4.3083256234145e-26 4.3972407244918e-26 4.4778663149396e-26 4.5501894525088e-26 4.5947206506086e-26 4.5947206506086e-26
 1  15 4.1418941531915e-26 4.1418941531915e-26 4.2091809069189e-26 4.3059633547819e-26 4.3944504371883e-26 4.4746433867335e-26 4.5465246389363e-26 4.5701303770786e-26 4.5701303770786e-26
 1  16 4.1050457207515e-26 4.1050457207515e-26 4.2078102610961e-26 4.3041776325374e-26 4.3922360799755e-26 4.4719966967667e-26 4.5434360636031e-26 4.5446436987154e-26 4.5446436987154e-26
 1  17 4.0675514084454e-26 4.1004740252867e-26 4.2047506517493e-26 4.3007023304714e-26 4.3883370733217e-26 4.4676619677223e-26 4.5185650665244e-26 4.5185650665244e-26 4.5185650665244e-26
 1  18 4.0289529990208e-26 4.0980732380553e-26 4.2019508118333e-26 4.2974843326459e-26 4.3846947546108e-26 4.4635823858769e-26 4.4914079135646e-26 4.4914079135646e-26 4.4914079135646e-26
 1  19 3.9897823572911e-26 4.0966372646887e-26 4.2001333502634e-26 4.2952650450524e-26 4.3820640883812e-26 4.4605267824643e-26 4.4638024041137e-26 4.4638024041137e-26 4.4638024041137e-26
 1  20 3.9818848119239e-26 4.0934288194758e-26 4.1965566672451e-26 4.2913016353012e-26 4.3776945385234e-26 4.4353411654700e-26 4.4353411654700e-26 4.4353411654700e-26 4.4353411654700e-26
 1  21 3.9793136184109e-26 4.0905593379330e-26 4.1933488383297e-26 4.2877341967467e-26 4.3737422221287e-26 4.4061653297797e-26 4.4061653297797e-26 4.4061653297797e-26 4.4061653297797e-26
 1  22 3.9691101956400e-26 4.0805084488137e-26 4.1833888531037e-26 4.2778127301195e-26 4.3638207555016e-26 4.3964315257663e-26 4.3964315257663e-26 4.3964315257663e-26 4.3964315257663e-26
 1  23 3.9929353357216e-26 4.0753534276873e-26 4.1779654343803e-26 4.2720740751829e-26 4.3577138627595e-26 4.4349341009169e-26 4.4533013096106e-26 4.4533013096106e-26 4.4533013096106e-26
 1  24 4.0376156778362e-26 4.0724540557118e-26 4.1749600592207e-26 4.2689358878943e-26 4.3544471774251e-26 4.4314886892836e-26 4.4792850319739e-26 4.4792850319739e-26 4.4792850319739e-26
 1  25 4.0806378713059e-26 4.0806378713059e-26 4.1726899270766e-26 4.2665572873758e-26 4.3519502477708e-26 4.4288376852338e-26 4.4972504146439e-26 4.5036300190661e-26 4.5036300190661e-26
 1  26 4.1219689442101e-26 4.1219689442101e-26 4.1690565446808e-26 4.2628782989588e-26 4.3481510813253e-26 4.4249309748602e-26 4.4932118165877e-26 4.5263769465277e-26 4.5263769465277e-26
 1  27 4.1615774653719e-26 4.1615774653719e-26 4.1668277044747e-26 4.2606895180956e-26 4.3459129966555e-26 4.4225828810720e-26 4.4907546381275e-26 4.5475196513827e-26 4.5475196513827e-26
 1  28 4.1995645075950e-26 4.1995645075950e-26 4.1995645075950e-26 4.2567701736216e-26 4.3420062862819e-26 4.4186265587430e-26 4.4867024815245e-26 4.5462306649896e-26 4.5670479647212e-26
 1  29 4.2358909359829e-26 4.2358909359829e-26 4.2358909359829e-26 4.2538027007633e-26 4.3391066061576e-26 4.4157222563869e-26 4.4837340842198e-26 4.5431830734456e-26 4.5849812999170e-26
 1  30 4.2705431919887e-26 4.2705431919887e-26 4.2705431919887e-26 4.2705431919887e-26 4.3357379235733e-26 4.4123936331454e-26 4.4804732537124e-26 4.5398559909480e-26 4.5906401443168e-26
 1  31 4.3034020220302e-26 4.3034020220302e-26 4.3034020220302e-26 4.3034020220302e-26 4.3320182595159e-26 4.4088335901618e-26 4.4769098210921e-26 4.5363393969440e-26 4.5870443560734e-26
0.40553145 0.40553968 0.40554790 24659.0 24658.0  1
1.0000000000000 
 1   1 4.7903143979750e-26 4.9805648453038e-26 5.1516616882241e-26 5.3035291221332e-26 5.4272847581276e-26 5.4273291315535e-26 5.4273291315535e-26 5.4273291315535e-26 5.4273291315535e-26
 1   2 5.0453432678717e-26 5.2452452434866e-26 5.4249403621249e-26 5.5843494295475e-26 5.7233775359265e-26 5.7566095341541e-26 5.7566095341541e-26 5.7566095341541e-26 5.7566095341541e-26
 1   3 4.8899139420862e-26 5.0832834714785e-26 5.2570220739849e-26 5.4110724339302e-26 5.5453451881649e-26 5.6157793736447e-26 5.6157793736447e-26 5.6157793736447e-26 5.6157793736447e-26
 1   4 4.8544601910748e-26 5.0458871504880e-26 5.2177947328776e-26 5.3701422626033e-26 5.5028619469309e-26 5.6062939375570e-26 5.6062939375570e-26 5.6062939375570e-26 5.6062939375570e-26
 1   5 4.9006834341865e-26 5.0457373901755e-26 5.2172184946383e-26 5.3691068826652e-26 5.5013230518681e-26 5.6137757902049e-26 5.6378754908594e-26 5.6378754908594e-26 5.6378754908594e-26
 1   6 5.0040485565249e-26 5.0860241468266e-26 5.2584518843756e-26 5.4110872250721e-26 5.5438666902652e-26 5.6567083123764e-26 5.7125479548120e-26 5.7125479548120e-26 5.7125479548120e-26
 1   7 5.0267554246436e-26 5.0487671090896e-26 5.2196202063161e-26 5.3706051020875e-26 5.5017144008328e-26 5.6131853771212e-26 5.6953483218879e-26 5.6953483218879e-26 5.6953483218879e-26
 1   8 5.0733903545402e-26 5.0733903545402e-26 5.2064714973998e-26 5.3566459618506e-26 5.4871112296225e-26 5.5978032057670e-26 5.6886300619443e-26 5.7058395556297e-26 5.7058395556297e-26
 1   9 5.1355880309826e-26 5.1355880309826e-26 5.2115670458094e-26 5.3614493852063e-26 5.4916662850526e-26 5.6020747643092e-26 5.6924856196185e-26 5.7343174343082e-26 5.7343174343082e-26
 1  10 5.1786931164771e-26 5.1786931164771e-26 5.2018073572977e-26 5.3509205573119e-26 5.4802943620657e-26 5.5898689906937e-26 5.6795526148560e-26 5.7411534070900e-26 5.7411534070900e-26
 1  11 5.2223208223213e-26 5.2223208223213e-26 5.2223208223213e-26 5.3422467851400e-26 5.4709420462558e-26 5.5798467594119e-26 5.6688992948500e-26 5.7380127546111e-26 5.7493754331342e-26
 1  12 5.2445549901945e-26 5.2445549901945e-26 5.2445549901945e-26 5.3409667350617e-26 5.4686303140249e-26 5.5765212176583e-26 5.6645771999060e-26 5.7327162931896e-26 5.7523065444352e-26
 1  13 5.1920957399973e-26 5.1920957399973e-26 5.1932808802479e-26 5.3401371985161e-26 5.4672652148804e-26 5.5746131603438e-26 5.6621268007192e-26 5.7293383661416e-26 5.7293383661416e-26
 1  14 5.1369512812344e-26 5.1369512812344e-26 5.1878704037737e-26 5.3341665075397e-26 5.4607256812356e-26 5.5675029351379e-26 5.6544440350594e-26 5.7035814412885e-26 5.7035814412885e-26
 1  15 5.0809772859259e-26 5.0809772859259e-26 5.1854563661442e-26 5.3312273843702e-26 5.4572485302768e-26 5.5634828260092e-26 5.6498754210825e-26 5.6770935875030e-26 5.6770935875030e-26
 1  16 5.0228912388032e-26 5.0228912388032e-26 5.1847556357932e-26 5.3300028010743e-26 5.4554871517869e-26 5.5611815708372e-26 5.6470287425503e-26 5.6484770418685e-26 5.6484770418685e-26
 1  17 4.9630185449897e-26 5.0155723968657e-26 5.1800495874555e-26 5.3247679694111e-26 5.4497130597392e-26 5.5548571250487e-26 5.6181145251837e-26 5.6181145251837e-26 5.6181145251837e-26
 1  18 4.9008020714710e-26 5.0125420616540e-26 5.1765071089530e-26 5.3206954749879e-26 5.4450994560388e-26 5.5496937839050e-26 5.5854039147106e-26 5.5854039147106e-26 5.5854039147106e-26
 1  19 4.8368920121965e-26 5.0117008154543e-26 5.1751802202585e-26 5.3188582918953e-26 5.4427415014893e-26 5.5468027319468e-26 5.5511322224618e-26 5.5511322224618e-26 5.5511322224618e-26
 1  20 4.8241469781965e-26 5.0069959997118e-26 5.1699996227825e-26 5.3131791096753e-26 5.4365440130027e-26 5.5147965496102e-26 5.5147965496102e-26 5.5147965496102e-26 5.5147965496102e-26
 1  21 4.8208581061491e-26 5.0033148542533e-26 5.1658809060407e-26 5.3085950882589e-26 5.4314663372229e-26 5.4765762387523e-26 5.4765762387523e-26 5.4765762387523e-26 5.4765762387523e-26
 1  22 4.8071470256890e-26 4.9899646160276e-26 5.1528267988032e-26 5.2957834941200e-26 5.4188630516668e-26 5.4643100679737e-26 5.4643100679737e-26 5.4643100679737e-26 5.4643100679737e-26
 1  23 4.8497230197092e-26 4.9839202774901e-26 5.1464015883599e-26 5.2889432072551e-26 5.4115340408192e-26 5.5142505099524e-26 5.5381647050347e-26 5.5381647050347e-26 5.5381647050347e-26
 1  24 4.9243246094398e-26 4.9801966074984e-26 5.1425312395437e-26 5.2848898180570e-26 5.4073124023811e-26 5.5097915969452e-26 5.5694880296502e-26 5.5694880296502e-26 5.5694880296502e-26
 1  25 4.9951304223616e-26 4.9951304223616e-26 5.1403711165181e-26 5.2825848650995e-26 5.4048583054088e-26 5.5071359706635e-26 5.5894918165734e-26 5.5970852190837e-26 5.5970852190837e-26
 1  26 5.0621447725577e-26 5.0621447725577e-26 5.1351073188685e-26 5.2772489606328e-26 5.3993621635707e-26 5.5015233485823e-26 5.5837097126571e-26 5.6209883208095e-26 5.6209883208095e-26
 1  27 5.1253898467411e-26 5.1253898467411e-26 5.1333598070741e-26 5.2754616976444e-26 5.3974750603740e-26 5.4995191488450e-26 5.5815914978671e-26 5.6412028815058e-26 5.6412028815058e-26
 1  28 5.1848308240983e-26 5.1848308240983e-26 5.1848308240983e-26 5.2697818991268e-26 5.3917854010951e-26 5.4937407427143e-26 5.5756984603861e-26 5.6375993895426e-26 5.6577208893040e-26
 1  29 5.2405003684012e-26 5.2405003684012e-26 5.2405003684012e-26 5.2664569736709e-26 5.3885239542901e-26 5.4904435506495e-26 5.5723254637187e-26 5.6341555186533e-26 5.6705694612978e-26
 1  30 5.2924104974526e-26 5.2924104974526e-26 5.2924104974526e-26 5.2924104974526e-26 5.3843140255060e-26 5.4863186709318e-26 5.5682665278423e-26 5.6299764047483e-26 5.6716498309594e-26
 1  31 5.3403276344690e-26 5.3403276344690e-26 5.3403276344690e-26 5.3403276344690e-26 5.3794649961293e-26 5.4815984477497e-26 5.5635697239683e-26 5.6253597195600e-26 5.6669234448015e-26
0.40554790 0.40555612 0.40556434 24658.0 24657.0  1
1.0000000000000 
 1   1 5.6602088826434e-26 5.9385103818392e-26 6.1835601612848e-26 6.3951899717402e-26 6.5619502367233e-26 6.5620094012911e-26 6.5620094012911e-26 6.5620094012911e-26 6.5620094012911e-26
 1   2 5.9610107902679e-26 6.2535462984223e-26 6.5110101600662e-26 6.7332291955790e-26 6.9200080386272e-26 6.9641565159284e-26 6.9641565159284e-26 6.9641565159284e-26 6.9641565159284e-26
 1   3 5.7769812507339e-26 6.0600769288216e-26 6.3091209328975e-26 6.5239653515417e-26 6.7044289932651e-26 6.7965192594859e-26 6.7965192594859e-26 6.7965192594859e-26 6.7965192594859e-26
 1   4 5.7360276600988e-26 6.0163906747071e-26 6.2629127890766e-26 6.4754608829295e-26 6.6538907426316e-26 6.7866474048141e-26 6.7866474048141e-26 6.7866474048141e-26 6.7866474048141e-26
 1   5 5.8041359385033e-26 6.0157645163636e-26 6.2617812667157e-26 6.4737790068277e-26 6.6515993482210e-26 6.7950647971919e-26 6.8253558233572e-26 6.8253558233572e-26 6.8253558233572e-26
 1   6 5.9445291440270e-26 6.0633864468381e-26 6.3108558105914e-26 6.5239875382547e-26 6.7026423465743e-26 6.8466371951683e-26 6.9151177173125e-26 6.9151177173125e-26 6.9151177173125e-26
 1   7 5.9880077058563e-26 6.0197008090211e-26 6.2649804674649e-26 6.4758922912370e-26 6.6523956046972e-26 6.7946777623103e-26 6.8925550628280e-26 6.8925550628280e-26 6.8925550628280e-26
 1   8 6.0587081318916e-26 6.0587081318916e-26 6.2489505673518e-26 6.4588128363414e-26 6.6344872295535e-26 6.7758079629383e-26 6.8826141828270e-26 6.9024133589529e-26 6.9024133589529e-26
 1   9 6.1468522446935e-26 6.1468522446935e-26 6.2545866087410e-26 6.4641321007734e-26 6.6395131363364e-26 6.7805029179196e-26 6.8868019248981e-26 6.9329219381647e-26 6.9329219381647e-26
 1  10 6.2110273119284e-26 6.2110273119284e-26 6.2435086597009e-26 6.4520730059824e-26 6.6263878467282e-26 6.7663601210032e-26 6.8717895320932e-26 6.9361568841737e-26 6.9361568841737e-26
 1  11 6.2746748284330e-26 6.2746748284330e-26 6.2746748284330e-26 6.4415447943857e-26 6.6150066792776e-26 6.7541524984949e-26 6.8588269450467e-26 6.9288864215965e-26 6.9399729988027e-26
 1  12 6.3063839553349e-26 6.3063839553349e-26 6.3063839553349e-26 6.4399091406025e-26 6.6119880537200e-26 6.7497669248999e-26 6.8531095523766e-26 6.9218711062182e-26 6.9401850051710e-26
 1  13 6.2326796948840e-26 6.2326796948840e-26 6.2343406168680e-26 6.4399941896688e-26 6.6114155132661e-26 6.7485485045799e-26 6.8512360077267e-26 6.9190848248491e-26 6.9190848248491e-26
 1  14 6.1546564209770e-26 6.1546564209770e-26 6.2267194809665e-26 6.4316717071187e-26 6.6023996959360e-26 6.7388264102206e-26 6.8408187296947e-26 6.8934918351529e-26 6.8934918351529e-26
 1  15 6.0745414330760e-26 6.0745414330760e-26 6.2238050097003e-26 6.4281076582009e-26 6.5981866856641e-26 6.7339459496671e-26 6.8352769818355e-26 6.8658958783146e-26 6.8658958783146e-26
 1  16 5.9907964524158e-26 5.9907964524158e-26 6.2240570754114e-26 6.4277113788555e-26 6.5971451427502e-26 6.7322425031499e-26 6.8329196435836e-26 6.8346144619347e-26 6.8346144619347e-26
 1  17 5.9038140605563e-26 5.9801486790880e-26 6.2173690140493e-26 6.4203786702224e-26 6.5891419023477e-26 6.7235656494901e-26 6.8001128906877e-26 6.8001128906877e-26 6.8001128906877e-26
 1  18 5.8129329701917e-26 5.9764330209649e-26 6.2130117901431e-26 6.4153731012598e-26 6.5834645690204e-26 6.7172159355006e-26 6.7616682475098e-26 6.7616682475098e-26 6.7616682475098e-26
 1  19 5.7189290999782e-26 5.9764502772972e-26 6.2124213770594e-26 6.4141639254035e-26 6.5816101295956e-26 6.7147125347217e-26 6.7202339447607e-26 6.7202339447607e-26 6.7202339447607e-26
 1  20 5.7003021218536e-26 5.9699686756252e-26 6.2053518274939e-26 6.4064682174945e-26 6.5732703907132e-26 6.6752078597024e-26 6.6752078597024e-26 6.6752078597024e-26 6.6752078597024e-26
 1  21 5.6962222318594e-26 5.9653852705063e-26 6.2002279293955e-26 6.4007563715027e-26 6.5669477938173e-26 6.6268087779768e-26 6.6268087779768e-26 6.6268087779768e-26 6.6268087779768e-26
 1  22 5.6785055252638e-26 5.9482922570639e-26 6.1836932815625e-26 6.3847283202823e-26 6.5513807331885e-26 6.6117532443411e-26 6.6117532443411e-26 6.6117532443411e-26 6.6117532443411e-26
 1  23 5.7442256505373e-26 5.9413847937626e-26 6.1762607327211e-26 6.3767565110565e-26 6.5428178945813e-26 6.6744886404240e-26 6.7046114173494e-26 6.7046114173494e-26 6.7046114173494e-26
 1  24 5.8553755357854e-26 5.9367496196468e-26 6.1714400530331e-26 6.3716967079066e-26 6.5375220494574e-26 6.6689148450906e-26 6.7414586171942e-26 6.7414586171942e-26 6.7414586171942e-26
 1  25 5.9600727853477e-26 5.9600727853477e-26 6.1695535661340e-26 6.3696296458159e-26 6.5352577721404e-26 6.6664114443116e-26 6.7631861884548e-26 6.7720121861295e-26 6.7720121861295e-26
 1  26 6.0582982939994e-26 6.0582982939994e-26 6.1623829437651e-26 6.3623345313353e-26 6.5277765357900e-26 6.6587705868875e-26 6.7553216150083e-26 6.7961587254003e-26 6.7961587254003e-26
 1  27 6.1500582247162e-26 6.1500582247162e-26 6.1612896318542e-26 6.3611925319155e-26 6.5265279168885e-26 6.6573604980194e-26 6.7537549865543e-26 6.8139888307510e-26 6.8139888307510e-26
 1  28 6.2353790782941e-26 6.2353790782941e-26 6.2353790782941e-26 6.3534006815837e-26 6.5187095657607e-26 6.6494490859567e-26 6.7456938141791e-26 6.8074135518465e-26 6.8254944903132e-26
 1  29 6.3142682503041e-26 6.3142682503041e-26 6.3142682503041e-26 6.3497423391357e-26 6.5151110041782e-26 6.6458283376612e-26 6.7419726093778e-26 6.8035943557296e-26 6.8307145308345e-26
 1  30 6.3867910682899e-26 6.3867910682899e-26 6.3867910682899e-26 6.3867910682899e-26 6.5100006646265e-26 6.6407962679025e-26 6.7369769011764e-26 6.7984747717142e-26 6.8253773937726e-26
 1  31 6.4525321476812e-26 6.4525321476812e-26 6.4525321476812e-26 6.4525321476812e-26 6.5038426191852e-26 6.6347855175833e-26 6.7310357924840e-26 6.7925811179356e-26 6.8194196450454e-26
0.40556434 0.40557257 0.40558079 24657.0 24656.0  1
1.0000000000000 
 1   1 6.5599965733877e-26 6.9388371623587e-26 7.2680571677962e-26 7.5473675461341e-26 7.7624812868218e-26 7.7625570914244e-26 7.7625570914244e-26 7.7625570914244e-26 7.7625570914244e-26
 1   2 6.9080574122107e-26 7.3063711558867e-26 7.6523513740722e-26 7.9457108720941e-26 8.1861390359707e-26 8.2425185550883e-26 8.2425185550883e-26 8.2425185550883e-26 8.2425185550883e-26
 1   3 6.6943796448896e-26 7.0799428078874e-26 7.4147088752672e-26 7.6984165368541e-26 7.9307829120579e-26 8.0470258805253e-26 8.0470258805253e-26 8.0470258805253e-26 8.0470258805253e-26
 1   4 6.6478960160495e-26 7.0298335003711e-26 7.3612974453055e-26 7.6420450296051e-26 7.8718377461056e-26 8.0371041057494e-26 8.0371041057494e-26 8.0371041057494e-26 8.0371041057494e-26
 1   5 6.7410154992326e-26 7.0286384993593e-26 7.3595157289953e-26 7.6396162008336e-26 7.8686884654605e-26 8.0464588867497e-26 8.0835569197104e-26 8.0835569197104e-26 8.0835569197104e-26
 1   6 6.9229379173330e-26 7.0838569138320e-26 7.4167876470119e-26 7.6984713873389e-26 7.9286665461606e-26 8.1071229066588e-26 8.1893425508030e-26 8.1893425508030e-26 8.1893425508030e-26
 1   7 6.9908514457016e-26 7.0335731941000e-26 7.3636091775363e-26 7.6424610304730e-26 7.8699598873726e-26 8.0463263827695e-26 8.1609749893917e-26 8.1609749893917e-26 8.1609749893917e-26
 1   8 7.0892174702020e-26 7.0892174702020e-26 7.3445094991662e-26 7.6220492545504e-26 7.8485256737612e-26 8.0237261341325e-26 8.1474053492268e-26 8.1698786405618e-26 8.1698786405618e-26
 1   9 7.2068175259454e-26 7.2068175259454e-26 7.3506391949188e-26 7.6278313584667e-26 7.8539940822081e-26 8.0288007284244e-26 8.1518741229953e-26 8.2020968292667e-26 8.2020968292667e-26
 1  10 7.2951631680567e-26 7.2951631680567e-26 7.3382731839319e-26 7.6142395315888e-26 7.8391178911688e-26 8.0126956400062e-26 8.1347465968883e-26 8.2009178519920e-26 8.2009178519920e-26
 1  11 7.3817005930619e-26 7.3817005930619e-26 7.3817005930619e-26 7.6017367025386e-26 7.8255796821805e-26 7.9981701222913e-26 8.1193255987864e-26 8.1888310238098e-26 8.1993111641951e-26
 1  12 7.4241967765452e-26 7.4241967765452e-26 7.4241967765452e-26 7.5997164790641e-26 7.8217795912887e-26 7.9926209788611e-26 8.1120649969704e-26 8.1799119652001e-26 8.1962247459035e-26
 1  13 7.3263977458204e-26 7.3263977458204e-26 7.3285973118913e-26 7.6009268875156e-26 7.8222153136793e-26 7.9922752359175e-26 8.1109587428104e-26 8.1779385803419e-26 8.1779385803419e-26
 1  14 7.2223950636332e-26 7.2223950636332e-26 7.3184807870794e-26 7.5899703490991e-26 7.8104039705164e-26 7.9796263443403e-26 8.0974877102586e-26 8.1531936161188e-26 8.1531936161188e-26
 1  15 7.1148073784103e-26 7.1148073784103e-26 7.3150387650828e-26 7.5857561062320e-26 7.8053965526609e-26 7.9738325307700e-26 8.0909155128420e-26 8.1249394534627e-26 8.1249394534627e-26
 1  16 7.0018283219382e-26 7.0018283219382e-26 7.3164580984146e-26 7.5864063001813e-26 7.8052597345977e-26 7.9729191777532e-26 8.0892361019305e-26 8.0911909978612e-26 8.0911909978612e-26
 1  17 6.8839225825940e-26 6.9873927836703e-26 7.3075421212929e-26 7.5766959154761e-26 7.7947487793332e-26 7.9616051867391e-26 8.0525016845432e-26 8.0525016845432e-26 8.0525016845432e-26
 1  18 6.7603191721024e-26 6.9829449640195e-26 7.3023239296644e-26 7.5706783858834e-26 7.7879319117765e-26 7.9539883649206e-26 8.0080210228452e-26 8.0080210228452e-26 8.0080210228452e-26
 1  19 6.6319258968018e-26 6.9840204033004e-26 7.3026739866911e-26 7.5702673153961e-26 7.7867547833944e-26 7.9520414808585e-26 7.9588830003185e-26 7.9588830003185e-26 7.9588830003185e-26
 1  20 6.6065936009829e-26 6.9755555560089e-26 7.2934782104670e-26 7.5603159583362e-26 7.7760293565713e-26 7.9043751769581e-26 7.9043751769581e-26 7.9043751769581e-26 7.9043751769581e-26
 1  21 6.6016626040277e-26 6.9700107266618e-26 7.2872560700771e-26 7.5533863083219e-26 7.7683656961366e-26 7.8447625607242e-26 7.8447625607242e-26 7.8447625607242e-26 7.8447625607242e-26
 1  22 6.5795338230411e-26 6.9488125550243e-26 7.2669219476498e-26 7.5338675475960e-26 7.7496240866618e-26 7.8267451009085e-26 7.8267451009085e-26 7.8267451009085e-26 7.8267451009085e-26
 1  23 6.6718983416860e-26 6.9410256350731e-26 7.2584891478325e-26 7.5247321685350e-26 7.7397639416441e-26 7.9035844671601e-26 7.9405567754141e-26 7.9405567754141e-26 7.9405567754141e-26
 1  24 6.8249182520738e-26 6.9354074663138e-26 7.2526022733273e-26 7.5185624134395e-26 7.7332946659237e-26 7.8967854722332e-26 7.9832661978608e-26 7.9832661978608e-26 7.9832661978608e-26
 1  25 6.9684151322215e-26 6.9684151322215e-26 7.2511250080228e-26 7.5168509550537e-26 7.7313243625534e-26 7.8945279741896e-26 8.0065197219350e-26 8.0166313163662e-26 8.0166313163662e-26
 1  26 7.1023230382876e-26 7.1023230382876e-26 7.2418213797218e-26 7.5073790775128e-26 7.7216546534887e-26 7.8846548869227e-26 7.9963458814479e-26 8.0405109987838e-26 8.0405109987838e-26
 1  27 7.2266395050818e-26 7.2266395050818e-26 7.2415736280938e-26 7.5070906502444e-26 7.7212324896448e-26 7.8840342752574e-26 7.9955243567709e-26 8.0550229579520e-26 8.0550229579520e-26
 1  28 7.3414582098367e-26 7.3414582098367e-26 7.3414582098367e-26 7.4969322171969e-26 7.7110253690884e-26 7.8737168374337e-26 7.9850479141710e-26 8.0450198318952e-26 8.0601616471924e-26
 1  29 7.4467594310297e-26 7.4467594310297e-26 7.4467594310297e-26 7.4929762030167e-26 7.7071217402027e-26 7.8697867077520e-26 7.9810241072568e-26 8.0408727654646e-26 8.0559769866092e-26
 1  30 7.5425801465156e-26 7.5425801465156e-26 7.5425801465156e-26 7.5425801465156e-26 7.7010518253156e-26 7.8637691781594e-26 7.9749504945841e-26 8.0347091733450e-26 8.0430784945113e-26
 1  31 7.6284735405473e-26 7.6284735405473e-26 7.6284735405473e-26 7.6284735405473e-26 7.6934202123552e-26 7.8563674441971e-26 7.9676627756746e-26 8.0274165240547e-26 8.0357229828677e-26
0.40558079 0.40558902 0.40559724 24656.0 24655.0  1
1.0000000000000 
 1   1 7.4858881645238e-26 7.9747360230255e-26 8.3959858975208e-26 8.7492088448924e-26 9.0170289711077e-26 9.0171226483402e-26 9.0171226483402e-26 9.0171226483402e-26 9.0171226483402e-26
 1   2 7.8825218809907e-26 8.3965824735804e-26 8.8393503781583e-26 9.2104052797734e-26 9.5093065256544e-26 9.5790060844162e-26 9.5790060844162e-26 9.5790060844162e-26 9.5790060844162e-26
 1   3 7.6382948588173e-26 8.1359878202189e-26 8.5644872031736e-26 8.9234115194782e-26 9.2123527801332e-26 9.3548722123154e-26 9.3548722123154e-26 9.3548722123154e-26 9.3548722123154e-26
 1   4 7.5862220272042e-26 8.0793186412376e-26 8.5036660273811e-26 8.8589104308223e-26 9.1446987130467e-26 9.3452801567460e-26 9.3452801567460e-26 9.3452801567460e-26 9.3452801567460e-26
 1   5 7.7067100534178e-26 8.0774907026088e-26 8.5011675569828e-26 8.8556637751592e-26 9.1406138926719e-26 9.3556364213173e-26 9.4001164667177e-26 9.4001164667177e-26 9.4001164667177e-26
 1   6 7.9335963105207e-26 8.1405330148876e-26 8.5669166482426e-26 8.9234860914856e-26 9.2098956016729e-26 9.4257815632310e-26 9.5228564442967e-26 9.5228564442967e-26 9.5228564442967e-26
 1   7 8.0287045860015e-26 8.0834897432740e-26 8.5062205808593e-26 8.8592746626934e-26 9.1424097838264e-26 9.3558028216645e-26 9.4885034007671e-26 9.4885034007671e-26 9.4885034007671e-26
 1   8 8.1574781169103e-26 8.1574781169103e-26 8.4839075268956e-26 8.8353666305869e-26 9.1172636098773e-26 9.3292786063216e-26 9.4710763540351e-26 9.4964043357709e-26 9.4964043357709e-26
 1   9 8.3072291849221e-26 8.3072291849221e-26 8.4905049925131e-26 8.8415967828454e-26 9.1231424725140e-26 9.3347100369136e-26 9.4757996587051e-26 9.5303136450414e-26 9.5303136450414e-26
 1  10 8.4221310898506e-26 8.4221310898506e-26 8.4768576988528e-26 8.8264722238806e-26 9.1064820999743e-26 9.3166062954364e-26 9.4565144747628e-26 9.5243226162448e-26 9.5243226162448e-26
 1  11 8.5337844902234e-26 8.5337844902234e-26 8.5337844902234e-26 8.8119078794179e-26 9.0906833114545e-26 9.2996427044862e-26 9.4385155038745e-26 9.5070108171607e-26 9.5167550982329e-26
 1  12 8.5880914005720e-26 8.5880914005720e-26 8.5880914005720e-26 8.8094876788126e-26 9.0860598469928e-26 9.2928511051303e-26 9.4296069223238e-26 9.4960561276370e-26 9.5100442338603e-26
 1  13 8.4639739978968e-26 8.4639739978968e-26 8.4667627444563e-26 8.8119707417713e-26 9.0876351036129e-26 9.2935216368997e-26 9.4293961485507e-26 9.4950355388409e-26 9.4950355388409e-26
 1  14 8.3315920446442e-26 8.3315920446442e-26 8.4539468362343e-26 8.7981551988710e-26 9.0728149956536e-26 9.2777148365114e-26 9.4126328543147e-26 9.4714159340029e-26 9.4714159340029e-26
 1  15 8.1939672478599e-26 8.1939672478599e-26 8.4499550767944e-26 8.7932519353070e-26 9.0669860531211e-26 9.2709651453911e-26 9.4049802872365e-26 9.4426157316889e-26 9.4426157316889e-26
 1  16 8.0490208357989e-26 8.0490208357989e-26 8.4526914380594e-26 8.7950811065310e-26 9.0678987898404e-26 9.2709700757717e-26 9.4040995979915e-26 9.4063342930246e-26 9.4063342930246e-26
 1  17 7.8972846732748e-26 8.0304585689205e-26 8.4413527951420e-26 8.7828081564790e-26 9.0546798229997e-26 9.2568081736303e-26 9.3632193467688e-26 9.3632193467688e-26 9.3632193467688e-26
 1  18 7.7378805362329e-26 8.0252416098871e-26 8.4352206341991e-26 8.7757367580208e-26 9.0466636403480e-26 9.2478558349512e-26 9.3122842004924e-26 9.3122842004924e-26 9.3122842004924e-26
 1  19 7.5718493512896e-26 8.0275151316679e-26 8.4366338045551e-26 8.7762575294778e-26 9.0462803032518e-26 9.2465751685754e-26 9.2548520451044e-26 9.2548520451044e-26 9.2548520451044e-26
 1  20 7.5392016031699e-26 8.0169037198975e-26 8.4251540294914e-26 8.7638779599440e-26 9.0329861481061e-26 9.1900982744398e-26 9.1900982744398e-26 9.1900982744398e-26 9.1900982744398e-26
 1  21 7.5333738932326e-26 8.0103352202664e-26 8.4177824941106e-26 8.7556627131733e-26 9.0239037706372e-26 9.1183347350752e-26 9.1183347350752e-26 9.1183347350752e-26 9.1183347350752e-26
 1  22 7.5065211912784e-26 7.9847483935460e-26 8.3933955987828e-26 8.7324319921097e-26 9.0018088860176e-26 9.0972012746839e-26 9.0972012746839e-26 9.0972012746839e-26 9.0972012746839e-26
 1  23 7.6281579961853e-26 7.9760968080870e-26 8.3839378960863e-26 8.7221127053932e-26 8.9906200034127e-26 9.1894320567534e-26 9.2338510886932e-26 9.2338510886932e-26 9.2338510886932e-26
 1  24 7.8270785179005e-26 7.9694407941992e-26 8.3769509303969e-26 8.7147861597360e-26 8.9829107369569e-26 9.1813332902257e-26 9.2829096088318e-26 9.2829096088318e-26 9.2829096088318e-26
 1  25 8.0130598718773e-26 8.0130598718773e-26 8.3759512957185e-26 8.7135098074433e-26 8.9813126773262e-26 9.1793925691393e-26 9.3077285287647e-26 9.3192169319946e-26 9.3192169319946e-26
 1  26 8.1860712432367e-26 8.1860712432367e-26 8.3643347025916e-26 8.7016768938649e-26 8.9692646758917e-26 9.1670801760420e-26 9.2950765556996e-26 9.3427169751016e-26 9.3427169751016e-26
 1  27 8.3461582379996e-26 8.3461582379996e-26 8.3651389709363e-26 8.7023603678836e-26 8.9697835984559e-26 9.1673667544178e-26 9.2951338713748e-26 9.3534966361119e-26 9.3534966361119e-26
 1  28 8.4932931227750e-26 8.4932931227750e-26 8.4932931227750e-26 8.6896714169636e-26 8.9570046680889e-26 9.1544596341537e-26 9.2820474085143e-26 9.3397679911707e-26 9.3515540661328e-26
 1  29 8.6275215035838e-26 8.6275215035838e-26 8.6275215035838e-26 8.6854602555844e-26 8.9528200075058e-26 9.1502447749890e-26 9.2777314765461e-26 9.3353195552224e-26 9.3369521275177e-26
 1  30 8.7487829832631e-26 8.7487829832631e-26 8.7487829832631e-26 8.7487829832631e-26 8.9457128637878e-26 9.1432165173615e-26 9.2705996809248e-26 9.3281335254139e-26 9.3157835381641e-26
 1  31 8.8567287373813e-26 8.8567287373813e-26 8.8567287373813e-26 8.8567287373813e-26 8.9365269483251e-26 9.1343097847035e-26 9.2618636626971e-26 9.3193531337602e-26 9.3069624708700e-26
0.40559724 0.40560547 0.40561369 24655.0 24654.0  1
1.0000000000000 
 1   1 8.4254905279712e-26 9.0331525484533e-26 9.5537742451031e-26 9.9867984849064e-26 1.0311512738720e-25 1.0311626137476e-25 1.0311626137476e-25 1.0311626137476e-25 1.0311626137476e-25
 1   2 8.8713590256852e-26 9.5104374317177e-26 1.0057723859559e-25 1.0512669804361e-25 1.0874695330100e-25 1.0958773111454e-25 1.0958773111454e-25 1.0958773111454e-25 1.0958773111454e-25
 1   3 8.5960884779987e-26 9.2148950076598e-26 9.7446231173842e-26 1.0184764977964e-25 1.0534788724587e-25 1.0705674485585e-25 1.0705674485585e-25 1.0705674485585e-25 1.0705674485585e-25
 1   4 8.5384523281110e-26 9.1516154208118e-26 9.6762824947912e-26 1.0111970989042e-25 1.0458221145569e-25 1.0696927990298e-25 1.0696927990298e-25 1.0696927990298e-25 1.0696927990298e-25
 1   5 8.6884918233913e-26 9.1490947637006e-26 9.6730044079515e-26 1.0107843027837e-25 1.0453135457921e-25 1.0708381264566e-25 1.0760830654002e-25 1.0760830654002e-25 1.0760830654002e-25
 1   6 8.9634455941206e-26 9.2200891636826e-26 9.7474124802413e-26 1.0184861120387e-25 1.0531982105397e-25 1.0788289176480e-25 1.0901404434717e-25 1.0901404434717e-25 1.0901404434717e-25
 1   7 9.0884005452100e-26 9.1562166985605e-26 9.6790675435652e-26 1.0112269277072e-25 1.0455499575446e-25 1.0708884163393e-25 1.0861080083914e-25 1.0861080083914e-25 1.0861080083914e-25
 1   8 9.2501632530990e-26 9.2501632530990e-26 9.6534344945262e-26 1.0084738647778e-25 1.0426500309013e-25 1.0678284988437e-25 1.0839658812551e-25 1.0868070131091e-25 1.0868070131091e-25
 1   9 9.4345730482412e-26 9.4345730482412e-26 9.6604682988319e-26 1.0091387882392e-25 1.0432761892448e-25 1.0684044905640e-25 1.0844606449541e-25 1.0903759924076e-25 1.0903759924076e-25
 1  10 9.5782905629232e-26 9.5782905629232e-26 9.6455668395918e-26 1.0074741684697e-25 1.0414313640622e-25 1.0663928952557e-25 1.0823144502539e-25 1.0892735592926e-25 1.0892735592926e-25
 1  11 9.7171713741801e-26 9.7171713741801e-26 9.7171713741801e-26 1.0058048648385e-25 1.0396174770183e-25 1.0644440390412e-25 1.0802472649036e-25 1.0869899302315e-25 1.0878852873589e-25
 1  12 9.7842590637885e-26 9.7842590637885e-26 9.7842590637885e-26 1.0055224156566e-25 1.0390697117272e-25 1.0636348403158e-25 1.0791834120172e-25 1.0856802978693e-25 1.0868290765625e-25
 1  13 9.6317328077640e-26 9.6317328077640e-26 9.6351569571308e-26 1.0059112378012e-25 1.0393539481721e-25 1.0638160318050e-25 1.0792639004815e-25 1.0856864608451e-25 1.0856864608451e-25
 1  14 9.4687214809735e-26 9.4687214809735e-26 9.6194623229023e-26 1.0042251708758e-25 1.0375520173013e-25 1.0618997161029e-25 1.0772378838097e-25 1.0834511495145e-25 1.0834511495145e-25
 1  15 9.2986640239257e-26 9.2986640239257e-26 9.6149041859844e-26 1.0036638470379e-25 1.0368844437603e-25 1.0611258928587e-25 1.0763606458312e-25 1.0805157241304e-25 1.0805157241304e-25
 1  16 9.1191963190951e-26 9.1191963190951e-26 9.6190937769482e-26 1.0039779739156e-25 1.0370934919001e-25 1.0612302936691e-25 1.0763639738382e-25 1.0766177651825e-25 1.0766177651825e-25
 1  17 8.9309248033028e-26 9.0962016400055e-26 9.6051697656735e-26 1.0024775974517e-25 1.0354832295774e-25 1.0595111931933e-25 1.0718315981591e-25 1.0718315981591e-25 1.0718315981591e-25
 1  18 8.7328578537390e-26 9.0901878081984e-26 9.5980897390491e-26 1.0016610031553e-25 1.0345569343113e-25 1.0584770458504e-25 1.0660448103813e-25 1.0660448103813e-25 1.0660448103813e-25
 1  19 8.5261744476783e-26 9.0937876023760e-26 9.6006898985484e-26 1.0018180357792e-25 1.0346090730868e-25 1.0584258931510e-25 1.0594088877946e-25 1.0594088877946e-25 1.0594088877946e-25
 1  20 8.4856510327557e-26 9.0808940406587e-26 9.5867856087963e-26 1.0003225280662e-25 1.0330073156706e-25 1.0518302764263e-25 1.0518302764263e-25 1.0518302764263e-25 1.0518302764263e-25
 1  21 8.4788920971716e-26 9.0732611951031e-26 9.5782178398085e-26 9.9936689703528e-26 1.0319509199850e-25 1.0433444750169e-25 1.0433444750169e-25 1.0433444750169e-25 1.0433444750169e-25
 1  22 8.4470467685040e-26 9.0430410431598e-26 9.5495600022360e-26 9.9665370855939e-26 1.0293902651607e-25 1.0409060320032e-25 1.0409060320032e-25 1.0409060320032e-25 1.0409060320032e-25
 1  23 8.6003994795862e-26 9.0335352692519e-26 9.5390749314700e-26 9.9550456008761e-26 1.0281388729200e-25 1.0518057477825e-25 1.0570533984355e-25 1.0570533984355e-25 1.0570533984355e-25
 1  24 8.8489781789875e-26 9.0258007345952e-26 9.5309471989559e-26 9.9464981697085e-26 1.0272389551905e-25 1.0508607170700e-25 1.0626530782674e-25 1.0626530782674e-25 1.0626530782674e-25
 1  25 9.0809649148807e-26 9.0809649148807e-26 9.5305096276725e-26 9.9457222510525e-26 1.0271237075426e-25 1.0507060263768e-25 1.0653112929989e-25 1.0666094622261e-25 1.0666094622261e-25
 1  26 9.2962912782342e-26 9.2962912782342e-26 9.5164500309297e-26 9.9313859366953e-26 1.0256609252312e-25 1.0492092860687e-25 1.0637811493618e-25 1.0689267411352e-25 1.0689267411352e-25
 1  27 9.4949948632004e-26 9.4949948632004e-26 9.5183537741611e-26 9.9331479314828e-26 1.0258169717790e-25 1.0493394481180e-25 1.0638849338747e-25 1.0696099686348e-25 1.0696099686348e-25
 1  28 9.6771101824441e-26 9.6771101824441e-26 9.6771101824441e-26 9.9177522015818e-26 1.0242669833598e-25 1.0477736824807e-25 1.0622979676005e-25 1.0678387293835e-25 1.0686593912440e-25
 1  29 9.8426606552733e-26 9.8426606552733e-26 9.8426606552733e-26 9.9132883581939e-26 1.0238238653982e-25 1.0473263736955e-25 1.0618383328637e-25 1.0673644267643e-25 1.0660826510528e-25
 1  30 9.9916703172937e-26 9.9916703172937e-26 9.9916703172937e-26 9.9916703172937e-26 1.0230073943613e-25 1.0465219820912e-25 1.0610246967957e-25 1.0665486952845e-25 1.0630801724918e-25
 1  31 1.0123516707947e-25 1.0123516707947e-25 1.0123516707947e-25 1.0123516707947e-25 1.0219326330077e-25 1.0454719342707e-25 1.0599963426500e-25 1.0655140549035e-25 1.0620467647060e-25
0.40561369 0.40562192 0.40563015 24654.0 24653.0  1
1.0000000000000 
 1   1 9.3683654315802e-26 1.0105581832008e-25 1.0734474071601e-25 1.1254332175547e-25 1.1640838273846e-25 1.1640973859314e-25 1.1640973859314e-25 1.1640973859314e-25 1.1640973859314e-25
 1   2 9.8635525270124e-26 1.0638957807121e-25 1.1300126783690e-25 1.1846364889344e-25 1.2276943660341e-25 1.2376624863882e-25 1.2376624863882e-25 1.2376624863882e-25 1.2376624863882e-25
 1   3 9.5570603438115e-26 1.0307949306100e-25 1.0947980508195e-25 1.1476513616907e-25 1.1892879333064e-25 1.2094517110819e-25 1.2094517110819e-25 1.2094517110819e-25 1.2094517110819e-25
 1   4 9.4939989263076e-26 1.0238114161870e-25 1.0872097019493e-25 1.1395344760141e-25 1.1807269435920e-25 1.2087244799349e-25 1.2087244799349e-25 1.2087244799349e-25 1.2087244799349e-25
 1   5 9.6762621569710e-26 1.0234821900186e-25 1.0867962895312e-25 1.1390254142112e-25 1.1801097831931e-25 1.2099866573832e-25 1.2160926873087e-25 1.2160926873087e-25 1.2160926873087e-25
 1   6 1.0002965819380e-25 1.0313809063512e-25 1.0951155673338e-25 1.1476650434971e-25 1.1889717726467e-25 1.2189768367339e-25 1.2320165842377e-25 1.2320165842377e-25 1.2320165842377e-25
 1   7 1.0161104697486e-25 1.0243125893809e-25 1.0875107016885e-25 1.1395580185817e-25 1.1804088107800e-25 1.2100758972731e-25 1.2273864637621e-25 1.2273864637621e-25 1.2273864637621e-25
 1   8 1.0359030514904e-25 1.0359030514904e-25 1.0846048585884e-25 1.1364305548711e-25 1.1771105093796e-25 1.2065936926742e-25 1.2248251310104e-25 1.2279942564376e-25 1.2279942564376e-25
 1   9 1.0581121976817e-25 1.0581121976817e-25 1.0853455250227e-25 1.1371311619625e-25 1.1777706873497e-25 1.2071974177857e-25 1.2253370277822e-25 1.2317350595021e-25 1.2317350595021e-25
 1  10 1.0756419195909e-25 1.0756419195909e-25 1.0837364952950e-25 1.1353183842542e-25 1.1757512034323e-25 1.2049867583583e-25 1.2229747591496e-25 1.2300890519196e-25 1.2300890519196e-25
 1  11 1.0925091215992e-25 1.0925091215992e-25 1.0925091215992e-25 1.1334296786838e-25 1.1736960975147e-25 1.2027778245642e-25 1.2206318422611e-25 1.2272106956916e-25 1.2280112662509e-25
 1  12 1.1006126952481e-25 1.1006126952481e-25 1.1006126952481e-25 1.1331058759341e-25 1.1730587225552e-25 1.2018320542945e-25 1.2193850722523e-25 1.2256745123382e-25 1.2265347405035e-25
 1  13 1.0822683511947e-25 1.0822683511947e-25 1.0826800379796e-25 1.1336537644847e-25 1.1734882819699e-25 1.2021436543521e-25 1.2195838898523e-25 1.2258072628374e-25 1.2258072628374e-25
 1  14 1.0626333567447e-25 1.0626333567447e-25 1.0808011931705e-25 1.1316414296193e-25 1.1713422105292e-25 1.1998679139001e-25 1.2171836572887e-25 1.2237344075495e-25 1.2237344075495e-25
 1  15 1.0420942537417e-25 1.0420942537417e-25 1.0802875707655e-25 1.1310078757048e-25 1.1705865064339e-25 1.1989920317762e-25 1.2161909251433e-25 1.2207601554177e-25 1.2207601554177e-25
 1  16 1.0203854179276e-25 1.0203854179276e-25 1.0808707115378e-25 1.1314718245246e-25 1.1709296609277e-25 1.1992172269128e-25 1.2163023517461e-25 1.2165884370838e-25 1.2165884370838e-25
 1  17 9.9757538159357e-26 1.0176056693128e-25 1.0792005450900e-25 1.1296771659653e-25 1.1690098939591e-25 1.1971737073897e-25 1.2113038085759e-25 1.2113038085759e-25 1.2113038085759e-25
 1  18 9.7355321117491e-26 1.0169222569239e-25 1.0783951674096e-25 1.1287463100971e-25 1.1679542994603e-25 1.1959950998935e-25 1.2047794358517e-25 1.2047794358517e-25 1.2047794358517e-25
 1  19 9.4845097924344e-26 1.0174324896922e-25 1.0787912002359e-25 1.1290235207496e-25 1.1681125646794e-25 1.1960358987934e-25 1.1971871426770e-25 1.1971871426770e-25 1.1971871426770e-25
 1  20 9.4354309344756e-26 1.0158992029374e-25 1.0771406320513e-25 1.1272526512769e-25 1.1662199148045e-25 1.1884215421653e-25 1.1884215421653e-25 1.1884215421653e-25 1.1884215421653e-25
 1  21 9.4277050279851e-26 1.0150257860039e-25 1.0761583769647e-25 1.1261572439543e-25 1.1650088900554e-25 1.1785229401785e-25 1.1785229401785e-25 1.1785229401785e-25 1.1785229401785e-25
 1  22 9.3905607727057e-26 1.0115130130449e-25 1.0728415866368e-25 1.1230334780291e-25 1.1620798741663e-25 1.1757441776398e-25 1.1757441776398e-25 1.1757441776398e-25 1.1757441776398e-25
 1  23 9.5786658881508e-26 1.0104790505912e-25 1.0716935475007e-25 1.1217693284285e-25 1.1606975186894e-25 1.1884701064148e-25 1.1945903111846e-25 1.1945903111846e-25 1.1945903111846e-25
 1  24 9.8815108222603e-26 1.0095934309656e-25 1.0707585008090e-25 1.1207836220755e-25 1.1596627550489e-25 1.1873845598535e-25 1.2009403949526e-25 1.2009403949526e-25 1.2009403949526e-25
 1  25 1.0163757242280e-25 1.0163757242280e-25 1.0707833992313e-25 1.1207656261861e-25 1.1596019881072e-25 1.1872797892645e-25 1.2037915108274e-25 1.2052501639450e-25 1.2052501639450e-25
 1  26 1.0425314552465e-25 1.0425314552465e-25 1.0691160677524e-25 1.1190656309354e-25 1.1578619335137e-25 1.1855011544423e-25 1.2019773772644e-25 1.2075225763901e-25 1.2075225763901e-25
 1  27 1.0666205555826e-25 1.0666205555826e-25 1.0694338307858e-25 1.1193693423839e-25 1.1581393906852e-25 1.1857487828108e-25 1.2021941907538e-25 1.2077647813399e-25 1.2077647813399e-25
 1  28 1.0886525778488e-25 1.0886525778488e-25 1.0886525778488e-25 1.1175395548623e-25 1.1562981400286e-25 1.1838871943340e-25 1.2003089364499e-25 1.2055613942240e-25 1.2059775183515e-25
 1  29 1.1086273987856e-25 1.1086273987856e-25 1.1086273987856e-25 1.1170717849974e-25 1.1558348075063e-25 1.1834165895002e-25 1.1998250195883e-25 1.2050608373277e-25 1.2021699086291e-25
 1  30 1.1265546326353e-25 1.1265546326353e-25 1.1265546326353e-25 1.1265546326353e-25 1.1549060470499e-25 1.1824997852169e-25 1.1989042710005e-25 1.2041376235496e-25 1.1981934333692e-25
 1  31 1.1423468884007e-25 1.1423468884007e-25 1.1423468884007e-25 1.1423468884007e-25 1.1536672889097e-25 1.1812846929039e-25 1.1977087769506e-25 1.2029413899425e-25 1.1969975695407e-25
0.40563015 0.40563838 0.40564660 24653.0 24652.0  1
1.0000000000000 
 1   1 1.0331705729001e-25 1.1208876531074e-25 1.1954638513776e-25 1.2568127011601e-25 1.3021121758258e-25 1.3021279530439e-25 1.3021279530439e-25 1.3021279530439e-25 1.3021279530439e-25
 1   2 1.0877218452401e-25 1.1799897284241e-25 1.2584007767699e-25 1.3228677225397e-25 1.3733009560652e-25 1.3849466384380e-25 1.3849466384380e-25 1.3849466384380e-25 1.3849466384380e-25
 1   3 1.0538782332919e-25 1.1432358360333e-25 1.2191470581261e-25 1.2815316576252e-25 1.3303063110974e-25 1.3537718415398e-25 1.3537718415398e-25 1.3537718415398e-25 1.3537718415398e-25
 1   4 1.0470299345585e-25 1.1355881993357e-25 1.2107883372782e-25 1.2725555298594e-25 1.3208148352934e-25 1.3532362789409e-25 1.3532362789409e-25 1.3532362789409e-25 1.3532362789409e-25
 1   5 1.0687376610369e-25 1.1351747869176e-25 1.2102814941466e-25 1.2719419439865e-25 1.3200808248730e-25 1.3546209763486e-25 1.3616482478999e-25 1.3616482478999e-25 1.3616482478999e-25
 1   6 1.1069536578118e-25 1.1438912068822e-25 1.2195029083500e-25 1.2815474348433e-25 1.3299535423613e-25 1.3646462891183e-25 1.3795287663928e-25 1.3795287663928e-25 1.3795287663928e-25
 1   7 1.1263951348210e-25 1.1361309109866e-25 1.2111106609137e-25 1.2725676092920e-25 1.3204478917129e-25 1.3547542198858e-25 1.3742828413731e-25 1.3742828413731e-25 1.3742828413731e-25
 1   8 1.1501066912582e-25 1.1501066912582e-25 1.2078484745515e-25 1.2690495361737e-25 1.3167326033684e-25 1.3508306229585e-25 1.3712769115457e-25 1.3747905473213e-25 1.3747905473213e-25
 1   9 1.1763784711115e-25 1.1763784711115e-25 1.2086229140933e-25 1.2697829302966e-25 1.3174218705843e-25 1.3514586301948e-25 1.3718022436048e-25 1.3786941762070e-25 1.3786941762070e-25
 1  10 1.1973288911209e-25 1.1973288911209e-25 1.2068980204203e-25 1.2678242133208e-25 1.3152257557799e-25 1.3490473042746e-25 1.3692215591090e-25 1.3764566462051e-25 1.3764566462051e-25
 1  11 1.2174195760032e-25 1.2174195760032e-25 1.2174195760032e-25 1.2657078474235e-25 1.3129195702273e-25 1.3465663367277e-25 1.3665912010282e-25 1.3729369707131e-25 1.3736251285934e-25
 1  12 1.2270301205000e-25 1.2270301205000e-25 1.2270301205000e-25 1.2653411503621e-25 1.3121882715162e-25 1.3454754900072e-25 1.3651506670595e-25 1.3711600615241e-25 1.3716902007043e-25
 1  13 1.2053514832675e-25 1.2053514832675e-25 1.2058379885789e-25 1.2660646837236e-25 1.3127783148214e-25 1.3459345084464e-25 1.3654829747159e-25 1.3714362861004e-25 1.3714362861004e-25
 1  14 1.1821205156848e-25 1.1821205156848e-25 1.2036270826325e-25 1.2637020453125e-25 1.3102654230598e-25 1.3432744448221e-25 1.3626827650214e-25 1.3695637275267e-25 1.3695637275267e-25
 1  15 1.1577675167241e-25 1.1577675167241e-25 1.2030534328430e-25 1.2629926867954e-25 1.3094193697389e-25 1.3422923129951e-25 1.3615697315879e-25 1.3665700003914e-25 1.3665700003914e-25
 1  16 1.1319970333242e-25 1.1319970333242e-25 1.2038173953259e-25 1.2636220498863e-25 1.3099138869189e-25 1.3426535866378e-25 1.3618034316311e-25 1.3621237831143e-25 1.3621237831143e-25
 1  17 1.1048853631260e-25 1.1286994714809e-25 1.2018484478102e-25 1.2615130795600e-25 1.3076627983701e-25 1.3402624752784e-25 1.3563204785612e-25 1.3563204785612e-25 1.3563204785612e-25
 1  18 1.0763097396509e-25 1.1279300855792e-25 1.2009406414716e-25 1.2604642643346e-25 1.3064719881818e-25 1.3389328748745e-25 1.3490184615478e-25 1.3490184615478e-25 1.3490184615478e-25
 1  19 1.0464168417237e-25 1.1286062872864e-25 1.2014870509080e-25 1.2608774302337e-25 1.3067501849104e-25 1.3390786908825e-25 1.3404105099576e-25 1.3404105099576e-25 1.3404105099576e-25
 1  20 1.0405859270390e-25 1.1268113822080e-25 1.1995597651090e-25 1.2588128333333e-25 1.3045470443135e-25 1.3303786644335e-25 1.3303786644335e-25 1.3303786644335e-25 1.3303786644335e-25
 1  21 1.0397128798840e-25 1.1258224711076e-25 1.1984471014540e-25 1.2575705006671e-25 1.3031734402623e-25 1.3189687775156e-25 1.3189687775156e-25 1.3189687775156e-25 1.3189687775156e-25
 1  22 1.0354356514040e-25 1.1217894197297e-25 1.1946531735380e-25 1.2540134775417e-25 1.2998543080036e-25 1.3158286180748e-25 1.3158286180748e-25 1.3158286180748e-25 1.3158286180748e-25
 1  23 1.0580113713972e-25 1.1206752769606e-25 1.1934036918198e-25 1.2526306290267e-25 1.2983399415846e-25 1.3305167150919e-25 1.3375712269964e-25 1.3375712269964e-25 1.3375712269964e-25
 1  24 1.0941659760192e-25 1.1196710816801e-25 1.1923429204213e-25 1.2515109395794e-25 1.2971630597216e-25 1.3292846129656e-25 1.3447199091714e-25 1.3447199091714e-25 1.3447199091714e-25
 1  25 1.1278218637238e-25 1.1278218637238e-25 1.1924446095224e-25 1.2515634481334e-25 1.2971662644690e-25 1.3292396232421e-25 1.3477760056221e-25 1.3494045103533e-25 1.3494045103533e-25
 1  26 1.1589765693208e-25 1.1589765693208e-25 1.1904964928651e-25 1.2495762582093e-25 1.2951322359287e-25 1.3271596189022e-25 1.3456565582369e-25 1.3516129511093e-25 1.3516129511093e-25
 1  27 1.1876374883812e-25 1.1876374883812e-25 1.1909653720656e-25 1.2500209785446e-25 1.2955468809420e-25 1.3275388884343e-25 1.3459987266545e-25 1.3513611319172e-25 1.3513611319172e-25
 1  28 1.2137983346696e-25 1.2137983346696e-25 1.2137983346696e-25 1.2478832887510e-25 1.2933929208922e-25 1.3253626184120e-25 1.3437942302029e-25 1.3486894818984e-25 1.3486509016697e-25
 1  29 1.2374678596118e-25 1.2374678596118e-25 1.2374678596118e-25 1.2473998649275e-25 1.2929107296639e-25 1.3248730316127e-25 1.3432884964070e-25 1.3481630405037e-25 1.3434922443877e-25
 1  30 1.2586505005502e-25 1.2586505005502e-25 1.2586505005502e-25 1.2586505005502e-25 1.2918629005147e-25 1.3238378981936e-25 1.3422557049187e-25 1.3471234697420e-25 1.3384409461444e-25
 1  31 1.2772567710760e-25 1.2772567710760e-25 1.2772567710760e-25 1.2772567710760e-25 1.2904489906016e-25 1.3224472843291e-25 1.3408851823554e-25 1.3457576310403e-25 1.3370759702593e-25
0.40564660 0.40565483 0.40566306 24652.0 24651.0  1
1.0000000000000 
 1   1 1.1348715685071e-25 1.2373362184482e-25 1.3242265354489e-25 1.3954407071487e-25 1.4477460062099e-25 1.4477641253588e-25 1.4477641253588e-25 1.4477641253588e-25 1.4477641253588e-25
 1   2 1.1947357574140e-25 1.3025223834965e-25 1.3938875139821e-25 1.4687256387247e-25 1.5269296452047e-25 1.5403427457838e-25 1.5403427457838e-25 1.5403427457838e-25 1.5403427457838e-25
 1   3 1.1575201348746e-25 1.2619130566909e-25 1.3503717277788e-25 1.4227986498608e-25 1.4790939827287e-25 1.5060382665036e-25 1.5060382665036e-25 1.5060382665036e-25 1.5060382665036e-25
 1   4 1.1500995422063e-25 1.2535640733447e-25 1.3412003569390e-25 1.4129154553136e-25 1.4686201285787e-25 1.5057021378023e-25 1.5057021378023e-25 1.5057021378023e-25 1.5057021378023e-25
 1   5 1.1754754718940e-25 1.2530616675557e-25 1.3405947829347e-25 1.4121919219521e-25 1.4677627353823e-25 1.5072153948856e-25 1.5152128420909e-25 1.5152128420909e-25 1.5152128420909e-25
 1   6 1.2195366814575e-25 1.2626415204330e-25 1.3507688699408e-25 1.4228178783454e-25 1.4787020174664e-25 1.5183324171925e-25 1.5351557388129e-25 1.5351557388129e-25 1.5351557388129e-25
 1   7 1.2427992034764e-25 1.2541509119025e-25 1.3415448672874e-25 1.4129179205039e-25 1.4682017857799e-25 1.5073943677035e-25 1.5292581407298e-25 1.5292581407298e-25 1.5292581407298e-25
 1   8 1.2706397071953e-25 1.2706397071953e-25 1.3379066161406e-25 1.4089876675627e-25 1.4640469539997e-25 1.5030050963230e-25 1.5257824688852e-25 1.5296584876392e-25 1.5296584876392e-25
 1   9 1.3011925365736e-25 1.3011925365736e-25 1.3387168009422e-25 1.4097552045716e-25 1.4647678989113e-25 1.5036586182792e-25 1.5263217292696e-25 1.5337325844361e-25 1.5337325844361e-25
 1  10 1.3257468183247e-25 1.3257468183247e-25 1.3368695105693e-25 1.4076414271241e-25 1.4623862785347e-25 1.5010354092503e-25 1.5235104262186e-25 1.5308696356477e-25 1.5308696356477e-25
 1  11 1.3492337959230e-25 1.3492337959230e-25 1.3492337959230e-25 1.4052845819102e-25 1.4598148385027e-25 1.4982681098467e-25 1.5205766032083e-25 1.5266731421510e-25 1.5272422313384e-25
 1  12 1.3604320462512e-25 1.3604320462512e-25 1.3604320462512e-25 1.4048728951253e-25 1.4589841926214e-25 1.4970245445853e-25 1.5189314584424e-25 1.5246420718391e-25 1.5248230168092e-25
 1  13 1.3352402662810e-25 1.3352402662810e-25 1.3358055344234e-25 1.4057811945020e-25 1.4597439642807e-25 1.4976380071987e-25 1.5194044052069e-25 1.5250697823611e-25 1.5250697823611e-25
 1  14 1.3082201779035e-25 1.3082201779035e-25 1.3332444481908e-25 1.4030497636177e-25 1.4568432980803e-25 1.4945725430248e-25 1.5161828944852e-25 1.5234097231937e-25 1.5234097231937e-25
 1  15 1.2798483024091e-25 1.2798483024091e-25 1.3326070732313e-25 1.4022611492315e-25 1.4559012255962e-25 1.4934786148164e-25 1.5149430270094e-25 1.5203966443143e-25 1.5203966443143e-25
 1  16 1.2497980020794e-25 1.2497980020794e-25 1.3335615949266e-25 1.4030654175762e-25 1.4565546242928e-25 1.4939831160172e-25 1.5153060262853e-25 1.5156624928068e-25 1.5156624928068e-25
 1  17 1.2181534631640e-25 1.2459544005782e-25 1.3312783356440e-25 1.4006245093722e-25 1.4539540950150e-25 1.4912256773749e-25 1.5093137648935e-25 1.5093137648935e-25 1.5093137648935e-25
 1  18 1.1847798397521e-25 1.2450942956725e-25 1.3302629237476e-25 1.3994503392186e-25 1.4526205503066e-25 1.4897370721948e-25 1.5011931814314e-25 1.5011931814314e-25 1.5011931814314e-25
 1  19 1.1498389715885e-25 1.2459452793740e-25 1.3309687077387e-25 1.4000059931187e-25 1.4530248415205e-25 1.4899936985080e-25 1.4915157070171e-25 1.4915157070171e-25 1.4915157070171e-25
 1  20 1.1430352928000e-25 1.2438751357954e-25 1.3287490503667e-25 1.3976315217940e-25 1.4504948166860e-25 1.4801505633036e-25 1.4801505633036e-25 1.4801505633036e-25 1.4801505633036e-25
 1  21 1.1420558726824e-25 1.2427648140713e-25 1.3274979662748e-25 1.3962342519156e-25 1.4489500051665e-25 1.4671489029904e-25 1.4671489029904e-25 1.4671489029904e-25 1.4671489029904e-25
 1  22 1.1371853961497e-25 1.2381831345857e-25 1.3232007697531e-25 1.3922204290222e-25 1.4452206652371e-25 1.4636289809794e-25 1.4636289809794e-25 1.4636289809794e-25 1.4636289809794e-25
 1  23 1.1637268678249e-25 1.2369825868955e-25 1.3218450383318e-25 1.3907107464648e-25 1.4435635642980e-25 1.4803820446755e-25 1.4884211535973e-25 1.4884211535973e-25 1.4884211535973e-25
 1  24 1.2060667582414e-25 1.2358534064654e-25 1.3206511466555e-25 1.3894506644283e-25 1.4422363058250e-25 1.4789935262228e-25 1.4964097261173e-25 1.4964097261173e-25 1.4964097261173e-25
 1  25 1.2454511319726e-25 1.2454511319726e-25 1.3208341870375e-25 1.3895784845468e-25 1.4423068102684e-25 1.4790100429980e-25 1.4996756102649e-25 1.5014827180355e-25 1.5014827180355e-25
 1  26 1.2818732097452e-25 1.2818732097452e-25 1.3185914801358e-25 1.3872889390289e-25 1.4399670981273e-25 1.4766163431887e-25 1.4972361811751e-25 1.5036215171648e-25 1.5036215171648e-25
 1  27 1.3153411266873e-25 1.3153411266873e-25 1.3192115987630e-25 1.3878795986317e-25 1.4405247241797e-25 1.4771351424934e-25 1.4977122094276e-25 1.5028473241420e-25 1.5028473241420e-25
 1  28 1.3458522943490e-25 1.3458522943490e-25 1.3458522943490e-25 1.3854158874171e-25 1.4380400588473e-25 1.4746258252577e-25 1.4951719540532e-25 1.4996831290955e-25 1.4991619878599e-25
 1  29 1.3734141083013e-25 1.3734141083013e-25 1.3734141083013e-25 1.3849142211852e-25 1.4375372832797e-25 1.4741150378216e-25 1.4946439102848e-25 1.4991310497213e-25 1.4925772179726e-25
 1  30 1.3980284174369e-25 1.3980284174369e-25 1.3980284174369e-25 1.3980284174369e-25 1.4363730971469e-25 1.4729612054882e-25 1.4934906942490e-25 1.4979733963429e-25 1.4864033953132e-25
 1  31 1.4195988328140e-25 1.4195988328140e-25 1.4195988328140e-25 1.4195988328140e-25 1.4347680117238e-25 1.4713876745013e-25 1.4919382406394e-25 1.4964251335569e-25 1.4848590768317e-25
0.40566306 0.40567129 0.40567951 24651.0 24650.0  1
1.0000000000000 
 1   1 1.2452488631061e-25 1.3629258327878e-25 1.4625267943834e-25 1.5439321861620e-25 1.6034861308661e-25 1.6035068384648e-25 1.6035068384648e-25 1.6035068384648e-25 1.6035068384648e-25
 1   2 1.3108860347250e-25 1.4346800044291e-25 1.5394148481440e-25 1.6249671830938e-25 1.6912121473883e-25 1.7064551587484e-25 1.7064551587484e-25 1.7064551587484e-25 1.7064551587484e-25
 1   3 1.2700153977446e-25 1.3899170784385e-25 1.4913253943237e-25 1.5741260838284e-25 1.6382027899692e-25 1.6687517983024e-25 1.6687517983024e-25 1.6687517983024e-25 1.6687517983024e-25
 1   4 1.2619606348642e-25 1.3808009278620e-25 1.4812713620866e-25 1.5632622365684e-25 1.6266698900539e-25 1.6685871235885e-25 1.6685871235885e-25 1.6685871235885e-25 1.6685871235885e-25
 1   5 1.2911201386686e-25 1.3802076798094e-25 1.4805650850574e-25 1.5624257974898e-25 1.6256849232580e-25 1.6702355963613e-25 1.6792410598920e-25 1.6792410598920e-25 1.6792410598920e-25
 1   6 1.3412550841643e-25 1.3907231956760e-25 1.4917674029496e-25 1.5741497496556e-25 1.6377685466928e-25 1.6825225979982e-25 1.7013670059097e-25 1.7013670059097e-25 1.7013670059097e-25
 1   7 1.3684163046881e-25 1.3814357143717e-25 1.4816417569335e-25 1.5632574294472e-25 1.6261975595869e-25 1.6704598054217e-25 1.6947646099116e-25 1.6947646099116e-25 1.6947646099116e-25
 1   8 1.4005037150461e-25 1.4005037150461e-25 1.4776020495417e-25 1.5588880028489e-25 1.6215755742394e-25 1.6655755238233e-25 1.6907947906656e-25 1.6950522976230e-25 1.6950522976230e-25
 1   9 1.4354804517289e-25 1.4354804517289e-25 1.4784557449526e-25 1.5596972015743e-25 1.6223358389368e-25 1.6662609699942e-25 1.6913534027941e-25 1.6993208979368e-25 1.6993208979368e-25
 1  10 1.4637426262536e-25 1.4637426262536e-25 1.4764697876237e-25 1.5574104910253e-25 1.6197502240604e-25 1.6634052935173e-25 1.6882890479559e-25 1.6958131786180e-25 1.6958131786180e-25
 1  11 1.4907272158904e-25 1.4907272158904e-25 1.4907272158904e-25 1.5547964032007e-25 1.6168960266977e-25 1.6603329268105e-25 1.6850320384934e-25 1.6909149686941e-25 1.6913690567527e-25
 1  12 1.5035628456349e-25 1.5035628456349e-25 1.5035628456349e-25 1.5543362754258e-25 1.6159602404489e-25 1.6589290009182e-25 1.6831721756499e-25 1.6886174113077e-25 1.6884526133342e-25
 1  13 1.4747419357222e-25 1.4747419357222e-25 1.4753886784050e-25 1.5554318060079e-25 1.6168909730575e-25 1.6596965379271e-25 1.6837848987061e-25 1.6891953751803e-25 1.6891953751803e-25
 1  14 1.4438084809572e-25 1.4438084809572e-25 1.4724639765989e-25 1.5523171612870e-25 1.6135863854218e-25 1.6562087866499e-25 1.6801239678083e-25 1.6877341336128e-25 1.6877341336128e-25
 1  15 1.4112883064370e-25 1.4112883064370e-25 1.4717586856458e-25 1.5514437443535e-25 1.6125410214628e-25 1.6549951734510e-25 1.6787492544214e-25 1.6846827210238e-25 1.6846827210238e-25
 1  16 1.3768211245952e-25 1.3768211245952e-25 1.4729064782629e-25 1.5524246435853e-25 1.6133526853786e-25 1.6556424091718e-25 1.6792400738159e-25 1.6796343810090e-25 1.6796343810090e-25
 1  17 1.3404998731070e-25 1.3724129945087e-25 1.4702968277808e-25 1.5496378691781e-25 1.6103886637867e-25 1.6525039753642e-25 1.6727068264065e-25 1.6727068264065e-25 1.6727068264065e-25
 1  18 1.3021767638124e-25 1.3714567471802e-25 1.4691675240912e-25 1.5483299624491e-25 1.6089035098731e-25 1.6508465046466e-25 1.6637263845576e-25 1.6637263845576e-25 1.6637263845576e-25
 1  19 1.2620296601934e-25 1.3724846082878e-25 1.4700334221942e-25 1.5490273647932e-25 1.6094330327558e-25 1.6512120923724e-25 1.6529313161077e-25 1.6529313161077e-25 1.6529313161077e-25
 1  20 1.2542211698269e-25 1.3701280095929e-25 1.4675083277404e-25 1.5463294604973e-25 1.6065615790608e-25 1.6401771609035e-25 1.6401771609035e-25 1.6401771609035e-25 1.6401771609035e-25
 1  21 1.2531284742136e-25 1.3688883886361e-25 1.4661101950454e-25 1.5447683787216e-25 1.6048359458306e-25 1.6255211113607e-25 1.6255211113607e-25 1.6255211113607e-25 1.6255211113607e-25
 1  22 1.2476361534206e-25 1.3637310872087e-25 1.4612839686791e-25 1.5402731041570e-25 1.6006750743341e-25 1.6216028145925e-25 1.6216028145925e-25 1.6216028145925e-25 1.6216028145925e-25
 1  23 1.2782587476851e-25 1.3624332877601e-25 1.4598117570148e-25 1.5386242616056e-25 1.5988599546950e-25 1.6404913494109e-25 1.6495527727621e-25 1.6495527727621e-25 1.6495527727621e-25
 1  24 1.3269707853230e-25 1.3611724661664e-25 1.4584758703756e-25 1.5372147890351e-25 1.5973731984077e-25 1.6389360608325e-25 1.6584157482918e-25 1.6584157482918e-25 1.6584157482918e-25
 1  25 1.3722569479609e-25 1.3722569479609e-25 1.4587393992217e-25 1.5374158253064e-25 1.5975080443187e-25 1.6390100165424e-25 1.6618986924478e-25 1.6638926616453e-25 1.6638926616453e-25
 1  26 1.4141072515780e-25 1.4141072515780e-25 1.4561892830861e-25 1.5348128308382e-25 1.5948534041131e-25 1.6362948559142e-25 1.6591290511134e-25 1.6659704473139e-25 1.6659704473139e-25
 1  27 1.4525295847834e-25 1.4525295847834e-25 1.4569602713614e-25 1.5355516483797e-25 1.5955521623118e-25 1.6369539245486e-25 1.6597411578720e-25 1.6646693198584e-25 1.6646693198584e-25
 1  28 1.4875255499508e-25 1.4875255499508e-25 1.4875255499508e-25 1.5327474943807e-25 1.5927237261880e-25 1.6340954131028e-25 1.6568522013257e-25 1.6609982816802e-25 1.6599914979499e-25
 1  29 1.5191013100560e-25 1.5191013100560e-25 1.5191013100560e-25 1.5322217925431e-25 1.5921961754577e-25 1.6335556596803e-25 1.6562979032803e-25 1.6604183456554e-25 1.6519505401354e-25
 1  30 1.5472603163655e-25 1.5472603163655e-25 1.5472603163655e-25 1.5472603163655e-25 1.5909114415178e-25 1.6322765956782e-25 1.6550136623785e-25 1.6591341047536e-25 1.6446296644159e-25
 1  31 1.5718894166431e-25 1.5718894166431e-25 1.5718894166431e-25 1.5718894166431e-25 1.5891048267853e-25 1.6305120124409e-25 1.6532689239233e-25 1.6573949129766e-25 1.6428958960577e-25
