-----------------------------------------------------------------------------------------------
Content :
Spectral range definition: line 1 (3 values)  ==> max, min and step of the wavenumber (in cm-1)
Temperatures definition :  line 2 (1 value)   ==> NT = number of T values
Temperatures definition :  line 3 (NT values) ==> list of T values (in K)
Pressures definition :     line 4 (1 value)   ==> NP = number of P values
Pressures definition :     line 5 (NP values) ==> list of P values (in mbar)
For each spectral range: 
    First line of the block (6 values): 
    --> min, mean and max wavelengths (in microns), min and max wavenumbers (in cm-1)
        of the spectral range, nmaxai (number of exponentials for the CKD expansion) 
    If nmaxai not null, second line of the block (nmaxnai values): 
    --> coefs kdis_ai for nai = 1 to nmaxai 
    If nmaxai not null, following lines of the block : 
    --> for nai = 1 to nmaxai 
    -->     for pressure index ip = 1 to NP 
    -->         line : nai, ip, kdis_ki(T,P,nai) for temperature index it = 1 to IT 
-----------------------------------------------------------------------------------------------
11050 11000  1
9
  160.00  180.00  200.00  220.00  240.00  260.00  280.00  300.00  320.00
31
    0.007    0.011    0.017    0.028    0.044    0.069    0.110    0.174    0.276    0.438    0.694    1.100    1.743    2.763    4.379    6.941   11.000   17.434   27.631   43.792   69.405  110.000  174.338  219.479  276.308  347.851  437.918  551.306  694.053  873.761 1098.900
0.90497738 0.90501833 0.90505928 11050.0 11049.0  0
0.90505928 0.90510024 0.90514120 11049.0 11048.0  0
0.90514120 0.90518217 0.90522314 11048.0 11047.0  0
0.90522314 0.90526412 0.90530509 11047.0 11046.0  0
0.90530509 0.90534607 0.90538705 11046.0 11045.0  0
0.90538705 0.90542804 0.90546903 11045.0 11044.0  0
0.90546903 0.90551003 0.90555103 11044.0 11043.0  0
0.90555103 0.90559204 0.90563304 11043.0 11042.0  0
0.90563304 0.90567405 0.90571506 11042.0 11041.0  0
0.90571506 0.90575608 0.90579710 11041.0 11040.0  0
0.90579710 0.90583813 0.90587916 11040.0 11039.0  0
0.90587916 0.90592019 0.90596122 11039.0 11038.0  0
0.90596122 0.90600226 0.90604331 11038.0 11037.0  0
0.90604331 0.90608436 0.90612541 11037.0 11036.0  0
0.90612541 0.90616647 0.90620752 11036.0 11035.0  0
0.90620752 0.90624858 0.90628965 11035.0 11034.0  0
0.90628965 0.90633072 0.90637179 11034.0 11033.0  0
0.90637179 0.90641287 0.90645395 11033.0 11032.0  0
0.90645395 0.90649504 0.90653613 11032.0 11031.0  0
0.90653613 0.90657722 0.90661831 11031.0 11030.0  0
0.90661831 0.90665942 0.90670052 11030.0 11029.0  0
0.90670052 0.90674162 0.90678273 11029.0 11028.0  0
0.90678273 0.90682385 0.90686497 11028.0 11027.0  0
0.90686497 0.90690610 0.90694722 11027.0 11026.0  0
0.90694722 0.90698835 0.90702948 11026.0 11025.0  0
0.90702948 0.90707062 0.90711176 11025.0 11024.0  0
0.90711176 0.90715290 0.90719405 11024.0 11023.0  0
0.90719405 0.90723520 0.90727636 11023.0 11022.0  0
0.90727636 0.90731752 0.90735868 11022.0 11021.0  0
0.90735868 0.90739985 0.90744102 11021.0 11020.0  0
0.90744102 0.90748220 0.90752337 11020.0 11019.0  0
0.90752337 0.90756456 0.90760574 11019.0 11018.0  0
0.90760574 0.90764693 0.90768812 11018.0 11017.0  0
0.90768812 0.90772932 0.90777052 11017.0 11016.0  0
0.90777052 0.90781172 0.90785293 11016.0 11015.0  0
0.90785293 0.90789414 0.90793536 11015.0 11014.0  0
0.90793536 0.90797658 0.90801780 11014.0 11013.0  0
0.90801780 0.90805902 0.90810025 11013.0 11012.0  0
0.90810025 0.90814149 0.90818273 11012.0 11011.0  0
0.90818273 0.90822397 0.90826521 11011.0 11010.0  0
0.90826521 0.90830646 0.90834772 11010.0 11009.0  0
0.90834772 0.90838898 0.90843023 11009.0 11008.0  0
0.90843023 0.90847150 0.90851276 11008.0 11007.0  0
0.90851276 0.90855404 0.90859531 11007.0 11006.0  0
0.90859531 0.90863659 0.90867787 11006.0 11005.0  0
0.90867787 0.90871916 0.90876045 11005.0 11004.0  0
0.90876045 0.90880175 0.90884304 11004.0 11003.0  1
1.0000000000000 
 1   1 3.6950590335174e-37 3.2910841923272e-37 2.9680113561569e-37 2.7039434988914e-37 2.4983696510586e-37 2.4982779500871e-37 2.4982779500871e-37 2.4982779500871e-37 2.4982779500871e-37
 1   2 6.1904151081506e-37 5.5106351337576e-37 4.9679075301618e-37 4.5243976872418e-37 4.1551835678615e-37 4.0678290878808e-37 4.0678290878808e-37 4.0678290878808e-37 4.0678290878808e-37
 1   3 9.4996565412513e-37 8.4546161270173e-37 7.6204224785814e-37 6.9389833668068e-37 6.3717597208080e-37 6.0784121244940e-37 6.0784121244940e-37 6.0784121244940e-37 6.0784121244940e-37
 1   4 1.4940333923099e-36 1.3302898955123e-36 1.1993957942608e-36 1.0923553353547e-36 1.0032109600299e-36 9.3451191045280e-37 9.3451191045280e-37 9.3451191045280e-37 9.3451191045280e-37
 1   5 2.3011842673034e-36 2.1102771042423e-36 1.9020114181115e-36 1.7318144149974e-36 1.5901129618905e-36 1.4702692537001e-36 1.4445565703393e-36 1.4445565703393e-36 1.4445565703393e-36
 1   6 3.5384887499275e-36 3.3735145319250e-36 3.0398499869173e-36 2.7673408870689e-36 2.5404812034592e-36 2.3486867157897e-36 2.2526712696269e-36 2.2526712696269e-36 2.2526712696269e-36
 1   7 5.3652076168237e-36 5.2972977785417e-36 4.7747972120239e-36 4.3474690705129e-36 3.9912359523243e-36 3.6901751608472e-36 3.4609548386341e-36 3.4609548386341e-36 3.4609548386341e-36
 1   8 8.1887961309935e-36 8.1887961309935e-36 7.5542795767695e-36 6.8767180035806e-36 6.3125345250470e-36 5.8354627543377e-36 5.4266416176969e-36 5.3482097991891e-36 5.3482097991891e-36
 1   9 1.2555507966543e-35 1.2555507966543e-35 1.1994604737138e-35 1.0916214226601e-35 1.0019143576185e-35 9.2607445249681e-36 8.6107414927396e-36 8.2968922496900e-36 8.2968922496900e-36
 1  10 1.9212993116850e-35 1.9212993116850e-35 1.8947658844505e-35 1.7246261350286e-35 1.5829980068256e-35 1.4631809524531e-35 1.3605085807625e-35 1.2835151357133e-35 1.2835151357133e-35
 1  11 2.9446690240794e-35 2.9446690240794e-35 2.9446690240794e-35 2.7296875803061e-35 2.5051606976650e-35 2.3152671330195e-35 2.1525798341108e-35 2.0115870927468e-35 1.9878091608760e-35
 1  12 4.5986062208700e-35 4.5986062208700e-35 4.5986062208700e-35 4.3246193228715e-35 3.9681561137173e-35 3.6667962111593e-35 3.4086446225577e-35 3.1849698011293e-35 3.1172893363483e-35
 1  13 7.5188349495625e-35 7.5188349495625e-35 7.5133833649218e-35 6.8381973177312e-35 6.2759402322225e-35 5.8000613185125e-35 5.3922181581593e-35 5.0411012098110e-35 5.0411012098110e-35
 1  14 1.2304934815276e-34 1.2304934815276e-34 1.1924715198195e-34 1.0848517977594e-34 9.9528911533694e-35 9.1954899522152e-35 8.5466302719139e-35 8.1549920588296e-35 8.1549920588296e-35
 1  15 2.0165102789015e-34 2.0165102789015e-34 1.8893818275981e-34 1.7186805328158e-34 1.5765962117856e-34 1.4564663140557e-34 1.3535416817367e-34 1.3201902437744e-34 1.3201902437744e-34
 1  16 3.3085734912958e-34 3.3085734912958e-34 2.9865096205121e-34 2.7175266665077e-34 2.4933390012305e-34 2.3036711510154e-34 2.1410417371679e-34 2.1382949374778e-34 2.1382949374778e-34
 1  17 5.4358467917022e-34 5.2642934931042e-34 4.7395900082731e-34 4.3109602277477e-34 3.9540333067350e-34 3.6522143414905e-34 3.4654214014827e-34 3.4654214014827e-34 3.4654214014827e-34
 1  18 8.9428028626209e-34 8.3421307594805e-34 7.5094500506214e-34 6.8292383059036e-34 6.2629893609655e-34 5.7841618390626e-34 5.6190907489610e-34 5.6190907489610e-34 5.6190907489610e-34
 1  19 1.4735446168931e-33 1.3182485888381e-33 1.1871424896485e-33 1.0798801913394e-33 9.9051754958643e-34 9.1488615121903e-34 9.1173821408173e-34 9.1173821408173e-34 9.1173821408173e-34
 1  20 2.3533196702081e-33 2.0918254417379e-33 1.8830008906952e-33 1.7123176415879e-33 1.5701809054483e-33 1.4802742302161e-33 1.4802742302161e-33 1.4802742302161e-33 1.4802742302161e-33
 1  21 3.7305121375711e-33 3.3152015345600e-33 2.9836801688754e-33 2.7127720673651e-33 2.4871906606805e-33 2.4049685042603e-33 2.4049685042603e-33 2.4049685042603e-33 2.4049685042603e-33
 1  22 5.9126671570010e-33 5.2531725818615e-33 4.7268659247739e-33 4.2969982935958e-33 3.9392751588314e-33 3.8081950490872e-33 3.8081950490872e-33 3.8081950490872e-33 3.8081950490872e-33
 1  23 9.0470041920076e-33 8.3098502152390e-33 7.4778580889300e-33 6.7979080753763e-33 6.2319699935927e-33 5.7535904452401e-33 5.6415731804464e-33 5.6415731804464e-33 5.6415731804464e-33
 1  24 1.0825385350796e-32 1.0456102331117e-32 9.4088081288793e-33 8.5536257030805e-33 7.8414414303753e-33 7.2389601679605e-33 6.8767881544203e-33 6.8767881544203e-33 6.8767881544203e-33
 1  25 1.2984440069522e-32 1.2984440069522e-32 1.1822459495630e-32 1.0749924490945e-32 9.8562696044114e-33 9.1002246987411e-33 8.4513775310261e-33 8.3910834870366e-33 8.3910834870366e-33
 1  26 1.5607614488099e-32 1.5607614488099e-32 1.4896505058041e-32 1.3540960237503e-32 1.2412684025386e-32 1.1457979839743e-32 1.0640238378385e-32 1.0248305051934e-32 1.0248305051934e-32
 1  27 1.8798236764017e-32 1.8798236764017e-32 1.8702949722572e-32 1.7006548274494e-32 1.5595022004866e-32 1.4397686969006e-32 1.3371586195229e-32 1.2526778976445e-32 1.2526778976445e-32
 1  28 2.2683524773393e-32 2.2683524773393e-32 2.2683524773393e-32 2.1428464148700e-32 1.9643540629165e-32 1.8133979600047e-32 1.6840140886088e-32 1.5718016917529e-32 1.5324881648104e-32
 1  29 2.7415669769828e-32 2.7415669769828e-32 2.7415669769828e-32 2.6939597496481e-32 2.4698408783411e-32 2.2800972822088e-32 2.1175843065868e-32 1.9766823537944e-32 1.8761089673163e-32
 1  30 3.3183779407011e-32 3.3183779407011e-32 3.3183779407011e-32 3.3183779407011e-32 3.1074504669990e-32 2.8687369517058e-32 2.6639737703794e-32 2.4868458734937e-32 2.3312633186906e-32
 1  31 4.0185558610438e-32 4.0185558610438e-32 4.0185558610438e-32 4.0185558610438e-32 3.9058620992512e-32 3.6064513454061e-32 3.3488491052631e-32 3.1256850292426e-32 2.9302461629805e-32
0.90884304 0.90888434 0.90892565 11003.0 11002.0  0
0.90892565 0.90896696 0.90900827 11002.0 11001.0  0
0.90900827 0.90904959 0.90909091 11001.0 11000.0  1
1.0000000000000 
 1   1 2.9395116000123e-35 2.6181097483615e-35 2.3611652225626e-35 2.1510489076912e-35 1.9874891715690e-35 1.9874161336510e-35 1.9874161336510e-35 1.9874161336510e-35 1.9874161336510e-35
 1   2 4.9247037362337e-35 4.3839045883741e-35 3.9520897806503e-35 3.5992773194543e-35 3.3055802280929e-35 3.2360914649953e-35 3.2360914649953e-35 3.2360914649953e-35 3.2360914649953e-35
 1   3 7.5572508855491e-35 6.7259152223255e-35 6.0622832284953e-35 5.5201782946747e-35 5.0689612294861e-35 4.8356818500893e-35 4.8356818500893e-35 4.8356818500893e-35 4.8356818500893e-35
 1   4 1.1885469298912e-34 1.0582833295434e-34 9.5415203620200e-35 8.6900371388831e-35 7.9808357978875e-35 7.4344851942851e-35 7.4344851942851e-35 7.4344851942851e-35 7.4344851942851e-35
 1   5 1.8306668031295e-34 1.6788422945825e-34 1.5131210091680e-34 1.3777102588493e-34 1.2649804653998e-34 1.1696606157232e-34 1.1492111466162e-34 1.1492111466162e-34 1.1492111466162e-34
 1   6 2.8149689492949e-34 2.6837734482498e-34 2.4183445279467e-34 2.2015043911284e-34 2.0210338658535e-34 1.8684666377313e-34 1.7920989941912e-34 1.7920989941912e-34 1.7920989941912e-34
 1   7 4.2681791210399e-34 4.2141738799918e-34 3.7986210149418e-34 3.4585422340542e-34 3.1751408775643e-34 2.9355794910528e-34 2.7533367702908e-34 2.7533367702908e-34 2.7533367702908e-34
 1   8 6.5144372453335e-34 6.5144372453335e-34 6.0098388464988e-34 5.4706873422346e-34 5.0218156408235e-34 4.6421924952903e-34 4.3170902471162e-34 4.2547325676925e-34 4.2547325676925e-34
 1   9 9.9882838648224e-34 9.9882838648224e-34 9.5422324314983e-34 8.6843603276881e-34 7.9705377097314e-34 7.3671137559486e-34 6.8500583312375e-34 6.6005385331114e-34 6.6005385331114e-34
 1  10 1.5284515906780e-33 1.5284515906780e-33 1.5073515589163e-33 1.3720374654573e-33 1.2593228019058e-33 1.1640004037941e-33 1.0823034545765e-33 1.0210928923353e-33 1.0210928923353e-33
 1  11 2.3425725294347e-33 2.3425725294347e-33 2.3425725294347e-33 2.1716157942198e-33 1.9929452446696e-33 1.8418659352561e-33 1.7124050689802e-33 1.6002932136255e-33 1.5813897950963e-33
 1  12 3.6583294375910e-33 3.6583294375910e-33 3.6583294375910e-33 3.4404519270080e-33 3.1568282826997e-33 2.9170480062830e-33 2.7116312868318e-33 2.5337464817868e-33 2.4799411666137e-33
 1  13 5.9814589231211e-33 5.9814589231211e-33 5.9771235530184e-33 5.4401977738391e-33 4.9927010334765e-33 4.6141253636125e-33 4.2895574143551e-33 4.0104179136531e-33 4.0104179136531e-33
 1  14 9.7889453695199e-33 9.7889453695199e-33 9.4865825085495e-33 8.6305507880823e-33 7.9178279920276e-33 7.3152291801777e-33 6.7990145094340e-33 6.4876547085760e-33 6.4876547085760e-33
 1  15 1.6041946426417e-32 1.6041946426417e-32 1.5030965448728e-32 1.3672813969467e-32 1.2542304318083e-32 1.1586429780877e-32 1.0767847841059e-32 1.0502694519080e-32 1.0502694519080e-32
 1  16 2.6320696782037e-32 2.6320696782037e-32 2.3759472385116e-32 2.1618764929154e-32 1.9835274043360e-32 1.8325917256385e-32 1.7032914612783e-32 1.7011076866480e-32 1.7011076866480e-32
 1  17 4.3243795243198e-32 4.1879495928483e-32 3.7705894419681e-32 3.4295000665466e-32 3.1455291371260e-32 2.9054059102325e-32 2.7568951294440e-32 2.7568951294440e-32 2.7568951294440e-32
 1  18 7.1142669598348e-32 6.6365695655476e-32 5.9740844593112e-32 5.4328668767886e-32 4.9823151735450e-32 4.6014767505241e-32 4.4702336878755e-32 4.4702336878755e-32 4.4702336878755e-32
 1  19 1.1722714979606e-31 1.0487454969505e-31 9.4440955876702e-32 8.5907766142910e-32 7.8796642454970e-32 7.2783071964920e-32 7.2532785707743e-32 7.2532785707743e-32 7.2532785707743e-32
 1  20 1.8721814055914e-31 1.6641693342035e-31 1.4980152060551e-31 1.3621911831467e-31 1.2491074511033e-31 1.1776231710916e-31 1.1776231710916e-31 1.1776231710916e-31 1.1776231710916e-31
 1  21 2.9678241900634e-31 2.6374284630755e-31 2.3736275473471e-31 2.1580529330532e-31 1.9786334687052e-31 1.9132583503842e-31 1.9132583503842e-31 1.9132583503842e-31 1.9132583503842e-31
 1  22 4.7035168306910e-31 4.1790342910434e-31 3.7603956137325e-31 3.4184452474737e-31 3.1338105751679e-31 3.0294647628318e-31 3.0294647628318e-31 3.0294647628318e-31 3.0294647628318e-31
 1  23 7.1973798177119e-31 6.6105387133464e-31 5.9486300695396e-31 5.4079868335569e-31 4.9578651261468e-31 4.5771140423561e-31 4.4879391601118e-31 4.4879391601118e-31 4.4879391601118e-31
 1  24 8.6121784872882e-31 8.3185926605997e-31 7.4856495887482e-31 6.8048121945090e-31 6.2379751828081e-31 5.7588497979835e-31 5.4708433376818e-31 5.4708433376818e-31 5.4708433376818e-31
 1  25 1.0329822117455e-30 1.0329822117455e-30 9.4060603520595e-31 8.5523204341533e-31 7.8407937036006e-31 7.2394639260646e-31 6.7234896145282e-31 6.6755430807491e-31 6.6755430807491e-31
 1  26 1.2416913277736e-30 1.2416913277736e-30 1.1851504256572e-30 1.0773087871614e-30 9.8747591019922e-31 9.1150211163326e-31 8.4645871781808e-31 8.1527360500715e-31 8.1527360500715e-31
 1  27 1.4955267315342e-30 1.4955267315342e-30 1.4879506234234e-30 1.3530556877400e-30 1.2405560823493e-30 1.1453458359497e-30 1.0637503532004e-30 9.9653088424293e-31 9.9653088424293e-31
 1  28 1.8045126626931e-30 1.8045126626931e-30 1.8045126626931e-30 1.7047993325343e-30 1.5627090548702e-30 1.4425241614534e-30 1.3396083144852e-30 1.2503717422974e-30 1.2191118680457e-30
 1  29 2.1809629417925e-30 2.1809629417925e-30 2.1809629417925e-30 2.1430902065209e-30 1.9648128524842e-30 1.8138972453527e-30 1.6845016484007e-30 1.5724354712871e-30 1.4924658382842e-30
 1  30 2.6396998943195e-30 2.6396998943195e-30 2.6396998943195e-30 2.6396998943195e-30 2.4719995444120e-30 2.2821963272062e-30 2.1193021505212e-30 1.9781608259366e-30 1.8547245151455e-30
 1  31 3.1970839566094e-30 3.1970839566094e-30 3.1970839566094e-30 3.1970839566094e-30 3.1073107947602e-30 2.8690533242554e-30 2.6642820202630e-30 2.4865008188819e-30 2.3310692445733e-30
