-----------------------------------------------------------------------------------------------
Content :
Spectral range definition: line 1 (3 values)  ==> max, min and step of the wavenumber (in cm-1)
Temperatures definition :  line 2 (1 value)   ==> NT = number of T values
Temperatures definition :  line 3 (NT values) ==> list of T values (in K)
Pressures definition :     line 4 (1 value)   ==> NP = number of P values
Pressures definition :     line 5 (NP values) ==> list of P values (in mbar)
For each spectral range: 
    First line of the block (6 values): 
    --> min, mean and max wavelengths (in microns), min and max wavenumbers (in cm-1)
        of the spectral range, nmaxai (number of exponentials for the CKD expansion) 
    If nmaxai not null, second line of the block (nmaxnai values): 
    --> coefs kdis_ai for nai = 1 to nmaxai 
    If nmaxai not null, following lines of the block : 
    --> for nai = 1 to nmaxai 
    -->     for pressure index ip = 1 to NP 
    -->         line : nai, ip, kdis_ki(T,P,nai) for temperature index it = 1 to IT 
-----------------------------------------------------------------------------------------------
10050 10000  1
9
  160.00  180.00  200.00  220.00  240.00  260.00  280.00  300.00  320.00
31
    0.007    0.011    0.017    0.028    0.044    0.069    0.110    0.174    0.276    0.438    0.694    1.100    1.743    2.763    4.379    6.941   11.000   17.434   27.631   43.792   69.405  110.000  174.338  219.479  276.308  347.851  437.918  551.306  694.053  873.761 1098.900
0.99502488 0.99507438 0.99512389 10050.0 10049.0  0
0.99512389 0.99517341 0.99522293 10049.0 10048.0  0
0.99522293 0.99527246 0.99532199 10048.0 10047.0  0
0.99532199 0.99537152 0.99542106 10047.0 10046.0  0
0.99542106 0.99547061 0.99552016 10046.0 10045.0  0
0.99552016 0.99556972 0.99561928 10045.0 10044.0  0
0.99561928 0.99566884 0.99571841 10044.0 10043.0  0
0.99571841 0.99576799 0.99581757 10043.0 10042.0  0
0.99581757 0.99586716 0.99591674 10042.0 10041.0  0
0.99591674 0.99596634 0.99601594 10041.0 10040.0  0
0.99601594 0.99606554 0.99611515 10040.0 10039.0  0
0.99611515 0.99616477 0.99621439 10039.0 10038.0  0
0.99621439 0.99626402 0.99631364 10038.0 10037.0  0
0.99631364 0.99636328 0.99641291 10037.0 10036.0  0
0.99641291 0.99646256 0.99651221 10036.0 10035.0  0
0.99651221 0.99656186 0.99661152 10035.0 10034.0  0
0.99661152 0.99666118 0.99671085 10034.0 10033.0  0
0.99671085 0.99676053 0.99681021 10033.0 10032.0  0
0.99681021 0.99685990 0.99690958 10032.0 10031.0  0
0.99690958 0.99695928 0.99700897 10031.0 10030.0  0
0.99700897 0.99705868 0.99710839 10030.0 10029.0  0
0.99710839 0.99715810 0.99720782 10029.0 10028.0  0
0.99720782 0.99725754 0.99730727 10028.0 10027.0  0
0.99730727 0.99735700 0.99740674 10027.0 10026.0  0
0.99740674 0.99745648 0.99750623 10026.0 10025.0  0
0.99750623 0.99755599 0.99760575 10025.0 10024.0  0
0.99760575 0.99765552 0.99770528 10024.0 10023.0  0
0.99770528 0.99775506 0.99780483 10023.0 10022.0  0
0.99780483 0.99785462 0.99790440 10022.0 10021.0  0
0.99790440 0.99795420 0.99800399 10021.0 10020.0  0
0.99800399 0.99805379 0.99810360 10020.0 10019.0  0
0.99810360 0.99815342 0.99820323 10019.0 10018.0  0
0.99820323 0.99825306 0.99830289 10018.0 10017.0  0
0.99830289 0.99835272 0.99840256 10017.0 10016.0  0
0.99840256 0.99845241 0.99850225 10016.0 10015.0  0
0.99850225 0.99855210 0.99860196 10015.0 10014.0  0
0.99860196 0.99865182 0.99870169 10014.0 10013.0  0
0.99870169 0.99875156 0.99880144 10013.0 10012.0  0
0.99880144 0.99885132 0.99890121 10012.0 10011.0  0
0.99890121 0.99895110 0.99900100 10011.0 10010.0  0
0.99900100 0.99905090 0.99910081 10010.0 10009.0  0
0.99910081 0.99915072 0.99920064 10009.0 10008.0  0
0.99920064 0.99925056 0.99930049 10008.0 10007.0  0
0.99930049 0.99935042 0.99940036 10007.0 10006.0  0
0.99940036 0.99945030 0.99950025 10006.0 10005.0  0
0.99950025 0.99955020 0.99960016 10005.0 10004.0  1
1.0000000000000 
 1   1 0.0000000000000e+00 0.0000000000000e+00 0.0000000000000e+00 0.0000000000000e+00 0.0000000000000e+00 0.0000000000000e+00 0.0000000000000e+00 0.0000000000000e+00 0.0000000000000e+00
 1   2 0.0000000000000e+00 0.0000000000000e+00 0.0000000000000e+00 0.0000000000000e+00 0.0000000000000e+00 0.0000000000000e+00 0.0000000000000e+00 0.0000000000000e+00 0.0000000000000e+00
 1   3 0.0000000000000e+00 0.0000000000000e+00 0.0000000000000e+00 0.0000000000000e+00 0.0000000000000e+00 0.0000000000000e+00 0.0000000000000e+00 0.0000000000000e+00 0.0000000000000e+00
 1   4 0.0000000000000e+00 0.0000000000000e+00 0.0000000000000e+00 0.0000000000000e+00 0.0000000000000e+00 0.0000000000000e+00 0.0000000000000e+00 0.0000000000000e+00 0.0000000000000e+00
 1   5 0.0000000000000e+00 0.0000000000000e+00 0.0000000000000e+00 0.0000000000000e+00 0.0000000000000e+00 0.0000000000000e+00 0.0000000000000e+00 0.0000000000000e+00 0.0000000000000e+00
 1   6 0.0000000000000e+00 0.0000000000000e+00 0.0000000000000e+00 0.0000000000000e+00 0.0000000000000e+00 0.0000000000000e+00 0.0000000000000e+00 0.0000000000000e+00 0.0000000000000e+00
 1   7 1.4012984643248e-41 1.4012984643248e-41 1.4012984643248e-41 1.4012984643248e-41 1.2234736892020e-41 0.0000000000000e+00 0.0000000000000e+00 0.0000000000000e+00 0.0000000000000e+00
 1   8 1.4012984643248e-41 1.4012984643248e-41 1.4012984643248e-41 1.4012984643248e-41 1.4012984643248e-41 1.4012984643248e-41 1.4012984643248e-41 1.4012984643248e-41 1.4012984643248e-41
 1   9 2.8025969286496e-41 2.8025969286496e-41 2.1343176910131e-41 1.4012984643248e-41 1.4012984643248e-41 1.4012984643248e-41 1.4012984643248e-41 1.4012984643248e-41 1.4012984643248e-41
 1  10 2.8025969286496e-41 2.8025969286496e-41 2.8025969286496e-41 2.8025969286496e-41 2.8025969286496e-41 2.8025969286496e-41 2.8025969286496e-41 2.8025969286496e-41 2.8025969286496e-41
 1  11 5.6051938572993e-41 5.6051938572993e-41 5.6051938572993e-41 4.4464601571491e-41 4.2038953929745e-41 4.2038953929745e-41 4.2038953929745e-41 4.2038953929745e-41 4.2038953929745e-41
 1  12 8.4077907859489e-41 8.4077907859489e-41 8.4077907859489e-41 7.4505638049686e-41 7.0064923216241e-41 7.0064923216241e-41 6.0492653406438e-41 5.6051938572993e-41 5.6051938572993e-41
 1  13 1.4012984643248e-40 1.4012984643248e-40 1.4001634125687e-40 1.2600335661362e-40 1.1199037197038e-40 9.8090892502737e-41 9.7977387327127e-41 8.4077907859489e-41 8.4077907859489e-41
 1  14 2.2420775429197e-40 2.2420775429197e-40 2.1487370522110e-40 1.9151405982081e-40 1.7750107517756e-40 1.6348809053431e-40 1.4947510589106e-40 1.4012984643248e-40 1.4012984643248e-40
 1  15 3.6433760072445e-40 3.6433760072445e-40 3.3667316644175e-40 3.0385615770573e-40 2.8505073231449e-40 2.6181720377598e-40 2.4301177838475e-40 2.3822073893522e-40 2.3822073893522e-40
 1  16 5.8854535501642e-40 5.8854535501642e-40 5.3344209550378e-40 4.9116632213356e-40 4.4912736820382e-40 4.0708841427407e-40 3.7882562554711e-40 3.7835058536770e-40 3.7835058536770e-40
 1  17 9.8090892502737e-40 9.5069132494267e-40 8.5691643171005e-40 7.7715592441915e-40 7.1140700047303e-40 6.5535506190004e-40 6.1657132430292e-40 6.1657132430292e-40 6.1657132430292e-40
 1  18 1.6114932339735e-39 1.4961691729565e-39 1.3494840523079e-39 1.2322388110963e-39 1.1290065545280e-39 1.0397858813044e-39 1.0089348943139e-39 1.0089348943139e-39 1.0089348943139e-39
 1  19 2.6484540975739e-39 2.3665226556410e-39 2.1393763784693e-39 1.9420189040523e-39 1.7861132395084e-39 1.6453962490194e-39 1.6395192032600e-39 1.6395192032600e-39 1.6395192032600e-39
 1  20 4.2292546912833e-39 3.7565196478510e-39 3.3839886550057e-39 3.0775569107225e-39 2.8232100290599e-39 2.6624670822172e-39 2.6624670822172e-39 2.6624670822172e-39 2.6624670822172e-39
 1  21 6.6969188661839e-39 5.9528980452522e-39 5.3569608408364e-39 4.8701007088838e-39 4.4642888775107e-39 4.3159992701204e-39 4.3159992701204e-39 4.3159992701204e-39 4.3159992701204e-39
 1  22 1.0625383440801e-38 9.4358604107931e-39 8.4926506183515e-39 7.7227267953067e-39 7.0759602916945e-39 6.8383365059051e-39 6.8383365059051e-39 6.8383365059051e-39 6.8383365059051e-39
 1  23 1.6255062186168e-38 1.4931461517794e-38 1.3433969519088e-38 1.2209257082043e-38 1.1194422721194e-38 1.0333414497969e-38 1.0131387897068e-38 1.0131387897068e-38 1.0131387897068e-38
 1  24 1.9450022684828e-38 1.8787462146225e-38 1.6908703460046e-38 1.5371231014854e-38 1.4086102995818e-38 1.3006651960183e-38 1.2359452455345e-38 1.2359452455345e-38 1.2359452455345e-38
 1  25 2.3331619431008e-38 2.3331619431008e-38 2.1237645122783e-38 1.9318915799208e-38 1.7707681805450e-38 1.6352647209925e-38 1.5186394142215e-38 1.5077971476135e-38 1.5077971476135e-38
 1  26 2.8039982271140e-38 2.8039982271140e-38 2.6760285684952e-38 2.4326818797775e-38 2.2302438576482e-38 2.0587428622352e-38 1.9119003757690e-38 1.8413061821228e-38 1.8413061821228e-38
 1  27 3.3771292990228e-38 3.3771292990228e-38 3.3600533561962e-38 3.0559760735928e-38 2.8017216776288e-38 2.5863137974331e-38 2.4026677482298e-38 2.2504853337057e-38 2.2504853337057e-38
 1  28 4.0749759342566e-38 4.0749759342566e-38 4.0749759342566e-38 3.8496278032743e-38 3.5285289482248e-38 3.2578137794600e-38 3.0253879701942e-38 2.8239423476373e-38 2.7535514823983e-38
 1  29 4.9255641021017e-38 4.9255641021017e-38 4.9255641021017e-38 4.8399783970946e-38 4.4373368633672e-38 4.0970979528532e-38 3.8044639537691e-38 3.5515632121217e-38 3.3701228067012e-38
 1  30 5.9625249657021e-38 5.9625249657021e-38 5.9625249657021e-38 5.9625249657021e-38 5.5829367535307e-38 5.1546640695924e-38 4.7864387064085e-38 4.4677018800504e-38 4.1878580925696e-38
 1  31 7.2217452182096e-38 7.2217452182096e-38 7.2217452182096e-38 7.2217452182096e-38 7.0180530339548e-38 6.4781708509686e-38 6.0162995140109e-38 5.6161480876546e-38 5.2653021885447e-38
0.99960016 0.99965012 0.99970009 10004.0 10003.0  0
0.99970009 0.99975006 0.99980004 10003.0 10002.0  0
0.99980004 0.99985002 0.99990001 10002.0 10001.0  1
1.0000000000000 
 1   1 5.5033194589429e-41 4.2097808465246e-41 4.2093604569853e-41 4.2093604569853e-41 4.2043157825137e-41 4.2038953929745e-41 4.2038953929745e-41 4.2038953929745e-41 4.2038953929745e-41
 1   2 8.7554529349479e-41 7.3541544706231e-41 7.0064923216241e-41 7.0064923216241e-41 5.9528560062983e-41 5.6051938572993e-41 5.6051938572993e-41 5.6051938572993e-41 5.6051938572993e-41
 1   3 1.3414770328828e-40 1.2013471864503e-40 1.0612173400178e-40 9.8090892502737e-41 9.2108749358535e-41 8.4077907859489e-41 8.4077907859489e-41 8.4077907859489e-41 8.4077907859489e-41
 1   4 2.0876684651358e-40 1.9332453743672e-40 1.6672789258383e-40 1.5271490794058e-40 1.4012984643248e-40 1.4012984643248e-40 1.4012984643248e-40 1.4012984643248e-40 1.4012984643248e-40
 1   5 3.2229864679471e-40 3.0052386995756e-40 2.7249790067107e-40 2.4447193138457e-40 2.2733405116588e-40 2.1332106652263e-40 2.1019476964872e-40 2.1019476964872e-40 2.1019476964872e-40
 1   6 5.0446744715693e-40 4.7913617481733e-40 4.2941670400463e-40 3.9371021783516e-40 3.6568424854867e-40 3.3765827926217e-40 3.2229864679471e-40 3.2229864679471e-40 3.2229864679471e-40
 1   7 7.7071415537865e-40 7.6004186627435e-40 6.7952185521578e-40 6.2346991664279e-40 5.6919622582103e-40 5.2715727189128e-40 4.9045446251369e-40 4.9045446251369e-40 4.9045446251369e-40
 1   8 1.1630777253896e-39 1.1630777253896e-39 1.0731774224108e-39 9.8354897133416e-40 8.9947106347467e-40 8.3786858168449e-40 7.8181664311149e-40 7.7071415537865e-40 7.7071415537865e-40
 1   9 1.7936620343358e-39 1.7936620343358e-39 1.7134629206255e-39 1.5586726896593e-39 1.4319098292780e-39 1.3264887445084e-39 1.2350820456805e-39 1.1911036946761e-39 1.1911036946761e-39
 1  10 2.7465449900766e-39 2.7465449900766e-39 2.7082208783758e-39 2.4623742731977e-39 2.2585680232479e-39 2.0925407798962e-39 1.9426564948536e-39 1.8357009882655e-39 1.8357009882655e-39
 1  11 4.2038953929745e-39 4.2038953929745e-39 4.2038953929745e-39 3.9026106179508e-39 3.5730364295293e-39 3.3086772703390e-39 3.0796196220620e-39 2.8785879430715e-39 2.8446358825794e-39
 1  12 6.5720897976834e-39 6.5720897976834e-39 6.5720897976834e-39 6.1796477549584e-39 5.6721170693585e-39 5.2339632694288e-39 4.8614322765834e-39 4.5493953384430e-39 4.4561291165529e-39
 1  13 1.0733946236728e-38 1.0733946236728e-38 1.0726149412073e-38 9.7606099286019e-39 8.9627736414463e-39 8.2770412314366e-39 7.7030735843446e-39 7.2026741066296e-39 7.2026741066296e-39
 1  14 1.7572282742633e-38 1.7572282742633e-38 1.7030885475747e-38 1.5494056226550e-38 1.4209473312617e-38 1.3130427252238e-38 1.2205536634620e-38 1.1644790238539e-38 1.1644790238539e-38
 1  15 2.8796683441875e-38 2.8796683441875e-38 2.6980059730903e-38 2.4542254423680e-38 2.2511907473526e-38 2.0799791200725e-38 1.9326620138165e-38 1.8847464345169e-38 1.8847464345169e-38
 1  16 4.7251784217033e-38 4.7251784217033e-38 4.2650715997718e-38 3.8810692974378e-38 3.5605054581419e-38 3.2892241647976e-38 3.0573454224522e-38 3.0534293537638e-38 3.0534293537638e-38
 1  17 7.7631934923595e-38 7.5179942870719e-38 6.7682474803553e-38 6.1563520087681e-38 5.6469575962106e-38 5.2160286109033e-38 4.9493861759953e-38 4.9493861759953e-38 4.9493861759953e-38
 1  18 1.2771434203856e-37 1.1913597399315e-37 1.0724431980675e-37 9.7529532337929e-38 8.9441781305650e-38 8.2607340409476e-38 8.0252363051882e-38 8.0252363051882e-38 8.0252363051882e-38
 1  19 2.1043299038766e-37 1.8826776695680e-37 1.6953583686742e-37 1.5421874782133e-37 1.4145924147001e-37 1.3065821227319e-37 1.3020865330506e-37 1.3020865330506e-37 1.3020865330506e-37
 1  20 3.3607639266215e-37 2.9873824577122e-37 2.6890697806794e-37 2.4453884618884e-37 2.2423921063990e-37 2.1139988632804e-37 2.1139988632804e-37 2.1139988632804e-37 2.1139988632804e-37
 1  21 5.3276251059013e-37 4.7344736267807e-37 4.2609401234834e-37 3.8740360122895e-37 3.5520360102235e-37 3.4347226659066e-37 3.4347226659066e-37 3.4347226659066e-37 3.4347226659066e-37
 1  22 8.4436147009297e-37 7.5018712832530e-37 6.7503546926279e-37 6.1365097346172e-37 5.6254945242039e-37 5.4381590803518e-37 5.4381590803518e-37 5.4381590803518e-37 5.4381590803518e-37
 1  23 1.2919692029797e-36 1.1866740669161e-36 1.0678923860163e-36 9.7082836502820e-37 8.8999877911289e-37 8.2163200542766e-37 8.0562052254576e-37 8.0562052254576e-37 8.0562052254576e-37
 1  24 1.5459404469709e-36 1.4932321634792e-36 1.3437032589375e-36 1.2215111090456e-36 1.1197824008879e-36 1.0337914627857e-36 9.8212807711211e-37 9.8212807711211e-37 9.8212807711211e-37
 1  25 1.8542682601801e-36 1.8542682601801e-36 1.6884253716544e-36 1.5351904923005e-36 1.4075065976750e-36 1.2995594426104e-36 1.2070042395612e-36 1.1984044372545e-36 1.1984044372545e-36
 1  26 2.2290734931708e-36 2.2290734931708e-36 2.1274858565321e-36 1.9338216555580e-36 1.7726453375470e-36 1.6363279197685e-36 1.5195598038685e-36 1.4635721680794e-36 1.4635721680794e-36
 1  27 2.6847617632053e-36 2.6847617632053e-36 2.6711611414638e-36 2.4289929111234e-36 2.2269471068291e-36 2.0561248331298e-36 1.9096411183069e-36 1.7889536714956e-36 1.7889536714956e-36
 1  28 3.2391713979477e-36 3.2391713979477e-36 3.2391713979477e-36 3.0603508265050e-36 2.8052981836733e-36 2.5896047636922e-36 2.4047906705617e-36 2.2444884040601e-36 2.1883518046390e-36
 1  29 3.9149195788198e-36 3.9149195788198e-36 3.9149195788198e-36 3.8470014896925e-36 3.5272302920704e-36 3.2563123498126e-36 3.0240320401689e-36 2.8226355415310e-36 2.6790304749070e-36
 1  30 4.7386588680885e-36 4.7386588680885e-36 4.7386588680885e-36 4.7386588680885e-36 4.4377013915446e-36 4.0969938531929e-36 3.8048368000541e-36 3.5512363060055e-36 3.3295325039135e-36
 1  31 5.7398017357928e-36 5.7398017357928e-36 5.7398017357928e-36 5.7398017357928e-36 5.5782544884732e-36 5.1497464760759e-36 4.7823696944005e-36 4.4638838349922e-36 4.1849869665409e-36
0.99990001 0.99995000 1.00000000 10001.0 10000.0  1
1.0000000000000 
 1   1 1.8132101479131e-40 1.6725337950795e-40 1.5318714552306e-40 1.3916995698442e-40 1.2623036696484e-40 1.2622476177099e-40 1.2622476177099e-40 1.2622476177099e-40 1.2622476177099e-40
 1   2 3.0470114067972e-40 2.7319854990323e-40 2.4517258061673e-40 2.2768437578196e-40 2.0313362668699e-40 1.9618178500547e-40 1.9618178500547e-40 1.9618178500547e-40 1.9618178500547e-40
 1   3 4.7455392883899e-40 4.1645469320962e-40 3.8039788242408e-40 3.4638976999338e-40 3.1631650365051e-40 3.0828566215146e-40 3.0828566215146e-40 3.0828566215146e-40 3.0828566215146e-40
 1   4 7.4813082932759e-40 6.6548084460325e-40 5.9684524582062e-40 5.4222123038277e-40 5.0018227645303e-40 4.6242849322719e-40 4.6242849322719e-40 4.6242849322719e-40 4.6242849322719e-40
 1   5 1.1490647407463e-39 1.0510803469269e-39 9.4673686067635e-40 8.5953405724141e-40 7.9723092621907e-40 7.3029089857827e-40 7.1466221680566e-40 7.1466221680566e-40 7.1466221680566e-40
 1   6 1.7656360650493e-39 1.6833069776733e-39 1.5138045141301e-39 1.3786604876336e-39 1.2665566104877e-39 1.1671190701607e-39 1.1210387714599e-39 1.1210387714599e-39 1.1210387714599e-39
 1   7 2.6764800668604e-39 2.6426835504978e-39 2.3817729868282e-39 2.1629013770884e-39 1.9860687212783e-39 1.8459388748459e-39 1.7235971111195e-39 1.7235971111195e-39 1.7235971111195e-39
 1   8 4.0917915158285e-39 4.0917915158285e-39 3.7659027423682e-39 3.4269510646234e-39 3.1496032699673e-39 2.9170690002003e-39 2.7040996595922e-39 2.6624670822172e-39 2.6624670822172e-39
 1   9 6.2638041355319e-39 6.2638041355319e-39 5.9831044349492e-39 5.4480256228391e-39 5.0050009094474e-39 4.6253583268956e-39 4.2950834892419e-39 4.1338304697582e-39 4.1338304697582e-39
 1  10 9.5848814959817e-39 9.5848814959817e-39 9.4528777793439e-39 8.6053640603295e-39 7.8958502140817e-39 7.3039375388555e-39 6.7842183592129e-39 6.4039339819644e-39 6.4039339819644e-39
 1  11 1.4685607906124e-38 1.4685607906124e-38 1.4685607906124e-38 1.3619525257838e-38 1.2504147732174e-38 1.1552615628153e-38 1.0743637616907e-38 1.0040024638493e-38 9.9211931274197e-39
 1  12 2.2939255860997e-38 2.2939255860997e-38 2.2939255860997e-38 2.1580066415525e-38 1.9800801321612e-38 1.8291534211910e-38 1.7005786818953e-38 1.5891946517704e-38 1.5554412954005e-38
 1  13 3.7512759889975e-38 3.7512759889975e-38 3.7485527055620e-38 3.4113030449320e-38 3.1313824662954e-38 2.8934445093903e-38 2.6904706307282e-38 2.5153307434630e-38 2.5153307434630e-38
 1  14 6.1390885722070e-38 6.1390885722070e-38 5.9495999491866e-38 5.4128762929390e-38 4.9658419041215e-38 4.5884097297673e-38 4.2646974530818e-38 4.0693707403993e-38 4.0693707403993e-38
 1  15 1.0061322973852e-37 1.0061322973852e-37 9.4268878967261e-38 8.5752963991804e-38 7.8660768256102e-38 7.2668541368150e-38 6.7537715066994e-38 6.5875040807910e-38 6.5875040807910e-38
 1  16 1.6507295909746e-37 1.6507295909746e-37 1.4901054742417e-37 1.3559184785445e-37 1.2440001333152e-37 1.1494008281700e-37 1.0683181117001e-37 1.0669486507369e-37 1.0669486507369e-37
 1  17 2.7122131777007e-37 2.6266093118655e-37 2.3647907067910e-37 2.1509128763626e-37 1.9728080657546e-37 1.8222416846715e-37 1.7290621751304e-37 1.7290621751304e-37 1.7290621751304e-37
 1  18 4.4618742160489e-37 4.1622972314896e-37 3.7468295008144e-37 3.4074168519268e-37 3.1248872797574e-37 2.8859508696705e-37 2.8035778375747e-37 2.8035778375747e-37 2.8035778375747e-37
 1  19 7.3521928769808e-37 6.5774169739254e-37 5.9231191076388e-37 5.3879490990246e-37 4.9420088440480e-37 4.5647380432250e-37 4.5490354289454e-37 4.5490354289454e-37 4.5490354289454e-37
 1  20 1.1741809417976e-36 1.0437144495751e-36 9.3951559974689e-37 8.5433826674345e-37 7.8341956039887e-37 7.3858240401246e-37 7.3858240401246e-37 7.3858240401246e-37 7.3858240401246e-37
 1  21 1.8613336742996e-36 1.6541178185575e-36 1.4886767103275e-36 1.3534974607929e-36 1.2409701897237e-36 1.1999599009706e-36 1.1999599009706e-36 1.1999599009706e-36 1.1999599009706e-36
 1  22 2.9499812411800e-36 2.6209900826028e-36 2.3584155386639e-36 2.1439351723166e-36 1.9654302853919e-36 1.9000066420557e-36 1.9000066420557e-36 1.9000066420557e-36 1.9000066420557e-36
 1  23 4.5139747171602e-36 4.1460135603940e-36 3.7309074319849e-36 3.3917772400262e-36 3.1094003084959e-36 2.8706421884152e-36 2.8147321285091e-36 2.8147321285091e-36 2.8147321285091e-36
 1  24 5.4012910747008e-36 5.2171268253254e-36 4.6946843734575e-36 4.2677669805523e-36 3.9122613716850e-36 3.6117081865635e-36 3.4312055188650e-36 3.4312055188650e-36 3.4312055188650e-36
 1  25 6.4785530130858e-36 6.4785530130858e-36 5.8990807181039e-36 5.3637038105741e-36 4.9175648178441e-36 4.5402378753994e-36 4.2168079659596e-36 4.1867576697012e-36 4.1867576697012e-36
 1  26 7.7875058637701e-36 7.7875058637701e-36 7.4328285680302e-36 6.7564515292488e-36 6.1932739363840e-36 5.7170103897874e-36 5.3090017820481e-36 5.1132960349466e-36 5.1132960349466e-36
 1  27 9.3794928437540e-36 9.3794928437540e-36 9.3319679744923e-36 8.4858036050055e-36 7.7805120167658e-36 7.1836458635721e-36 6.6719772220797e-36 6.2501272831539e-36 6.2501272831539e-36
 1  28 1.1317601351574e-35 1.1317601351574e-35 1.1317601351574e-35 1.0691954814842e-35 9.8008419922398e-36 9.0473195493617e-36 8.4013608662882e-36 7.8416213648108e-36 7.6457226196744e-36
 1  29 1.3678620211315e-35 1.3678620211315e-35 1.3678620211315e-35 1.3440948512328e-35 1.2322370645179e-35 1.1376273471647e-35 1.0564835834074e-35 9.8612145039211e-36 9.3600710712462e-36
 1  30 1.6557308588250e-35 1.6557308588250e-35 1.6557308588250e-35 1.6557308588250e-35 1.5503651242237e-35 1.4313105914552e-35 1.3292042995027e-35 1.2406968356296e-35 1.1631884660836e-35
 1  31 2.0053798741643e-35 2.0053798741643e-35 2.0053798741643e-35 2.0053798741643e-35 1.9489341909016e-35 1.7992476414037e-35 1.6708881639729e-35 1.5595435080928e-35 1.4621069076269e-35
