-----------------------------------------------------------------------------------------------
Content :
Spectral range definition: line 1 (3 values)  ==> max, min and step of the wavenumber (in cm-1)
Temperatures definition :  line 2 (1 value)   ==> NT = number of T values
Temperatures definition :  line 3 (NT values) ==> list of T values (in K)
Pressures definition :     line 4 (1 value)   ==> NP = number of P values
Pressures definition :     line 5 (NP values) ==> list of P values (in mbar)
For each spectral range: 
    First line of the block (6 values): 
    --> min, mean and max wavelengths (in microns), min and max wavenumbers (in cm-1)
        of the spectral range, nmaxai (number of exponentials for the CKD expansion) 
    If nmaxai not null, second line of the block (nmaxnai values): 
    --> coefs kdis_ai for nai = 1 to nmaxai 
    If nmaxai not null, following lines of the block : 
    --> for nai = 1 to nmaxai 
    -->     for pressure index ip = 1 to NP 
    -->         line : nai, ip, kdis_ki(T,P,nai) for temperature index it = 1 to IT 
-----------------------------------------------------------------------------------------------
24200 24150  1
9
  160.00  180.00  200.00  220.00  240.00  260.00  280.00  300.00  320.00
31
    0.007    0.011    0.017    0.028    0.044    0.069    0.110    0.174    0.276    0.438    0.694    1.100    1.743    2.763    4.379    6.941   11.000   17.434   27.631   43.792   69.405  110.000  174.338  219.479  276.308  347.851  437.918  551.306  694.053  873.761 1098.900
0.41322314 0.41323168 0.41324022 24200.0 24199.0  0
0.41324022 0.41324876 0.41325729 24199.0 24198.0  0
0.41325729 0.41326583 0.41327437 24198.0 24197.0  0
0.41327437 0.41328291 0.41329145 24197.0 24196.0  0
0.41329145 0.41329999 0.41330853 24196.0 24195.0  0
0.41330853 0.41331708 0.41332562 24195.0 24194.0  0
0.41332562 0.41333416 0.41334270 24194.0 24193.0  0
0.41334270 0.41335124 0.41335979 24193.0 24192.0  0
0.41335979 0.41336834 0.41337688 24192.0 24191.0  0
0.41337688 0.41338542 0.41339396 24191.0 24190.0  0
0.41339396 0.41340250 0.41341105 24190.0 24189.0  0
0.41341105 0.41341960 0.41342815 24189.0 24188.0  0
0.41342815 0.41343670 0.41344524 24188.0 24187.0  0
0.41344524 0.41345378 0.41346233 24187.0 24186.0  0
0.41346233 0.41347088 0.41347943 24186.0 24185.0  0
0.41347943 0.41348798 0.41349653 24185.0 24184.0  0
0.41349653 0.41350508 0.41351363 24184.0 24183.0  0
0.41351363 0.41352218 0.41353073 24183.0 24182.0  0
0.41353073 0.41353928 0.41354783 24182.0 24181.0  0
0.41354783 0.41355638 0.41356493 24181.0 24180.0  0
0.41356493 0.41357348 0.41358203 24180.0 24179.0  0
0.41358203 0.41359058 0.41359914 24179.0 24178.0  0
0.41359914 0.41360770 0.41361625 24178.0 24177.0  0
0.41361625 0.41362480 0.41363336 24177.0 24176.0  0
0.41363336 0.41364192 0.41365047 24176.0 24175.0  0
0.41365047 0.41365902 0.41366758 24175.0 24174.0  0
0.41366758 0.41367614 0.41368469 24174.0 24173.0  0
0.41368469 0.41369325 0.41370180 24173.0 24172.0  0
0.41370180 0.41371036 0.41371892 24172.0 24171.0  0
0.41371892 0.41372748 0.41373604 24171.0 24170.0  0
0.41373604 0.41374460 0.41375315 24170.0 24169.0  0
0.41375315 0.41376171 0.41377027 24169.0 24168.0  0
0.41377027 0.41377884 0.41378740 24168.0 24167.0  0
0.41378740 0.41379596 0.41380452 24167.0 24166.0  0
0.41380452 0.41381308 0.41382164 24166.0 24165.0  0
0.41382164 0.41383020 0.41383877 24165.0 24164.0  0
0.41383877 0.41384734 0.41385590 24164.0 24163.0  0
0.41385590 0.41386446 0.41387302 24163.0 24162.0  0
0.41387302 0.41388158 0.41389015 24162.0 24161.0  0
0.41389015 0.41389872 0.41390728 24161.0 24160.0  1
1.0000000000000 
 1   1 0.0000000000000e+00 0.0000000000000e+00 0.0000000000000e+00 0.0000000000000e+00 0.0000000000000e+00 0.0000000000000e+00 0.0000000000000e+00 0.0000000000000e+00 0.0000000000000e+00
 1   2 0.0000000000000e+00 0.0000000000000e+00 0.0000000000000e+00 0.0000000000000e+00 0.0000000000000e+00 0.0000000000000e+00 0.0000000000000e+00 0.0000000000000e+00 0.0000000000000e+00
 1   3 0.0000000000000e+00 0.0000000000000e+00 0.0000000000000e+00 0.0000000000000e+00 0.0000000000000e+00 0.0000000000000e+00 0.0000000000000e+00 0.0000000000000e+00 0.0000000000000e+00
 1   4 0.0000000000000e+00 0.0000000000000e+00 0.0000000000000e+00 0.0000000000000e+00 0.0000000000000e+00 0.0000000000000e+00 0.0000000000000e+00 0.0000000000000e+00 0.0000000000000e+00
 1   5 0.0000000000000e+00 0.0000000000000e+00 0.0000000000000e+00 0.0000000000000e+00 0.0000000000000e+00 0.0000000000000e+00 0.0000000000000e+00 0.0000000000000e+00 0.0000000000000e+00
 1   6 0.0000000000000e+00 0.0000000000000e+00 0.0000000000000e+00 0.0000000000000e+00 0.0000000000000e+00 0.0000000000000e+00 0.0000000000000e+00 0.0000000000000e+00 0.0000000000000e+00
 1   7 0.0000000000000e+00 0.0000000000000e+00 0.0000000000000e+00 0.0000000000000e+00 0.0000000000000e+00 0.0000000000000e+00 0.0000000000000e+00 0.0000000000000e+00 0.0000000000000e+00
 1   8 0.0000000000000e+00 0.0000000000000e+00 0.0000000000000e+00 0.0000000000000e+00 0.0000000000000e+00 0.0000000000000e+00 0.0000000000000e+00 0.0000000000000e+00 0.0000000000000e+00
 1   9 0.0000000000000e+00 0.0000000000000e+00 0.0000000000000e+00 0.0000000000000e+00 0.0000000000000e+00 0.0000000000000e+00 0.0000000000000e+00 0.0000000000000e+00 0.0000000000000e+00
 1  10 0.0000000000000e+00 0.0000000000000e+00 0.0000000000000e+00 0.0000000000000e+00 0.0000000000000e+00 0.0000000000000e+00 0.0000000000000e+00 0.0000000000000e+00 0.0000000000000e+00
 1  11 0.0000000000000e+00 0.0000000000000e+00 0.0000000000000e+00 0.0000000000000e+00 0.0000000000000e+00 0.0000000000000e+00 0.0000000000000e+00 0.0000000000000e+00 0.0000000000000e+00
 1  12 0.0000000000000e+00 0.0000000000000e+00 0.0000000000000e+00 0.0000000000000e+00 0.0000000000000e+00 0.0000000000000e+00 0.0000000000000e+00 0.0000000000000e+00 0.0000000000000e+00
 1  13 0.0000000000000e+00 0.0000000000000e+00 0.0000000000000e+00 0.0000000000000e+00 0.0000000000000e+00 0.0000000000000e+00 0.0000000000000e+00 0.0000000000000e+00 0.0000000000000e+00
 1  14 0.0000000000000e+00 0.0000000000000e+00 0.0000000000000e+00 0.0000000000000e+00 0.0000000000000e+00 0.0000000000000e+00 0.0000000000000e+00 0.0000000000000e+00 0.0000000000000e+00
 1  15 0.0000000000000e+00 0.0000000000000e+00 0.0000000000000e+00 0.0000000000000e+00 0.0000000000000e+00 0.0000000000000e+00 0.0000000000000e+00 0.0000000000000e+00 0.0000000000000e+00
 1  16 0.0000000000000e+00 0.0000000000000e+00 0.0000000000000e+00 0.0000000000000e+00 0.0000000000000e+00 0.0000000000000e+00 0.0000000000000e+00 0.0000000000000e+00 0.0000000000000e+00
 1  17 0.0000000000000e+00 0.0000000000000e+00 0.0000000000000e+00 0.0000000000000e+00 0.0000000000000e+00 0.0000000000000e+00 0.0000000000000e+00 0.0000000000000e+00 0.0000000000000e+00
 1  18 0.0000000000000e+00 0.0000000000000e+00 0.0000000000000e+00 0.0000000000000e+00 0.0000000000000e+00 0.0000000000000e+00 0.0000000000000e+00 0.0000000000000e+00 0.0000000000000e+00
 1  19 0.0000000000000e+00 0.0000000000000e+00 0.0000000000000e+00 0.0000000000000e+00 0.0000000000000e+00 0.0000000000000e+00 0.0000000000000e+00 0.0000000000000e+00 0.0000000000000e+00
 1  20 0.0000000000000e+00 0.0000000000000e+00 0.0000000000000e+00 0.0000000000000e+00 0.0000000000000e+00 0.0000000000000e+00 0.0000000000000e+00 0.0000000000000e+00 0.0000000000000e+00
 1  21 0.0000000000000e+00 0.0000000000000e+00 0.0000000000000e+00 0.0000000000000e+00 0.0000000000000e+00 0.0000000000000e+00 0.0000000000000e+00 0.0000000000000e+00 0.0000000000000e+00
 1  22 0.0000000000000e+00 0.0000000000000e+00 0.0000000000000e+00 0.0000000000000e+00 0.0000000000000e+00 0.0000000000000e+00 0.0000000000000e+00 0.0000000000000e+00 0.0000000000000e+00
 1  23 0.0000000000000e+00 0.0000000000000e+00 0.0000000000000e+00 0.0000000000000e+00 0.0000000000000e+00 0.0000000000000e+00 0.0000000000000e+00 0.0000000000000e+00 0.0000000000000e+00
 1  24 0.0000000000000e+00 0.0000000000000e+00 6.4899858148927e-36 6.6409590657875e-36 0.0000000000000e+00 0.0000000000000e+00 0.0000000000000e+00 0.0000000000000e+00 0.0000000000000e+00
 1  25 0.0000000000000e+00 0.0000000000000e+00 1.9270595496886e-36 1.1656270572390e-35 1.1327808902845e-36 0.0000000000000e+00 0.0000000000000e+00 0.0000000000000e+00 0.0000000000000e+00
 1  26 0.0000000000000e+00 0.0000000000000e+00 3.9678620248901e-36 1.1151853347770e-35 1.0606511930175e-35 0.0000000000000e+00 5.7845152191820e-36 0.0000000000000e+00 0.0000000000000e+00
 1  27 0.0000000000000e+00 0.0000000000000e+00 0.0000000000000e+00 0.0000000000000e+00 5.8369844972076e-36 0.0000000000000e+00 3.2406490167316e-36 0.0000000000000e+00 0.0000000000000e+00
 1  28 0.0000000000000e+00 0.0000000000000e+00 0.0000000000000e+00 0.0000000000000e+00 0.0000000000000e+00 1.4950682456206e-35 0.0000000000000e+00 8.3384205480386e-36 0.0000000000000e+00
 1  29 0.0000000000000e+00 0.0000000000000e+00 0.0000000000000e+00 0.0000000000000e+00 0.0000000000000e+00 1.5247946782622e-35 0.0000000000000e+00 8.5407154919895e-36 0.0000000000000e+00
 1  30 0.0000000000000e+00 0.0000000000000e+00 0.0000000000000e+00 0.0000000000000e+00 1.0930676308344e-34 5.1624325454194e-35 4.2108159150748e-35 0.0000000000000e+00 0.0000000000000e+00
 1  31 0.0000000000000e+00 0.0000000000000e+00 0.0000000000000e+00 0.0000000000000e+00 9.6369908219103e-35 1.1193966379942e-34 5.9452285571487e-35 0.0000000000000e+00 0.0000000000000e+00
0.41390728 0.41391585 0.41392442 24160.0 24159.0  0
0.41392442 0.41393298 0.41394155 24159.0 24158.0  0
0.41394155 0.41395012 0.41395869 24158.0 24157.0  0
0.41395869 0.41396726 0.41397582 24157.0 24156.0  0
0.41397582 0.41398439 0.41399296 24156.0 24155.0  0
0.41399296 0.41400153 0.41401010 24155.0 24154.0  0
0.41401010 0.41401867 0.41402724 24154.0 24153.0  0
0.41402724 0.41403582 0.41404439 24153.0 24152.0  0
0.41404439 0.41405296 0.41406153 24152.0 24151.0  0
0.41406153 0.41407010 0.41407867 24151.0 24150.0  0
