-----------------------------------------------------------------------------------------------
Content :
Spectral range definition: line 1 (3 values)  ==> max, min and step of the wavenumber (in cm-1)
Temperatures definition :  line 2 (1 value)   ==> NT = number of T values
Temperatures definition :  line 3 (NT values) ==> list of T values (in K)
Pressures definition :     line 4 (1 value)   ==> NP = number of P values
Pressures definition :     line 5 (NP values) ==> list of P values (in mbar)
For each spectral range: 
    First line of the block (6 values): 
    --> min, mean and max wavelengths (in microns), min and max wavenumbers (in cm-1)
        of the spectral range, nmaxai (number of exponentials for the CKD expansion) 
    If nmaxai not null, second line of the block (nmaxnai values): 
    --> coefs kdis_ai for nai = 1 to nmaxai 
    If nmaxai not null, following lines of the block : 
    --> for nai = 1 to nmaxai 
    -->     for pressure index ip = 1 to NP 
    -->         line : nai, ip, kdis_ki(T,P,nai) for temperature index it = 1 to IT 
-----------------------------------------------------------------------------------------------
2950 2900  1
9
  160.00  180.00  200.00  220.00  240.00  260.00  280.00  300.00  320.00
31
    0.007    0.011    0.017    0.028    0.044    0.069    0.110    0.174    0.276    0.438    0.694    1.100    1.743    2.763    4.379    6.941   11.000   17.434   27.631   43.792   69.405  110.000  174.338  219.479  276.308  347.851  437.918  551.306  694.053  873.761 1098.900
3.38983051 3.39040525 3.39097999  2950.0  2949.0  0
3.39097999 3.39155512 3.39213026  2949.0  2948.0  0
3.39213026 3.39270578 3.39328130  2948.0  2947.0  0
3.39328130 3.39385722 3.39443313  2947.0  2946.0  0
3.39443313 3.39500944 3.39558574  2946.0  2945.0  0
3.39558574 3.39616244 3.39673913  2945.0  2944.0  0
3.39673913 3.39731622 3.39789331  2944.0  2943.0  0
3.39789331 3.39847079 3.39904827  2943.0  2942.0  0
3.39904827 3.39962614 3.40020401  2942.0  2941.0  0
3.40020401 3.40078228 3.40136054  2941.0  2940.0  0
3.40136054 3.40193920 3.40251786  2940.0  2939.0  0
3.40251786 3.40309692 3.40367597  2939.0  2938.0  0
3.40367597 3.40425542 3.40483487  2938.0  2937.0  0
3.40483487 3.40541471 3.40599455  2937.0  2936.0  0
3.40599455 3.40657479 3.40715503  2936.0  2935.0  0
3.40715503 3.40773566 3.40831629  2935.0  2934.0  0
3.40831629 3.40889732 3.40947835  2934.0  2933.0  0
3.40947835 3.41005978 3.41064120  2933.0  2932.0  0
3.41064120 3.41122302 3.41180484  2932.0  2931.0  0
3.41180484 3.41238706 3.41296928  2931.0  2930.0  0
3.41296928 3.41355190 3.41413452  2930.0  2929.0  0
3.41413452 3.41471754 3.41530055  2929.0  2928.0  0
3.41530055 3.41588396 3.41646737  2928.0  2927.0  0
3.41646737 3.41705118 3.41763500  2927.0  2926.0  0
3.41763500 3.41821921 3.41880342  2926.0  2925.0  0
3.41880342 3.41938803 3.41997264  2925.0  2924.0  0
3.41997264 3.42055765 3.42114266  2924.0  2923.0  0
3.42114266 3.42172807 3.42231348  2923.0  2922.0  0
3.42231348 3.42289930 3.42348511  2922.0  2921.0  0
3.42348511 3.42407132 3.42465753  2921.0  2920.0  0
3.42465753 3.42524414 3.42583076  2920.0  2919.0  0
3.42583076 3.42641778 3.42700480  2919.0  2918.0  0
3.42700480 3.42759222 3.42817964  2918.0  2917.0  0
3.42817964 3.42876746 3.42935528  2917.0  2916.0  0
3.42935528 3.42994350 3.43053173  2916.0  2915.0  0
3.43053173 3.43112036 3.43170899  2915.0  2914.0  0
3.43170899 3.43229802 3.43288706  2914.0  2913.0  0
3.43288706 3.43347650 3.43406593  2913.0  2912.0  0
3.43406593 3.43465578 3.43524562  2912.0  2911.0  0
3.43524562 3.43583587 3.43642612  2911.0  2910.0  0
3.43642612 3.43701678 3.43760743  2910.0  2909.0  0
3.43760743 3.43819849 3.43878955  2909.0  2908.0  0
3.43878955 3.43938102 3.43997248  2908.0  2907.0  0
3.43997248 3.44056436 3.44115623  2907.0  2906.0  1
1.0000000000000 
 1   1 1.4113850106710e-39 4.5375025183763e-39 1.1450336254540e-38 2.4324091870963e-38 4.3007991054182e-38 4.3017177966914e-38 4.3017177966914e-38 4.3017177966914e-38 4.3017177966914e-38
 1   2 2.4988710917011e-39 7.8666009112359e-39 1.9654992012504e-38 4.1399659149544e-38 7.6712363634948e-38 8.6362024356338e-38 8.6362024356338e-38 8.6362024356338e-38 8.6362024356338e-38
 1   3 4.0593640680655e-39 1.2444732677287e-38 3.0662655279567e-38 6.4133467840090e-38 1.1834491298407e-37 1.5721167471260e-37 1.5721167471260e-37 1.5721167471260e-37 1.5721167471260e-37
 1   4 5.8385324723848e-39 1.8541371715114e-38 4.6627570210905e-38 9.8753415206282e-38 1.8368054356632e-37 2.9205862593458e-37 2.9205862593458e-37 2.9205862593458e-37 2.9205862593458e-37
 1   5 1.1448608453534e-38 2.9978636657579e-38 7.5004354567946e-38 1.5816165417792e-37 2.9319908109756e-37 4.9210570778250e-37 5.3978016845792e-37 5.3978016845792e-37 5.3978016845792e-37
 1   6 2.7171177223258e-38 4.9716612163842e-38 1.2249025652201e-37 2.5609027631849e-37 4.7234026962893e-37 7.9030991310377e-37 9.9789266241499e-37 9.9789266241499e-37 9.9789266241499e-37
 1   7 6.1629106461005e-38 7.4389986084829e-38 1.8648645876973e-37 3.9416162651727e-37 7.3200612152977e-37 1.2303077657606e-36 1.8033589300258e-36 1.8033589300258e-36 1.8033589300258e-36
 1   8 1.3676673011810e-37 1.3676673011810e-37 2.9680041815087e-37 6.2654619276672e-37 1.1621327345468e-36 1.9510278967210e-36 3.0285868655389e-36 3.2535910057741e-36 3.2535910057741e-36
 1   9 2.9710330040615e-37 2.9710330040615e-37 4.8330039664819e-37 1.0102422048876e-36 1.8629677004129e-36 3.1163468028225e-36 4.8262419502955e-36 5.8519063304036e-36 5.8519063304036e-36
 1  10 6.2960340002114e-37 6.2960340002114e-37 7.4343744356545e-37 1.5681809593656e-36 2.9087727527721e-36 4.8842952569664e-36 7.5835298997606e-36 1.0428239143117e-35 1.0428239143117e-35
 1  11 1.3087146523661e-36 1.3087146523661e-36 1.3087146523661e-36 2.4808494741981e-36 4.6043853281982e-36 7.7321161452202e-36 1.2004036529579e-35 1.7503036267403e-35 1.8491843403833e-35
 1  12 2.3501596710523e-36 2.3501596710523e-36 2.3501596710523e-36 4.0141428101648e-36 7.4077610649031e-36 1.2391847067882e-35 1.9185987741261e-35 2.7919942336323e-35 3.0886102588419e-35
 1  13 2.8597699059941e-36 2.8597699059941e-36 2.8859641876111e-36 6.1510217160384e-36 1.1474547497043e-35 1.9328486297776e-35 3.0062731358599e-35 4.3744753788061e-35 4.3744753788061e-35
 1  14 3.4146281356112e-36 3.4146281356112e-36 4.8371947681420e-36 1.0100611705785e-35 1.8608688288468e-35 3.1100745101814e-35 4.8125674296782e-35 6.1614868013044e-35 6.1614868013044e-35
 1  15 3.9941488594681e-36 3.9941488594681e-36 7.6339497395458e-36 1.5975225080078e-35 2.9457615794977e-35 4.9249402126363e-35 7.6215162178167e-35 8.6304473813136e-35 8.6304473813136e-35
 1  16 4.5653043023292e-36 4.5653043023292e-36 1.1487377920307e-35 2.4469031287616e-35 4.5619744763822e-35 7.6809929029316e-35 1.1941377601030e-34 1.2013864506091e-34 1.2013864506091e-34
 1  17 5.0859286983591e-36 7.7957222708170e-36 1.9188818857416e-35 4.0084503725862e-35 7.3861802972778e-35 1.2344872924611e-34 1.6613672624017e-34 1.6613672624017e-34 1.6613672624017e-34
 1  18 5.5047767645042e-36 1.2315827366078e-35 3.0401911414363e-35 6.3554973225441e-35 1.1710996779480e-34 1.9568183543425e-34 2.2809154630111e-34 2.2809154630111e-34 2.2809154630111e-34
 1  19 5.7690337634312e-36 1.8084987762049e-35 4.5899587609630e-35 9.7567087226456e-35 1.8164180667231e-34 3.0551513733491e-34 3.1078059438375e-34 3.1078059438375e-34 3.1078059438375e-34
 1  20 1.0063785671825e-35 3.0870921032960e-35 7.6060861325466e-35 1.5897154863837e-34 2.9300170150505e-34 4.1994099464519e-34 4.1994099464519e-34 4.1994099464519e-34 4.1994099464519e-34
 1  21 1.5927987196742e-35 4.9086462997305e-35 1.2099785796296e-34 2.5271966823653e-34 4.6536847892795e-34 5.6238606846315e-34 5.6238606846315e-34 5.6238606846315e-34 5.6238606846315e-34
 1  22 2.4375293074772e-35 7.5642562119904e-35 1.8740258994912e-34 3.9289227270205e-34 7.2556755139582e-34 8.7854574336336e-34 8.7854574336336e-34 8.7854574336336e-34 8.7854574336336e-34
 1  23 4.5509814805062e-35 1.1681917069622e-34 2.9218785533810e-34 6.1590012736009e-34 1.1412033438989e-33 1.9140980427332e-33 2.1183831652008e-33 2.1183831652008e-33 2.1183831652008e-33
 1  24 9.5399166846684e-35 1.5093927176128e-34 3.7298690595093e-34 7.8136110506066e-34 1.4428969077733e-33 2.4154294856276e-33 3.2201999178365e-33 3.2201999178365e-33 3.2201999178365e-33
 1  25 1.9019273599339e-34 1.9019273599339e-34 4.5120455260226e-34 9.5923755307556e-34 1.7867556376827e-33 3.0071454238408e-33 4.6737875793885e-33 4.8350635676114e-33 4.8350635676114e-33
 1  26 3.6290600874330e-34 3.6290600874330e-34 5.9309654714460e-34 1.2411807914752e-33 2.2898481180514e-33 3.8298605119988e-33 5.9292166480927e-33 7.1781900487589e-33 7.1781900487589e-33
 1  27 6.6683512410069e-34 6.6683512410069e-34 7.0991662471634e-34 1.5118076008609e-33 2.8171710267395e-33 4.7456271819550e-33 7.3840279257955e-33 1.0542462227652e-32 1.0542462227652e-32
 1  28 1.1870596540309e-33 1.1870596540309e-33 1.1870596540309e-33 1.9578953092059e-33 3.6047919147248e-33 6.0428840130813e-33 9.3465848047864e-33 1.3605418470231e-32 1.5315655486818e-32
 1  29 2.0416608529745e-33 2.0416608529745e-33 2.0416608529745e-33 2.4269880848451e-33 4.4951774575948e-33 7.5387237170477e-33 1.1692601900011e-32 1.7037181657276e-32 2.2151247707029e-32
 1  30 3.4023052986139e-33 3.4023052986139e-33 3.4023052986139e-33 3.4023052986139e-33 5.6528035596006e-33 9.5366945674090e-33 1.4714409228155e-32 2.1382993088474e-32 2.9519775270441e-32
 1  31 5.5265547316383e-33 5.5265547316383e-33 5.5265547316383e-33 5.5265547316383e-33 6.9992768698279e-33 1.1802465071407e-32 1.8282374006895e-32 2.6609310032523e-32 3.6815827729653e-32
3.44115623 3.44174851 3.44234079  2906.0  2905.0  0
3.44234079 3.44293348 3.44352617  2905.0  2904.0  0
3.44352617 3.44411927 3.44471237  2904.0  2903.0  0
3.44471237 3.44530588 3.44589938  2903.0  2902.0  0
3.44589938 3.44649330 3.44708721  2902.0  2901.0  1
1.0000000000000 
 1   1 5.2009114030702e-38 1.6659710099036e-37 4.2157035185620e-37 8.9644654571082e-37 1.5866255447971e-36 1.5869650850202e-36 1.5869650850202e-36 1.5869650850202e-36 1.5869650850202e-36
 1   2 9.1696986212583e-38 2.8925071528215e-37 7.2349604716631e-37 1.5261751881835e-36 2.8307972418859e-36 3.1873374350147e-36 3.1873374350147e-36 3.1873374350147e-36 3.1873374350147e-36
 1   3 1.4879931008846e-37 4.5741372807004e-37 1.1289800307507e-36 2.3642836833755e-36 4.3671756765517e-36 5.8037999559104e-36 5.8037999559104e-36 5.8037999559104e-36 5.8037999559104e-36
 1   4 2.1440449444331e-37 6.8145776585983e-37 1.7166588676383e-36 3.6404426523536e-36 6.7775485820967e-36 1.0784869378080e-35 1.0784869378080e-35 1.0784869378080e-35 1.0784869378080e-35
 1   5 4.2016533154315e-37 1.1020964448138e-36 2.7613301462257e-36 5.8303077696510e-36 1.0819203656741e-35 1.8174431230518e-35 1.9937618229426e-35 1.9937618229426e-35 1.9937618229426e-35
 1   6 9.9801875685600e-37 1.8282101175115e-36 4.5102273984381e-36 9.4406050616583e-36 1.7430101664298e-35 2.9188466044753e-35 3.6868022870113e-35 3.6868022870113e-35 3.6868022870113e-35
 1   7 2.2649467338575e-36 2.7350981977059e-36 6.8662150361724e-36 1.4529266583493e-35 2.7011072259580e-35 4.5436857243083e-35 6.6642712195013e-35 6.6642712195013e-35 6.6642712195013e-35
 1   8 5.0285315132603e-36 5.0285315132603e-36 1.0927696533480e-35 2.3095809373847e-35 4.2883095765921e-35 7.2054480408389e-35 1.1193406183415e-34 1.2026239339198e-34 1.2026239339198e-34
 1   9 1.0929805880032e-35 1.0929805880032e-35 1.7796614259606e-35 3.7242820749090e-35 6.8746646192837e-35 1.1509569393982e-34 1.7837713513996e-34 2.1635033219957e-34 2.1635033219957e-34
 1  10 2.3172964104986e-35 2.3172964104986e-35 2.7372820888524e-35 5.7808533505192e-35 1.0733173742363e-34 1.8038619733053e-34 2.8027669965091e-34 3.8562027893878e-34 3.8562027893878e-34
 1  11 4.8189505706330e-35 4.8189505706330e-35 4.8189505706330e-35 9.1452995576775e-35 1.6989769975264e-34 2.8556112072971e-34 4.4365172589174e-34 6.4730887723658e-34 6.8393369962386e-34
 1  12 8.6555345429765e-35 8.6555345429765e-35 8.6555345429765e-35 1.4798451059014e-34 2.7335386444403e-34 4.5766715422014e-34 7.0910548769653e-34 1.0325716865066e-33 1.1424477148718e-33
 1  13 1.0527790542868e-34 1.0527790542868e-34 1.0624453142293e-34 2.2673433246227e-34 4.2337986663433e-34 7.1381793434638e-34 1.1110488832289e-33 1.6177682228474e-33 1.6177682228474e-33
 1  14 1.2564536543759e-34 1.2564536543759e-34 1.7811941029942e-34 3.7236462862896e-34 6.8668995837005e-34 1.1486476210529e-33 1.7787176440460e-33 2.2781857447233e-33 2.2781857447233e-33
 1  15 1.4689547935895e-34 1.4689547935895e-34 2.8109644624849e-34 5.8891490966254e-34 1.0870358295290e-33 1.8189151427403e-33 2.8169131526663e-33 3.1904070135149e-33 3.1904070135149e-33
 1  16 1.6781033632215e-34 1.6781033632215e-34 4.2290888829228e-34 9.0190547934359e-34 1.6833073593645e-33 2.8366058054494e-33 4.4133512958340e-33 4.4401786483137e-33 4.4401786483137e-33
 1  17 1.8683254406559e-34 2.8664716730727e-34 7.0656674132299e-34 1.4776973261939e-33 2.7256143431478e-33 4.5593216129253e-33 6.1388006786885e-33 6.1388006786885e-33 6.1388006786885e-33
 1  18 2.0209114950549e-34 4.5283706629971e-34 1.1194125255350e-33 2.3429292185017e-33 4.3215246158837e-33 7.2271427763149e-33 8.4259949345720e-33 8.4259949345720e-33 8.4259949345720e-33
 1  19 2.1164667879847e-34 6.6474380026443e-34 1.6897751496880e-33 3.5963544366797e-33 6.7025740141566e-33 1.1283017791198e-32 1.1477721532681e-32 1.1477721532681e-32 1.1477721532681e-32
 1  20 3.6938369434142e-34 1.1350752530758e-33 2.8006617595952e-33 5.8605494109054e-33 1.0812503402079e-32 1.5505080523981e-32 1.5505080523981e-32 1.5505080523981e-32 1.5505080523981e-32
 1  21 5.8461957983624e-34 1.8048896584250e-33 4.4551911805416e-33 9.3162857032100e-33 1.7172954193532e-32 2.0758593999204e-32 2.0758593999204e-32 2.0758593999204e-32 2.0758593999204e-32
 1  22 8.9454541533950e-34 2.7811865732669e-33 6.9000203308963e-33 1.4483240917226e-32 2.6774619803079e-32 3.2428647713515e-32 3.2428647713515e-32 3.2428647713515e-32 3.2428647713515e-32
 1  23 1.6703247589437e-33 4.2946601618636e-33 1.0757711406335e-32 2.2705496232178e-32 4.2109190463370e-32 7.0689451873916e-32 7.8245182790168e-32 7.8245182790168e-32 7.8245182790168e-32
 1  24 3.5043646568882e-33 5.5502438815433e-33 1.3733932328870e-32 2.8805577228976e-32 5.3249500301642e-32 8.9211692849936e-32 1.1899169612103e-31 1.1899169612103e-31 1.1899169612103e-31
 1  25 6.9918323171673e-33 6.9918323171673e-33 1.6612948684800e-32 3.5355793216271e-32 6.5938321174347e-32 1.1105881371978e-31 1.7274732314783e-31 1.7871724753263e-31 1.7871724753263e-31
 1  26 1.3359510929511e-32 1.3359510929511e-32 2.1847394172285e-32 4.5761433778959e-32 8.4494680873900e-32 1.4144818738487e-31 2.1916955813737e-31 2.6542255720522e-31 2.6542255720522e-31
 1  27 2.4571815388667e-32 2.4571815388667e-32 2.6160920651138e-32 5.5748424967338e-32 1.0406012018903e-31 1.7538999901769e-31 2.7295498394597e-31 3.9006431394325e-31 3.9006431394325e-31
 1  28 4.3729283226296e-32 4.3729283226296e-32 4.3729283226296e-32 7.2137167206502e-32 1.3340003600759e-31 2.2350414653625e-31 3.4649856549104e-31 5.0474326235043e-31 5.6808590391906e-31
 1  29 7.5602371738460e-32 7.5602371738460e-32 7.5602371738460e-32 8.9905998588249e-32 1.6670914956102e-31 2.7984422719772e-31 4.3427712501581e-31 6.3317880955630e-31 8.1982004099794e-31
 1  30 1.2739057974776e-31 1.2739057974776e-31 1.2739057974776e-31 1.2739057974776e-31 2.0958981990557e-31 3.5216531812782e-31 5.4682553693190e-31 7.9708165443383e-31 1.1037749014108e-30
 1  31 2.0958845633212e-31 2.0958845633212e-31 2.0958845633212e-31 2.0958845633212e-31 2.6551887721233e-31 4.4477334917317e-31 6.8938272095217e-31 1.0039620774102e-30 1.3899584991129e-30
3.44708721 3.44768154 3.44827586  2901.0  2900.0  1
1.0000000000000 
 1   1 8.2492911497918e-37 2.6418693848797e-36 6.6832485943035e-36 1.4208485195413e-35 2.5143350637312e-35 2.5148731623415e-35 2.5148731623415e-35 2.5148731623415e-35 2.5148731623415e-35
 1   2 1.4546533629799e-36 4.5867504018090e-36 1.1469677345888e-35 2.4189199921245e-35 4.4858660959272e-35 5.0507238478928e-35 5.0507238478928e-35 5.0507238478928e-35 5.0507238478928e-35
 1   3 2.3602258817552e-36 7.2531359181063e-36 1.7897508466502e-35 3.7472725174003e-35 6.9205111948532e-35 9.1963618154569e-35 9.1963618154569e-35 9.1963618154569e-35 9.1963618154569e-35
 1   4 3.4010418631660e-36 1.0806159428963e-35 2.7214614157378e-35 5.7700041345918e-35 1.0740313952189e-34 1.7088216479201e-34 1.7088216479201e-34 1.7088216479201e-34 1.7088216479201e-34
 1   5 6.6647853547868e-36 1.7475956275474e-35 4.3776459993109e-35 9.2408354503588e-35 1.7145002958251e-34 2.8796032306683e-34 3.1588910456966e-34 3.1588910456966e-34 3.1588910456966e-34
 1   6 1.5828702980888e-35 2.8989177278372e-35 7.1500511476408e-35 1.4962973202437e-34 2.7620905297846e-34 4.6246845171253e-34 5.8410621941272e-34 5.8410621941272e-34 5.8410621941272e-34
 1   7 3.5918558634210e-35 4.3370854175031e-35 1.0885013403767e-34 2.3028843504021e-34 4.2803840584793e-34 7.1991966838211e-34 1.0557866897448e-33 1.0557866897448e-33 1.0557866897448e-33
 1   8 7.9736795168493e-35 7.9736795168493e-35 1.7323494428583e-34 3.6606751457516e-34 6.7955833516265e-34 1.1416586642888e-33 1.7732773092536e-33 1.9051789793464e-33 1.9051789793464e-33
 1   9 1.7329604932909e-34 1.7329604932909e-34 2.8212165180985e-34 5.9028279937781e-34 1.0894099607757e-33 1.8236046305161e-33 2.8258753787363e-33 3.4272573702620e-33 3.4272573702620e-33
 1  10 3.6738317285199e-34 3.6738317285199e-34 4.3393755077914e-34 9.1623493915110e-34 1.7008887140910e-33 2.8580918218015e-33 4.4402186885900e-33 6.1084780672251e-33 6.1084780672251e-33
 1  11 7.6393164624483e-34 7.6393164624483e-34 7.6393164624483e-34 1.4494696660688e-33 2.6923790770882e-33 4.5245192659592e-33 7.0284563130351e-33 1.0253595511197e-32 1.0833576342369e-32
 1  12 1.3720805363050e-33 1.3720805363050e-33 1.3720805363050e-33 2.3454322867850e-33 4.3317988038519e-33 7.2513968981922e-33 1.1233787353102e-32 1.6356248636572e-32 1.8096184517932e-32
 1  13 1.6690043481799e-33 1.6690043481799e-33 1.6843217742551e-33 3.5936302285217e-33 6.7094080444387e-33 1.1309985835658e-32 1.7601636412126e-32 2.5626067782778e-32 2.5626067782778e-32
 1  14 1.9920661953004e-33 1.9920661953004e-33 2.8236459802316e-33 5.9017739977887e-33 1.0881828916102e-32 1.8199420839925e-32 2.8178715479042e-32 3.6088637536876e-32 3.6088637536876e-32
 1  15 2.3291926486574e-33 2.3291926486574e-33 4.4561084334773e-33 9.3341348502433e-33 1.7225916091509e-32 2.8819386348863e-32 4.4625844522611e-32 5.0541002625610e-32 5.0541002625610e-32
 1  16 2.6610831930365e-33 2.6610831930365e-33 6.7044224790233e-33 1.4295410144276e-32 2.6675134777433e-32 4.4944573938365e-32 6.9917204982672e-32 7.0342099170720e-32 7.0342099170720e-32
 1  17 2.9630913853208e-33 4.5452961286100e-33 1.1201107140781e-32 2.3420974093117e-32 4.3191814883005e-32 7.2238988527170e-32 9.7256035625523e-32 9.7256035625523e-32 9.7256035625523e-32
 1  18 3.2054559125993e-33 7.1805366293567e-33 1.7746200176758e-32 3.7134313230329e-32 6.8481861728129e-32 1.1451028847773e-31 1.3350077587345e-31 1.3350077587345e-31 1.3350077587345e-31
 1  19 3.3574399853209e-33 1.0541668768965e-32 2.6788869733347e-32 5.7001437293125e-32 1.0621327319143e-31 1.7877597523040e-31 1.8186043714213e-31 1.8186043714213e-31 1.8186043714213e-31
 1  20 5.8592475509119e-33 1.7999137173696e-32 4.4398639097013e-32 9.2885964929660e-32 1.7134181981738e-31 2.4568438487271e-31 2.4568438487271e-31 2.4568438487271e-31 2.4568438487271e-31
 1  21 9.2731075916524e-33 2.8620184137437e-32 7.0630206958635e-32 1.4766116873659e-31 2.7213841504022e-31 3.2894523748863e-31 3.2894523748863e-31 3.2894523748863e-31 3.2894523748863e-31
 1  22 1.4190178420623e-32 4.4102258767604e-32 1.0938985859543e-31 2.2955742522547e-31 4.2428716276546e-31 5.1385719919077e-31 5.1385719919077e-31 5.1385719919077e-31 5.1385719919077e-31
 1  23 2.6495915969971e-32 6.8102794187347e-32 1.7054612769131e-31 3.5987054253814e-31 6.6732010258045e-31 1.1200392293279e-30 1.2397164032247e-30 1.2397164032247e-30 1.2397164032247e-30
 1  24 5.5580006014224e-32 8.8003437471556e-32 2.1772106697851e-31 4.5655297806276e-31 8.4373824773209e-31 1.4134001134174e-30 1.8850787885493e-30 1.8850787885493e-30 1.8850787885493e-30
 1  25 1.1087661209541e-31 1.1087661209541e-31 2.6333281036810e-31 5.6044396812459e-31 1.0447900995193e-30 1.7595241428984e-30 2.7365523533471e-30 2.8311032884752e-30 2.8311032884752e-30
 1  26 2.1179784498427e-31 2.1179784498427e-31 3.4632423967881e-31 7.2527507738108e-31 1.3389575608126e-30 2.2412105067354e-30 3.4719562893910e-30 4.2041801840775e-30 4.2041801840775e-30
 1  27 3.8958591125235e-31 3.8958591125235e-31 4.1476504726674e-31 8.8355553277862e-31 1.6487096321695e-30 2.7786162431969e-30 4.3238297103471e-30 6.1792322506342e-30 6.1792322506342e-30
 1  28 6.9334418393421e-31 6.9334418393421e-31 6.9334418393421e-31 1.1435313428698e-30 2.1143291511404e-30 3.5419916785757e-30 5.4895375534813e-30 7.9943847358745e-30 8.9969937722671e-30
 1  29 1.1987149721889e-30 1.1987149721889e-30 1.1987149721889e-30 1.4253313810783e-30 2.6420617916087e-30 4.4344800280251e-30 6.8820435839513e-30 1.0031377643477e-29 1.2986319920088e-29
 1  30 2.0197834822269e-30 2.0197834822269e-30 2.0197834822269e-30 2.0197834822269e-30 3.3226685068365e-30 5.5791158653869e-30 8.6599492611519e-30 1.2623888492577e-29 1.7487445399669e-29
 1  31 3.3202385249145e-30 3.3202385249145e-30 3.3202385249145e-30 3.3202385249145e-30 4.2059191634003e-30 7.0443701379241e-30 1.0917300151680e-29 1.5897864073741e-29 2.2007717331236e-29
