-----------------------------------------------------------------------------------------------
Content :
Spectral range definition: line 1 (3 values)  ==> max, min and step of the wavenumber (in cm-1)
Temperatures definition :  line 2 (1 value)   ==> NT = number of T values
Temperatures definition :  line 3 (NT values) ==> list of T values (in K)
Pressures definition :     line 4 (1 value)   ==> NP = number of P values
Pressures definition :     line 5 (NP values) ==> list of P values (in mbar)
For each spectral range: 
    First line of the block (6 values): 
    --> min, mean and max wavelengths (in microns), min and max wavenumbers (in cm-1)
        of the spectral range, nmaxai (number of exponentials for the CKD expansion) 
    If nmaxai not null, second line of the block (nmaxnai values): 
    --> coefs kdis_ai for nai = 1 to nmaxai 
    If nmaxai not null, following lines of the block : 
    --> for nai = 1 to nmaxai 
    -->     for pressure index ip = 1 to NP 
    -->         line : nai, ip, kdis_ki(T,P,nai) for temperature index it = 1 to IT 
-----------------------------------------------------------------------------------------------
12850 12800  1
9
  160.00  180.00  200.00  220.00  240.00  260.00  280.00  300.00  320.00
31
    0.007    0.011    0.017    0.028    0.044    0.069    0.110    0.174    0.276    0.438    0.694    1.100    1.743    2.763    4.379    6.941   11.000   17.434   27.631   43.792   69.405  110.000  174.338  219.479  276.308  347.851  437.918  551.306  694.053  873.761 1098.900
0.77821012 0.77824040 0.77827068 12850.0 12849.0  0
0.77827068 0.77830097 0.77833126 12849.0 12848.0  0
0.77833126 0.77836155 0.77839184 12848.0 12847.0  0
0.77839184 0.77842214 0.77845244 12847.0 12846.0  0
0.77845244 0.77848274 0.77851304 12846.0 12845.0  0
0.77851304 0.77854334 0.77857365 12845.0 12844.0  0
0.77857365 0.77860396 0.77863428 12844.0 12843.0  0
0.77863428 0.77866460 0.77869491 12843.0 12842.0  0
0.77869491 0.77872523 0.77875555 12842.0 12841.0  0
0.77875555 0.77878588 0.77881620 12841.0 12840.0  0
0.77881620 0.77884653 0.77887686 12840.0 12839.0  0
0.77887686 0.77890720 0.77893753 12839.0 12838.0  0
0.77893753 0.77896787 0.77899821 12838.0 12837.0  0
0.77899821 0.77902856 0.77905890 12837.0 12836.0  0
0.77905890 0.77908924 0.77911959 12836.0 12835.0  0
0.77911959 0.77914994 0.77918030 12835.0 12834.0  0
0.77918030 0.77921066 0.77924102 12834.0 12833.0  0
0.77924102 0.77927138 0.77930175 12833.0 12832.0  0
0.77930175 0.77933212 0.77936248 12832.0 12831.0  0
0.77936248 0.77939286 0.77942323 12831.0 12830.0  0
0.77942323 0.77945360 0.77948398 12830.0 12829.0  0
0.77948398 0.77951436 0.77954475 12829.0 12828.0  0
0.77954475 0.77957514 0.77960552 12828.0 12827.0  0
0.77960552 0.77963591 0.77966630 12827.0 12826.0  0
0.77966630 0.77969670 0.77972710 12826.0 12825.0  0
0.77972710 0.77975750 0.77978790 12825.0 12824.0  0
0.77978790 0.77981830 0.77984871 12824.0 12823.0  0
0.77984871 0.77987912 0.77990953 12823.0 12822.0  0
0.77990953 0.77993994 0.77997036 12822.0 12821.0  0
0.77997036 0.78000078 0.78003120 12821.0 12820.0  0
0.78003120 0.78006163 0.78009205 12820.0 12819.0  0
0.78009205 0.78012248 0.78015291 12819.0 12818.0  0
0.78015291 0.78018334 0.78021378 12818.0 12817.0  0
0.78021378 0.78024422 0.78027466 12817.0 12816.0  0
0.78027466 0.78030510 0.78033554 12816.0 12815.0  0
0.78033554 0.78036599 0.78039644 12815.0 12814.0  0
0.78039644 0.78042690 0.78045735 12814.0 12813.0  0
0.78045735 0.78048780 0.78051826 12813.0 12812.0  0
0.78051826 0.78054872 0.78057919 12812.0 12811.0  0
0.78057919 0.78060966 0.78064012 12811.0 12810.0  1
1.0000000000000 
 1   1 0.0000000000000e+00 0.0000000000000e+00 0.0000000000000e+00 0.0000000000000e+00 0.0000000000000e+00 0.0000000000000e+00 0.0000000000000e+00 0.0000000000000e+00 0.0000000000000e+00
 1   2 0.0000000000000e+00 0.0000000000000e+00 0.0000000000000e+00 0.0000000000000e+00 0.0000000000000e+00 0.0000000000000e+00 0.0000000000000e+00 0.0000000000000e+00 0.0000000000000e+00
 1   3 0.0000000000000e+00 0.0000000000000e+00 0.0000000000000e+00 0.0000000000000e+00 0.0000000000000e+00 0.0000000000000e+00 0.0000000000000e+00 0.0000000000000e+00 0.0000000000000e+00
 1   4 0.0000000000000e+00 0.0000000000000e+00 0.0000000000000e+00 0.0000000000000e+00 0.0000000000000e+00 0.0000000000000e+00 0.0000000000000e+00 0.0000000000000e+00 0.0000000000000e+00
 1   5 0.0000000000000e+00 0.0000000000000e+00 0.0000000000000e+00 0.0000000000000e+00 0.0000000000000e+00 0.0000000000000e+00 0.0000000000000e+00 0.0000000000000e+00 0.0000000000000e+00
 1   6 0.0000000000000e+00 0.0000000000000e+00 0.0000000000000e+00 0.0000000000000e+00 0.0000000000000e+00 0.0000000000000e+00 0.0000000000000e+00 0.0000000000000e+00 0.0000000000000e+00
 1   7 0.0000000000000e+00 0.0000000000000e+00 0.0000000000000e+00 0.0000000000000e+00 0.0000000000000e+00 0.0000000000000e+00 0.0000000000000e+00 0.0000000000000e+00 0.0000000000000e+00
 1   8 0.0000000000000e+00 0.0000000000000e+00 0.0000000000000e+00 0.0000000000000e+00 0.0000000000000e+00 0.0000000000000e+00 0.0000000000000e+00 0.0000000000000e+00 0.0000000000000e+00
 1   9 0.0000000000000e+00 0.0000000000000e+00 0.0000000000000e+00 0.0000000000000e+00 0.0000000000000e+00 0.0000000000000e+00 0.0000000000000e+00 0.0000000000000e+00 0.0000000000000e+00
 1  10 0.0000000000000e+00 0.0000000000000e+00 0.0000000000000e+00 0.0000000000000e+00 0.0000000000000e+00 0.0000000000000e+00 0.0000000000000e+00 0.0000000000000e+00 0.0000000000000e+00
 1  11 0.0000000000000e+00 0.0000000000000e+00 0.0000000000000e+00 0.0000000000000e+00 0.0000000000000e+00 0.0000000000000e+00 0.0000000000000e+00 0.0000000000000e+00 0.0000000000000e+00
 1  12 0.0000000000000e+00 0.0000000000000e+00 0.0000000000000e+00 0.0000000000000e+00 0.0000000000000e+00 0.0000000000000e+00 0.0000000000000e+00 0.0000000000000e+00 0.0000000000000e+00
 1  13 0.0000000000000e+00 0.0000000000000e+00 0.0000000000000e+00 0.0000000000000e+00 0.0000000000000e+00 0.0000000000000e+00 0.0000000000000e+00 0.0000000000000e+00 0.0000000000000e+00
 1  14 0.0000000000000e+00 0.0000000000000e+00 0.0000000000000e+00 0.0000000000000e+00 0.0000000000000e+00 0.0000000000000e+00 0.0000000000000e+00 0.0000000000000e+00 0.0000000000000e+00
 1  15 0.0000000000000e+00 0.0000000000000e+00 0.0000000000000e+00 0.0000000000000e+00 0.0000000000000e+00 0.0000000000000e+00 0.0000000000000e+00 0.0000000000000e+00 0.0000000000000e+00
 1  16 0.0000000000000e+00 0.0000000000000e+00 0.0000000000000e+00 0.0000000000000e+00 0.0000000000000e+00 0.0000000000000e+00 0.0000000000000e+00 0.0000000000000e+00 0.0000000000000e+00
 1  17 0.0000000000000e+00 0.0000000000000e+00 0.0000000000000e+00 0.0000000000000e+00 0.0000000000000e+00 0.0000000000000e+00 0.0000000000000e+00 0.0000000000000e+00 0.0000000000000e+00
 1  18 0.0000000000000e+00 0.0000000000000e+00 0.0000000000000e+00 0.0000000000000e+00 0.0000000000000e+00 0.0000000000000e+00 0.0000000000000e+00 0.0000000000000e+00 0.0000000000000e+00
 1  19 0.0000000000000e+00 0.0000000000000e+00 0.0000000000000e+00 0.0000000000000e+00 0.0000000000000e+00 0.0000000000000e+00 0.0000000000000e+00 0.0000000000000e+00 0.0000000000000e+00
 1  20 0.0000000000000e+00 0.0000000000000e+00 0.0000000000000e+00 0.0000000000000e+00 0.0000000000000e+00 0.0000000000000e+00 0.0000000000000e+00 0.0000000000000e+00 0.0000000000000e+00
 1  21 0.0000000000000e+00 0.0000000000000e+00 0.0000000000000e+00 0.0000000000000e+00 0.0000000000000e+00 0.0000000000000e+00 0.0000000000000e+00 0.0000000000000e+00 0.0000000000000e+00
 1  22 0.0000000000000e+00 0.0000000000000e+00 0.0000000000000e+00 0.0000000000000e+00 0.0000000000000e+00 0.0000000000000e+00 0.0000000000000e+00 0.0000000000000e+00 0.0000000000000e+00
 1  23 0.0000000000000e+00 0.0000000000000e+00 0.0000000000000e+00 0.0000000000000e+00 0.0000000000000e+00 0.0000000000000e+00 0.0000000000000e+00 0.0000000000000e+00 0.0000000000000e+00
 1  24 0.0000000000000e+00 0.0000000000000e+00 0.0000000000000e+00 0.0000000000000e+00 0.0000000000000e+00 0.0000000000000e+00 0.0000000000000e+00 0.0000000000000e+00 0.0000000000000e+00
 1  25 0.0000000000000e+00 0.0000000000000e+00 0.0000000000000e+00 0.0000000000000e+00 0.0000000000000e+00 0.0000000000000e+00 0.0000000000000e+00 0.0000000000000e+00 0.0000000000000e+00
 1  26 0.0000000000000e+00 0.0000000000000e+00 0.0000000000000e+00 0.0000000000000e+00 0.0000000000000e+00 0.0000000000000e+00 0.0000000000000e+00 0.0000000000000e+00 0.0000000000000e+00
 1  27 0.0000000000000e+00 0.0000000000000e+00 0.0000000000000e+00 0.0000000000000e+00 0.0000000000000e+00 0.0000000000000e+00 0.0000000000000e+00 0.0000000000000e+00 0.0000000000000e+00
 1  28 0.0000000000000e+00 0.0000000000000e+00 0.0000000000000e+00 0.0000000000000e+00 0.0000000000000e+00 0.0000000000000e+00 0.0000000000000e+00 0.0000000000000e+00 0.0000000000000e+00
 1  29 0.0000000000000e+00 0.0000000000000e+00 0.0000000000000e+00 0.0000000000000e+00 0.0000000000000e+00 0.0000000000000e+00 0.0000000000000e+00 0.0000000000000e+00 0.0000000000000e+00
 1  30 0.0000000000000e+00 0.0000000000000e+00 0.0000000000000e+00 0.0000000000000e+00 0.0000000000000e+00 0.0000000000000e+00 0.0000000000000e+00 0.0000000000000e+00 0.0000000000000e+00
 1  31 1.0229065171106e-35 1.0229065171106e-35 1.0229065171106e-35 1.0229065171106e-35 8.8576304621881e-36 1.8392522597273e-36 3.3323772518999e-36 0.0000000000000e+00 0.0000000000000e+00
0.78064012 0.78067060 0.78070107 12810.0 12809.0  1
1.0000000000000 
 1   1 0.0000000000000e+00 0.0000000000000e+00 0.0000000000000e+00 0.0000000000000e+00 0.0000000000000e+00 0.0000000000000e+00 0.0000000000000e+00 0.0000000000000e+00 0.0000000000000e+00
 1   2 0.0000000000000e+00 0.0000000000000e+00 0.0000000000000e+00 0.0000000000000e+00 0.0000000000000e+00 0.0000000000000e+00 0.0000000000000e+00 0.0000000000000e+00 0.0000000000000e+00
 1   3 0.0000000000000e+00 0.0000000000000e+00 0.0000000000000e+00 0.0000000000000e+00 0.0000000000000e+00 0.0000000000000e+00 0.0000000000000e+00 0.0000000000000e+00 0.0000000000000e+00
 1   4 0.0000000000000e+00 0.0000000000000e+00 0.0000000000000e+00 0.0000000000000e+00 0.0000000000000e+00 0.0000000000000e+00 0.0000000000000e+00 0.0000000000000e+00 0.0000000000000e+00
 1   5 0.0000000000000e+00 0.0000000000000e+00 0.0000000000000e+00 0.0000000000000e+00 0.0000000000000e+00 0.0000000000000e+00 0.0000000000000e+00 0.0000000000000e+00 0.0000000000000e+00
 1   6 0.0000000000000e+00 0.0000000000000e+00 0.0000000000000e+00 0.0000000000000e+00 0.0000000000000e+00 0.0000000000000e+00 0.0000000000000e+00 0.0000000000000e+00 0.0000000000000e+00
 1   7 0.0000000000000e+00 0.0000000000000e+00 0.0000000000000e+00 0.0000000000000e+00 0.0000000000000e+00 0.0000000000000e+00 0.0000000000000e+00 0.0000000000000e+00 0.0000000000000e+00
 1   8 0.0000000000000e+00 0.0000000000000e+00 0.0000000000000e+00 0.0000000000000e+00 0.0000000000000e+00 0.0000000000000e+00 0.0000000000000e+00 0.0000000000000e+00 0.0000000000000e+00
 1   9 0.0000000000000e+00 0.0000000000000e+00 0.0000000000000e+00 0.0000000000000e+00 0.0000000000000e+00 0.0000000000000e+00 0.0000000000000e+00 0.0000000000000e+00 0.0000000000000e+00
 1  10 0.0000000000000e+00 0.0000000000000e+00 0.0000000000000e+00 0.0000000000000e+00 0.0000000000000e+00 0.0000000000000e+00 0.0000000000000e+00 0.0000000000000e+00 0.0000000000000e+00
 1  11 0.0000000000000e+00 0.0000000000000e+00 0.0000000000000e+00 0.0000000000000e+00 0.0000000000000e+00 0.0000000000000e+00 0.0000000000000e+00 0.0000000000000e+00 0.0000000000000e+00
 1  12 0.0000000000000e+00 0.0000000000000e+00 0.0000000000000e+00 0.0000000000000e+00 0.0000000000000e+00 0.0000000000000e+00 0.0000000000000e+00 0.0000000000000e+00 0.0000000000000e+00
 1  13 0.0000000000000e+00 0.0000000000000e+00 0.0000000000000e+00 0.0000000000000e+00 0.0000000000000e+00 0.0000000000000e+00 0.0000000000000e+00 0.0000000000000e+00 0.0000000000000e+00
 1  14 0.0000000000000e+00 0.0000000000000e+00 0.0000000000000e+00 0.0000000000000e+00 0.0000000000000e+00 0.0000000000000e+00 0.0000000000000e+00 0.0000000000000e+00 0.0000000000000e+00
 1  15 0.0000000000000e+00 0.0000000000000e+00 0.0000000000000e+00 0.0000000000000e+00 0.0000000000000e+00 0.0000000000000e+00 0.0000000000000e+00 0.0000000000000e+00 0.0000000000000e+00
 1  16 0.0000000000000e+00 0.0000000000000e+00 0.0000000000000e+00 0.0000000000000e+00 0.0000000000000e+00 0.0000000000000e+00 0.0000000000000e+00 0.0000000000000e+00 0.0000000000000e+00
 1  17 0.0000000000000e+00 0.0000000000000e+00 0.0000000000000e+00 0.0000000000000e+00 0.0000000000000e+00 0.0000000000000e+00 0.0000000000000e+00 0.0000000000000e+00 0.0000000000000e+00
 1  18 0.0000000000000e+00 0.0000000000000e+00 0.0000000000000e+00 0.0000000000000e+00 0.0000000000000e+00 0.0000000000000e+00 0.0000000000000e+00 0.0000000000000e+00 0.0000000000000e+00
 1  19 0.0000000000000e+00 0.0000000000000e+00 0.0000000000000e+00 0.0000000000000e+00 0.0000000000000e+00 0.0000000000000e+00 0.0000000000000e+00 0.0000000000000e+00 0.0000000000000e+00
 1  20 0.0000000000000e+00 0.0000000000000e+00 0.0000000000000e+00 0.0000000000000e+00 0.0000000000000e+00 0.0000000000000e+00 0.0000000000000e+00 0.0000000000000e+00 0.0000000000000e+00
 1  21 0.0000000000000e+00 0.0000000000000e+00 0.0000000000000e+00 0.0000000000000e+00 0.0000000000000e+00 0.0000000000000e+00 0.0000000000000e+00 0.0000000000000e+00 0.0000000000000e+00
 1  22 0.0000000000000e+00 0.0000000000000e+00 0.0000000000000e+00 0.0000000000000e+00 0.0000000000000e+00 0.0000000000000e+00 0.0000000000000e+00 0.0000000000000e+00 0.0000000000000e+00
 1  23 0.0000000000000e+00 0.0000000000000e+00 0.0000000000000e+00 0.0000000000000e+00 0.0000000000000e+00 0.0000000000000e+00 0.0000000000000e+00 0.0000000000000e+00 0.0000000000000e+00
 1  24 0.0000000000000e+00 1.9738884780810e-36 3.1657004898945e-36 2.1918562615217e-36 0.0000000000000e+00 0.0000000000000e+00 0.0000000000000e+00 0.0000000000000e+00 0.0000000000000e+00
 1  25 0.0000000000000e+00 0.0000000000000e+00 6.9850946510193e-36 1.8706790122309e-36 1.3018493212466e-36 0.0000000000000e+00 0.0000000000000e+00 0.0000000000000e+00 0.0000000000000e+00
 1  26 0.0000000000000e+00 0.0000000000000e+00 4.6977077701826e-36 1.4057579386211e-35 0.0000000000000e+00 0.0000000000000e+00 5.7824718793925e-36 2.7223865148686e-36 2.7223865148686e-36
 1  27 4.2188895107505e-37 4.2188895107505e-37 1.9476296246307e-36 1.7634648371567e-37 0.0000000000000e+00 0.0000000000000e+00 5.0349894140487e-36 3.2158258103736e-36 3.2158258103736e-36
 1  28 5.3512785755636e-37 5.3512785755636e-37 5.3512785755636e-37 2.7693418605612e-35 1.4417598924954e-34 1.1191751996541e-34 7.5226369391034e-35 1.9944805504944e-34 7.5918665539103e-35
 1  29 2.0011367872559e-34 2.0011367872559e-34 2.0011367872559e-34 2.5945789113725e-34 2.4895928017535e-34 1.6522725636284e-34 1.4283548947099e-34 1.5735305133351e-34 9.3422677558653e-35
 1  30 4.1880182123310e-34 4.1880182123310e-34 4.1880182123310e-34 4.1880182123310e-34 4.1901772648457e-34 4.2555600055129e-34 4.4284022152994e-34 3.8389586086855e-34 6.6064761571155e-34
 1  31 3.1828368298956e-33 3.1828368298956e-33 3.1828368298956e-33 3.1828368298956e-33 2.8753607521701e-33 1.7471837223882e-33 1.0617376298959e-33 9.4900864000699e-34 1.0566973305248e-33
0.78070107 0.78073154 0.78076202 12809.0 12808.0  1
1.0000000000000 
 1   1 5.5033628991952e-39 5.5497654965429e-39 5.4731452991105e-39 5.3145715622906e-39 5.1202436951535e-39 5.1201512094548e-39 5.1201512094548e-39 5.1201512094548e-39 5.1201512094548e-39
 1   2 9.1615590389985e-39 9.2450932430538e-39 9.1221279015108e-39 8.8696769766704e-39 8.5156585378372e-39 8.4218037705922e-39 8.4218037705922e-39 8.4218037705922e-39 8.4218037705922e-39
 1   3 1.3990460171733e-38 1.4125248268419e-38 1.3925452534674e-38 1.3535297411043e-38 1.3013041881180e-38 1.2667738117496e-38 1.2667738117496e-38 1.2667738117496e-38 1.2667738117496e-38
 1   4 2.1985487284627e-38 2.2194596047966e-38 2.1868897851097e-38 2.1246341581053e-38 2.0430459372273e-38 1.9562126561974e-38 1.9562126561974e-38 1.9562126561974e-38 1.9562126561974e-38
 1   5 3.4682136992039e-38 3.4801897563994e-38 3.4346355051421e-38 3.3378268007342e-38 3.2117312386816e-38 3.0625896418251e-38 3.0282059814059e-38 3.0282059814059e-38 3.0282059814059e-38
 1   6 5.4846821893673e-38 5.4770826675356e-38 5.4127697942557e-38 5.2648913278349e-38 5.0703260807379e-38 4.8408628966853e-38 4.7041589447384e-38 4.7041589447384e-38 4.7041589447384e-38
 1   7 8.4386193521640e-38 8.4302592055259e-38 8.3474996392616e-38 8.1358861950476e-38 7.8329624613401e-38 7.4932282985328e-38 7.1592338542355e-38 7.1592338542355e-38 7.1592338542355e-38
 1   8 1.2848505619394e-37 1.2848505619394e-37 1.2739501414451e-37 1.2459734978646e-37 1.2032067655644e-37 1.1532819765007e-37 1.0969930503314e-37 1.0855859203124e-37 1.0855859203124e-37
 1   9 1.9158552604249e-37 1.9158552604249e-37 1.9065654363336e-37 1.8751911484445e-37 1.8213465352125e-37 1.7521545648876e-37 1.6733217732320e-37 1.6297101140098e-37 1.6297101140098e-37
 1  10 2.7365957709799e-37 2.7365957709799e-37 2.7345731928285e-37 2.7160018403327e-37 2.6629890378691e-37 2.5791252484150e-37 2.4794444987266e-37 2.3847297265880e-37 2.3847297265880e-37
 1  11 3.6338471776871e-37 3.6338471776871e-37 3.6338471776871e-37 3.6672202777057e-37 3.6657454390980e-37 3.6004736292530e-37 3.5043308779273e-37 3.3792240720712e-37 3.3566703414437e-37
 1  12 4.0598419108419e-37 4.0598419108419e-37 4.0598419108419e-37 4.2337607626772e-37 4.4321904546272e-37 4.5054826242587e-37 4.5035185643311e-37 4.4401049883537e-37 4.4129691238517e-37
 1  13 1.8233695617795e-37 1.8233695617795e-37 1.8310802906573e-37 2.7862302110018e-37 3.6044340350248e-37 4.1608694765103e-37 4.5413231306133e-37 4.7820711393549e-37 4.7820711393549e-37
 1  14 0.0000000000000e+00 0.0000000000000e+00 0.0000000000000e+00 0.0000000000000e+00 0.0000000000000e+00 7.2388388173969e-39 6.6907999563096e-38 1.5736581754368e-37 1.5736581754368e-37
 1  15 0.0000000000000e+00 0.0000000000000e+00 0.0000000000000e+00 0.0000000000000e+00 0.0000000000000e+00 0.0000000000000e+00 0.0000000000000e+00 0.0000000000000e+00 0.0000000000000e+00
 1  16 0.0000000000000e+00 0.0000000000000e+00 0.0000000000000e+00 0.0000000000000e+00 0.0000000000000e+00 0.0000000000000e+00 0.0000000000000e+00 0.0000000000000e+00 0.0000000000000e+00
 1  17 0.0000000000000e+00 0.0000000000000e+00 0.0000000000000e+00 0.0000000000000e+00 0.0000000000000e+00 0.0000000000000e+00 0.0000000000000e+00 0.0000000000000e+00 0.0000000000000e+00
 1  18 0.0000000000000e+00 0.0000000000000e+00 0.0000000000000e+00 0.0000000000000e+00 0.0000000000000e+00 0.0000000000000e+00 0.0000000000000e+00 0.0000000000000e+00 0.0000000000000e+00
 1  19 0.0000000000000e+00 0.0000000000000e+00 0.0000000000000e+00 0.0000000000000e+00 0.0000000000000e+00 0.0000000000000e+00 0.0000000000000e+00 0.0000000000000e+00 0.0000000000000e+00
 1  20 0.0000000000000e+00 0.0000000000000e+00 0.0000000000000e+00 0.0000000000000e+00 0.0000000000000e+00 0.0000000000000e+00 0.0000000000000e+00 0.0000000000000e+00 0.0000000000000e+00
 1  21 0.0000000000000e+00 0.0000000000000e+00 0.0000000000000e+00 0.0000000000000e+00 0.0000000000000e+00 0.0000000000000e+00 0.0000000000000e+00 0.0000000000000e+00 0.0000000000000e+00
 1  22 0.0000000000000e+00 0.0000000000000e+00 0.0000000000000e+00 0.0000000000000e+00 0.0000000000000e+00 0.0000000000000e+00 0.0000000000000e+00 0.0000000000000e+00 0.0000000000000e+00
 1  23 0.0000000000000e+00 0.0000000000000e+00 0.0000000000000e+00 0.0000000000000e+00 0.0000000000000e+00 0.0000000000000e+00 0.0000000000000e+00 0.0000000000000e+00 0.0000000000000e+00
 1  24 0.0000000000000e+00 0.0000000000000e+00 0.0000000000000e+00 0.0000000000000e+00 0.0000000000000e+00 0.0000000000000e+00 0.0000000000000e+00 0.0000000000000e+00 0.0000000000000e+00
 1  25 0.0000000000000e+00 0.0000000000000e+00 0.0000000000000e+00 0.0000000000000e+00 0.0000000000000e+00 0.0000000000000e+00 0.0000000000000e+00 0.0000000000000e+00 0.0000000000000e+00
 1  26 0.0000000000000e+00 0.0000000000000e+00 0.0000000000000e+00 0.0000000000000e+00 0.0000000000000e+00 0.0000000000000e+00 0.0000000000000e+00 0.0000000000000e+00 0.0000000000000e+00
 1  27 0.0000000000000e+00 0.0000000000000e+00 0.0000000000000e+00 0.0000000000000e+00 0.0000000000000e+00 0.0000000000000e+00 0.0000000000000e+00 0.0000000000000e+00 0.0000000000000e+00
 1  28 0.0000000000000e+00 0.0000000000000e+00 0.0000000000000e+00 0.0000000000000e+00 0.0000000000000e+00 0.0000000000000e+00 0.0000000000000e+00 0.0000000000000e+00 0.0000000000000e+00
 1  29 0.0000000000000e+00 0.0000000000000e+00 0.0000000000000e+00 0.0000000000000e+00 0.0000000000000e+00 0.0000000000000e+00 0.0000000000000e+00 0.0000000000000e+00 0.0000000000000e+00
 1  30 0.0000000000000e+00 0.0000000000000e+00 0.0000000000000e+00 0.0000000000000e+00 0.0000000000000e+00 0.0000000000000e+00 0.0000000000000e+00 0.0000000000000e+00 0.0000000000000e+00
 1  31 0.0000000000000e+00 0.0000000000000e+00 0.0000000000000e+00 0.0000000000000e+00 0.0000000000000e+00 0.0000000000000e+00 0.0000000000000e+00 0.0000000000000e+00 0.0000000000000e+00
0.78076202 0.78079250 0.78082299 12808.0 12807.0  1
1.0000000000000 
 1   1 7.6134563436556e-38 7.5706214521981e-38 7.3938622244276e-38 7.1286199669451e-38 6.8358455577549e-38 6.8357093515442e-38 6.8357093515442e-38 6.8357093515442e-38 6.8357093515442e-38
 1   2 1.2695731576658e-37 1.2631033066041e-37 1.2339171742930e-37 1.1900315331951e-37 1.1369419395757e-37 1.1232808490028e-37 1.1232808490028e-37 1.1232808490028e-37 1.1232808490028e-37
 1   3 1.9425270148755e-37 1.9331046840013e-37 1.8888276882683e-37 1.8218933779252e-37 1.7408750090808e-37 1.6910869867472e-37 1.6910869867472e-37 1.6910869867472e-37 1.6910869867472e-37
 1   4 3.0615494860010e-37 3.0447655177224e-37 2.9739006212389e-37 2.8677647060966e-37 2.7400248043741e-37 2.6146828045837e-37 2.6146828045837e-37 2.6146828045837e-37 2.6146828045837e-37
 1   5 4.8396642820309e-37 4.8013413474208e-37 4.6919180981851e-37 4.5264823709412e-37 4.3265114748882e-37 4.1061022483694e-37 4.0560581807804e-37 4.0560581807804e-37 4.0560581807804e-37
 1   6 7.6742108156671e-37 7.6194933616477e-37 7.4500375893693e-37 7.1911915307013e-37 6.8768580885855e-37 6.5295136419744e-37 6.3319072408981e-37 6.3319072408981e-37 6.3319072408981e-37
 1   7 1.1915521101847e-36 1.1884819885636e-36 1.1624580151567e-36 1.1226062527117e-36 1.0738920958380e-36 1.0201288700209e-36 9.7086163745894e-37 9.7086163745894e-37 9.7086163745894e-37
 1   8 1.8464769510354e-36 1.8464769510354e-36 1.8111012721970e-36 1.7513908011726e-36 1.6777590016349e-36 1.5953136849590e-36 1.5083504923511e-36 1.4909815660416e-36 1.4909815660416e-36
 1   9 2.8420574934050e-36 2.8420574934050e-36 2.8067361625263e-36 2.7200927798591e-36 2.6115208026249e-36 2.4877803636650e-36 2.3553481972190e-36 2.2850273184305e-36 2.2850273184305e-36
 1  10 4.2961850443595e-36 4.2961850443595e-36 4.2789669650271e-36 4.1601827730005e-36 4.0067539987806e-36 3.8272733597092e-36 3.6312433185119e-36 3.4611370746968e-36 3.4611370746968e-36
 1  11 6.3467611839862e-36 6.3467611839862e-36 6.3467611839862e-36 6.2219136968186e-36 6.0294064078567e-36 5.7854841554129e-36 5.5118656755963e-36 5.2240313479603e-36 5.1738601097331e-36
 1  12 9.0434057788028e-36 9.0434057788028e-36 9.0434057788028e-36 8.9549624562841e-36 8.7722923273833e-36 8.4896513688015e-36 8.1443455984586e-36 7.7642635911292e-36 7.6405798318895e-36
 1  13 1.1796172623744e-35 1.1796172623744e-35 1.1797415272802e-35 1.1950448365177e-35 1.1967051218431e-35 1.1783886038809e-35 1.1448289002325e-35 1.1050345708458e-35 1.1050345708458e-35
 1  14 1.1933079259501e-35 1.1933079259501e-35 1.2291680370307e-35 1.3300325408836e-35 1.4071638826701e-35 1.4471090231606e-35 1.4487157138645e-35 1.4438894715555e-35 1.4438894715555e-35
 1  15 1.3447280677408e-36 1.3447280677408e-36 3.7064386532449e-36 7.1737061060426e-36 1.0313634183631e-35 1.2481491426499e-35 1.3908653779894e-35 1.4342121626549e-35 1.4342121626549e-35
 1  16 0.0000000000000e+00 0.0000000000000e+00 0.0000000000000e+00 0.0000000000000e+00 0.0000000000000e+00 0.0000000000000e+00 0.0000000000000e+00 0.0000000000000e+00 0.0000000000000e+00
 1  17 0.0000000000000e+00 0.0000000000000e+00 0.0000000000000e+00 0.0000000000000e+00 0.0000000000000e+00 0.0000000000000e+00 0.0000000000000e+00 0.0000000000000e+00 0.0000000000000e+00
 1  18 0.0000000000000e+00 0.0000000000000e+00 0.0000000000000e+00 0.0000000000000e+00 0.0000000000000e+00 0.0000000000000e+00 0.0000000000000e+00 0.0000000000000e+00 0.0000000000000e+00
 1  19 0.0000000000000e+00 0.0000000000000e+00 0.0000000000000e+00 0.0000000000000e+00 0.0000000000000e+00 0.0000000000000e+00 0.0000000000000e+00 0.0000000000000e+00 0.0000000000000e+00
 1  20 0.0000000000000e+00 0.0000000000000e+00 0.0000000000000e+00 0.0000000000000e+00 0.0000000000000e+00 0.0000000000000e+00 0.0000000000000e+00 0.0000000000000e+00 0.0000000000000e+00
 1  21 0.0000000000000e+00 0.0000000000000e+00 0.0000000000000e+00 0.0000000000000e+00 0.0000000000000e+00 0.0000000000000e+00 0.0000000000000e+00 0.0000000000000e+00 0.0000000000000e+00
 1  22 0.0000000000000e+00 0.0000000000000e+00 0.0000000000000e+00 0.0000000000000e+00 0.0000000000000e+00 0.0000000000000e+00 0.0000000000000e+00 0.0000000000000e+00 0.0000000000000e+00
 1  23 0.0000000000000e+00 0.0000000000000e+00 0.0000000000000e+00 0.0000000000000e+00 0.0000000000000e+00 0.0000000000000e+00 0.0000000000000e+00 0.0000000000000e+00 0.0000000000000e+00
 1  24 0.0000000000000e+00 0.0000000000000e+00 0.0000000000000e+00 0.0000000000000e+00 0.0000000000000e+00 0.0000000000000e+00 0.0000000000000e+00 0.0000000000000e+00 0.0000000000000e+00
 1  25 0.0000000000000e+00 0.0000000000000e+00 0.0000000000000e+00 0.0000000000000e+00 0.0000000000000e+00 0.0000000000000e+00 0.0000000000000e+00 0.0000000000000e+00 0.0000000000000e+00
 1  26 0.0000000000000e+00 0.0000000000000e+00 0.0000000000000e+00 0.0000000000000e+00 0.0000000000000e+00 0.0000000000000e+00 0.0000000000000e+00 0.0000000000000e+00 0.0000000000000e+00
 1  27 0.0000000000000e+00 0.0000000000000e+00 0.0000000000000e+00 0.0000000000000e+00 0.0000000000000e+00 0.0000000000000e+00 0.0000000000000e+00 0.0000000000000e+00 0.0000000000000e+00
 1  28 0.0000000000000e+00 0.0000000000000e+00 0.0000000000000e+00 0.0000000000000e+00 0.0000000000000e+00 0.0000000000000e+00 0.0000000000000e+00 0.0000000000000e+00 0.0000000000000e+00
 1  29 0.0000000000000e+00 0.0000000000000e+00 0.0000000000000e+00 0.0000000000000e+00 0.0000000000000e+00 0.0000000000000e+00 0.0000000000000e+00 0.0000000000000e+00 0.0000000000000e+00
 1  30 0.0000000000000e+00 0.0000000000000e+00 0.0000000000000e+00 0.0000000000000e+00 0.0000000000000e+00 0.0000000000000e+00 0.0000000000000e+00 0.0000000000000e+00 0.0000000000000e+00
 1  31 0.0000000000000e+00 0.0000000000000e+00 0.0000000000000e+00 0.0000000000000e+00 0.0000000000000e+00 0.0000000000000e+00 0.0000000000000e+00 0.0000000000000e+00 0.0000000000000e+00
0.78082299 0.78085348 0.78088396 12807.0 12806.0  1
1.0000000000000 
 1   1 2.7980237630853e-37 2.7505224356378e-37 2.6647127470841e-37 2.5547316689558e-37 2.4407305457930e-37 2.4406774085552e-37 2.4406774085552e-37 2.4406774085552e-37 2.4406774085552e-37
 1   2 4.6693134723974e-37 4.5917227917006e-37 4.4496252980164e-37 4.2668278191112e-37 4.0600975076818e-37 4.0075737023303e-37 4.0075737023303e-37 4.0075737023303e-37 4.0075737023303e-37
 1   3 7.1495763294271e-37 7.0316170425700e-37 6.8147991758595e-37 6.5354143416518e-37 6.2192226656685e-37 6.0297872919897e-37 6.0297872919897e-37 6.0297872919897e-37 6.0297872919897e-37
 1   4 1.1273861826670e-36 1.1081617129830e-36 1.0735973074827e-36 1.0293354681938e-36 9.7937319159357e-37 9.3201764402785e-37 9.3201764402785e-37 9.3201764402785e-37 9.3201764402785e-37
 1   5 1.7790605491791e-36 1.7502638433164e-36 1.6962373079126e-36 1.6267800773936e-36 1.5482158866276e-36 1.4648046829463e-36 1.4459999301783e-36 1.4459999301783e-36 1.4459999301783e-36
 1   6 2.8163577244109e-36 2.7840657093419e-36 2.6990925847611e-36 2.5894582215040e-36 2.4651845268212e-36 2.3329943253837e-36 2.2590052283688e-36 2.2590052283688e-36 2.2590052283688e-36
 1   7 4.3730599642215e-36 4.3568926121089e-36 4.2243951563649e-36 4.0535054409732e-36 3.8597189122483e-36 3.6536095666152e-36 3.4691665821597e-36 3.4691665821597e-36 3.4691665821597e-36
 1   8 6.7927803600922e-36 6.7927803600922e-36 6.6170818367865e-36 6.3549036921572e-36 6.0567439696544e-36 5.7368299965344e-36 5.4083792683281e-36 5.3430949925320e-36 5.3430949925320e-36
 1   9 1.0517109357200e-35 1.0517109357200e-35 1.0344592790343e-35 9.9485371464007e-36 9.4950785776411e-36 9.0046705709741e-36 8.4959478400069e-36 8.2289712907034e-36 8.2289712907034e-36
 1  10 1.6081161629685e-35 1.6081161629685e-35 1.5994846307804e-35 1.5412076903271e-35 1.4737367252717e-35 1.3999856472086e-35 1.3225335986505e-35 1.2566787948345e-35 1.2566787948345e-35
 1  11 2.4256056162448e-35 2.4256056162448e-35 2.4256056162448e-35 2.3564354075245e-35 2.2618535995525e-35 2.1544638967117e-35 2.0404089457512e-35 1.9245124061069e-35 1.9044220998856e-35
 1  12 3.6000688266368e-35 3.6000688266368e-35 3.6000688266368e-35 3.5273405664122e-35 3.4070102377120e-35 3.2611746088553e-35 3.1008008469850e-35 2.9344135820319e-35 2.8811831455854e-35
 1  13 5.1597647242560e-35 5.1597647242560e-35 5.1591190059237e-35 5.0787704084195e-35 4.9617966671038e-35 4.7934975019150e-35 4.5874436163120e-35 4.3719530595069e-35 4.3719530595069e-35
 1  14 6.6744236336016e-35 6.6744236336016e-35 6.7006438156984e-35 6.7602123363094e-35 6.7554931397506e-35 6.6538077126578e-35 6.4540431236120e-35 6.3102683406863e-35 6.3102683406863e-35
 1  15 6.6034256115218e-35 6.6034256115218e-35 6.9915143826796e-35 7.5408754686404e-35 8.0014838612549e-35 8.1994255157020e-35 8.2096657474954e-35 8.2008162494969e-35 8.2008162494969e-35
 1  16 2.5684399104194e-36 2.5684399104194e-36 2.1633628997823e-35 4.1571538517963e-35 6.0127718426573e-35 7.2763157713085e-35 8.0394584128881e-35 8.0522407660095e-35 8.0522407660095e-35
 1  17 0.0000000000000e+00 0.0000000000000e+00 0.0000000000000e+00 0.0000000000000e+00 0.0000000000000e+00 0.0000000000000e+00 0.0000000000000e+00 0.0000000000000e+00 0.0000000000000e+00
 1  18 0.0000000000000e+00 0.0000000000000e+00 0.0000000000000e+00 0.0000000000000e+00 0.0000000000000e+00 0.0000000000000e+00 0.0000000000000e+00 0.0000000000000e+00 0.0000000000000e+00
 1  19 0.0000000000000e+00 0.0000000000000e+00 0.0000000000000e+00 0.0000000000000e+00 0.0000000000000e+00 0.0000000000000e+00 0.0000000000000e+00 0.0000000000000e+00 0.0000000000000e+00
 1  20 0.0000000000000e+00 0.0000000000000e+00 0.0000000000000e+00 0.0000000000000e+00 0.0000000000000e+00 0.0000000000000e+00 0.0000000000000e+00 0.0000000000000e+00 0.0000000000000e+00
 1  21 0.0000000000000e+00 0.0000000000000e+00 0.0000000000000e+00 0.0000000000000e+00 0.0000000000000e+00 0.0000000000000e+00 0.0000000000000e+00 0.0000000000000e+00 0.0000000000000e+00
 1  22 0.0000000000000e+00 0.0000000000000e+00 0.0000000000000e+00 0.0000000000000e+00 0.0000000000000e+00 0.0000000000000e+00 0.0000000000000e+00 0.0000000000000e+00 0.0000000000000e+00
 1  23 0.0000000000000e+00 0.0000000000000e+00 0.0000000000000e+00 0.0000000000000e+00 0.0000000000000e+00 0.0000000000000e+00 0.0000000000000e+00 0.0000000000000e+00 0.0000000000000e+00
 1  24 0.0000000000000e+00 0.0000000000000e+00 0.0000000000000e+00 0.0000000000000e+00 0.0000000000000e+00 0.0000000000000e+00 0.0000000000000e+00 0.0000000000000e+00 0.0000000000000e+00
 1  25 0.0000000000000e+00 0.0000000000000e+00 0.0000000000000e+00 0.0000000000000e+00 0.0000000000000e+00 0.0000000000000e+00 0.0000000000000e+00 0.0000000000000e+00 0.0000000000000e+00
 1  26 0.0000000000000e+00 0.0000000000000e+00 0.0000000000000e+00 0.0000000000000e+00 0.0000000000000e+00 0.0000000000000e+00 0.0000000000000e+00 0.0000000000000e+00 0.0000000000000e+00
 1  27 0.0000000000000e+00 0.0000000000000e+00 0.0000000000000e+00 0.0000000000000e+00 0.0000000000000e+00 0.0000000000000e+00 0.0000000000000e+00 0.0000000000000e+00 0.0000000000000e+00
 1  28 0.0000000000000e+00 0.0000000000000e+00 0.0000000000000e+00 0.0000000000000e+00 0.0000000000000e+00 0.0000000000000e+00 0.0000000000000e+00 0.0000000000000e+00 0.0000000000000e+00
 1  29 0.0000000000000e+00 0.0000000000000e+00 0.0000000000000e+00 0.0000000000000e+00 0.0000000000000e+00 0.0000000000000e+00 0.0000000000000e+00 0.0000000000000e+00 0.0000000000000e+00
 1  30 0.0000000000000e+00 0.0000000000000e+00 0.0000000000000e+00 0.0000000000000e+00 0.0000000000000e+00 0.0000000000000e+00 0.0000000000000e+00 0.0000000000000e+00 0.0000000000000e+00
 1  31 0.0000000000000e+00 0.0000000000000e+00 0.0000000000000e+00 0.0000000000000e+00 0.0000000000000e+00 0.0000000000000e+00 0.0000000000000e+00 0.0000000000000e+00 0.0000000000000e+00
0.78088396 0.78091445 0.78094494 12806.0 12805.0  1
1.0000000000000 
 1   1 6.7682747215974e-37 6.5902021969061e-37 6.3424526284135e-37 6.0523161355565e-37 5.7638186013833e-37 5.7636849735617e-37 5.7636849735617e-37 5.7636849735617e-37 5.7636849735617e-37
 1   2 1.1300191888503e-36 1.1005816075427e-36 1.0593984994527e-36 1.0110593076273e-36 9.5880930478542e-37 9.4565225566496e-37 9.4565225566496e-37 9.4565225566496e-37 9.4565225566496e-37
 1   3 1.7309563270802e-36 1.6859938834007e-36 1.6230053156423e-36 1.5490214202473e-36 1.4690014036911e-36 1.4219115871558e-36 1.4219115871558e-36 1.4219115871558e-36 1.4219115871558e-36
 1   4 2.7296542540655e-36 2.6574912843677e-36 2.5573731950338e-36 2.4402418625717e-36 2.3138154147154e-36 2.1968295482443e-36 2.1968295482443e-36 2.1968295482443e-36 2.1968295482443e-36
 1   5 4.2992116696763e-36 4.2008239261069e-36 4.0435305276678e-36 3.8591223402557e-36 3.6598102562679e-36 3.4537877238773e-36 3.4075794025487e-36 3.4075794025487e-36 3.4075794025487e-36
 1   6 6.7914630946942e-36 6.6898564452380e-36 6.4408975898018e-36 6.1486167739827e-36 5.8323403474683e-36 5.5050350518371e-36 5.3239254089062e-36 5.3239254089062e-36 5.3239254089062e-36
 1   7 1.0532846230424e-35 1.0484520670431e-35 1.0094749300792e-35 9.6374974955618e-36 9.1426290101478e-36 8.6307645007613e-36 8.1801779436509e-36 8.1801779436509e-36 8.1801779436509e-36
 1   8 1.6361743464252e-35 1.6361743464252e-35 1.5853200099488e-35 1.5144562972822e-35 1.4377037769174e-35 1.3577915415129e-35 1.2772772096368e-35 1.2613269623767e-35 1.2613269623767e-35
 1   9 2.5377614378433e-35 2.5377614378433e-35 2.4886116542714e-35 2.3797435434353e-35 2.2614964455682e-35 2.1377528497631e-35 2.0121085461735e-35 1.9466852256964e-35 1.9466852256964e-35
 1  10 3.8973698872505e-35 3.8973698872505e-35 3.8727551044209e-35 3.7083279533389e-35 3.5288283014500e-35 3.3397688613969e-35 3.1461621293544e-35 2.9835998128163e-35 2.9835998128163e-35
 1  11 5.9287239965735e-35 5.9287239965735e-35 5.9287239965735e-35 5.7265257668795e-35 5.4644381663098e-35 5.1815234231551e-35 4.8899560543468e-35 4.5992519392024e-35 4.5490113221277e-35
 1  12 8.9507408933201e-35 8.9507408933201e-35 8.9507408933201e-35 8.7183173059531e-35 8.3560033147358e-35 7.9504904800976e-35 7.5236729582945e-35 7.0925741804548e-35 6.9557232199676e-35
 1  13 1.3320773156028e-34 1.3320773156028e-34 1.3317701258681e-34 1.2936240714459e-34 1.2494812739189e-34 1.1963456002250e-34 1.1369829059197e-34 1.0772106253016e-34 1.0772106253016e-34
 1  14 1.8629019806359e-34 1.8629019806359e-34 1.8550766780083e-34 1.8284193589498e-34 1.7909544943203e-34 1.7362457933716e-34 1.6641871861056e-34 1.6151092638094e-34 1.6151092638094e-34
 1  15 2.2816871107676e-34 2.2816871107676e-34 2.3122031277859e-34 2.3521990934839e-34 2.3776023988424e-34 2.3539648604863e-34 2.2969423642119e-34 2.2754990054477e-34 2.2754990054477e-34
 1  16 1.8711983993588e-34 1.8711983993588e-34 2.1211866733098e-34 2.3879320554503e-34 2.6317373898280e-34 2.7628945495534e-34 2.8017411940170e-34 2.8023727926418e-34 2.8023727926418e-34
 1  17 0.0000000000000e+00 0.0000000000000e+00 7.3482731873371e-36 5.1266276073830e-35 1.3583318212163e-34 1.9967849326817e-34 2.2707499623527e-34 2.2707499623527e-34 2.2707499623527e-34
 1  18 0.0000000000000e+00 0.0000000000000e+00 0.0000000000000e+00 0.0000000000000e+00 0.0000000000000e+00 0.0000000000000e+00 0.0000000000000e+00 0.0000000000000e+00 0.0000000000000e+00
 1  19 0.0000000000000e+00 0.0000000000000e+00 0.0000000000000e+00 0.0000000000000e+00 0.0000000000000e+00 0.0000000000000e+00 0.0000000000000e+00 0.0000000000000e+00 0.0000000000000e+00
 1  20 0.0000000000000e+00 0.0000000000000e+00 0.0000000000000e+00 0.0000000000000e+00 0.0000000000000e+00 0.0000000000000e+00 0.0000000000000e+00 0.0000000000000e+00 0.0000000000000e+00
 1  21 0.0000000000000e+00 0.0000000000000e+00 0.0000000000000e+00 0.0000000000000e+00 0.0000000000000e+00 0.0000000000000e+00 0.0000000000000e+00 0.0000000000000e+00 0.0000000000000e+00
 1  22 0.0000000000000e+00 0.0000000000000e+00 0.0000000000000e+00 0.0000000000000e+00 0.0000000000000e+00 0.0000000000000e+00 0.0000000000000e+00 0.0000000000000e+00 0.0000000000000e+00
 1  23 0.0000000000000e+00 0.0000000000000e+00 0.0000000000000e+00 0.0000000000000e+00 0.0000000000000e+00 0.0000000000000e+00 0.0000000000000e+00 0.0000000000000e+00 0.0000000000000e+00
 1  24 0.0000000000000e+00 0.0000000000000e+00 0.0000000000000e+00 0.0000000000000e+00 0.0000000000000e+00 0.0000000000000e+00 0.0000000000000e+00 0.0000000000000e+00 0.0000000000000e+00
 1  25 0.0000000000000e+00 0.0000000000000e+00 0.0000000000000e+00 0.0000000000000e+00 0.0000000000000e+00 0.0000000000000e+00 0.0000000000000e+00 0.0000000000000e+00 0.0000000000000e+00
 1  26 0.0000000000000e+00 0.0000000000000e+00 0.0000000000000e+00 0.0000000000000e+00 0.0000000000000e+00 0.0000000000000e+00 0.0000000000000e+00 0.0000000000000e+00 0.0000000000000e+00
 1  27 0.0000000000000e+00 0.0000000000000e+00 0.0000000000000e+00 0.0000000000000e+00 0.0000000000000e+00 0.0000000000000e+00 0.0000000000000e+00 0.0000000000000e+00 0.0000000000000e+00
 1  28 0.0000000000000e+00 0.0000000000000e+00 0.0000000000000e+00 0.0000000000000e+00 0.0000000000000e+00 0.0000000000000e+00 0.0000000000000e+00 0.0000000000000e+00 0.0000000000000e+00
 1  29 0.0000000000000e+00 0.0000000000000e+00 0.0000000000000e+00 0.0000000000000e+00 0.0000000000000e+00 0.0000000000000e+00 0.0000000000000e+00 0.0000000000000e+00 0.0000000000000e+00
 1  30 0.0000000000000e+00 0.0000000000000e+00 0.0000000000000e+00 0.0000000000000e+00 0.0000000000000e+00 0.0000000000000e+00 0.0000000000000e+00 0.0000000000000e+00 0.0000000000000e+00
 1  31 0.0000000000000e+00 0.0000000000000e+00 0.0000000000000e+00 0.0000000000000e+00 0.0000000000000e+00 0.0000000000000e+00 0.0000000000000e+00 0.0000000000000e+00 0.0000000000000e+00
0.78094494 0.78097544 0.78100594 12805.0 12804.0  1
1.0000000000000 
 1   1 1.3304376035808e-36 1.2850949932332e-36 1.2298299341946e-36 1.1688620164010e-36 1.1100619185421e-36 1.1100348342454e-36 1.1100348342454e-36 1.1100348342454e-36 1.1100348342454e-36
 1   2 2.2220814398285e-36 2.1467476343864e-36 2.0546753748399e-36 1.9529605675630e-36 1.8465739881515e-36 1.8199644737735e-36 1.8199644737735e-36 1.8199644737735e-36 1.8199644737735e-36
 1   3 3.4046916066734e-36 3.2893691823730e-36 3.1483948798548e-36 2.9925947050593e-36 2.8295795247308e-36 2.7349421491089e-36 2.7349421491089e-36 2.7349421491089e-36 2.7349421491089e-36
 1   4 5.3687271404674e-36 5.1848509532147e-36 4.9612523265496e-36 4.7147733882421e-36 4.4573050413826e-36 4.2234714204172e-36 4.2234714204172e-36 4.2234714204172e-36 4.2234714204172e-36
 1   5 8.4407073541382e-36 8.2004047116797e-36 7.8480405224993e-36 7.4592169238793e-36 7.0527415384470e-36 6.6410939491725e-36 6.5491364839962e-36 6.5491364839962e-36 6.5491364839962e-36
 1   6 1.3306491301445e-35 1.3068656020481e-35 1.2509099472532e-35 1.1891360832977e-35 1.1245141710176e-35 1.0590199650170e-35 1.0231005913427e-35 1.0231005913427e-35 1.0231005913427e-35
 1   7 2.0607971433631e-35 2.0498150529522e-35 1.9620701106833e-35 1.8652533998165e-35 1.7639707574701e-35 1.6613892168250e-35 1.5722274250418e-35 1.5722274250418e-35 1.5722274250418e-35
 1   8 3.1993116357700e-35 3.1993116357700e-35 3.0861146292338e-35 2.9352042282566e-35 2.7773708657987e-35 2.6166880200867e-35 2.4571014606100e-35 2.4255677341026e-35 2.4255677341026e-35
 1   9 4.9645999456240e-35 4.9645999456240e-35 4.8565021050120e-35 4.6225184621540e-35 4.3775197255037e-35 4.1272430306977e-35 3.8771370925173e-35 3.7476831942597e-35 3.7476831942597e-35
 1  10 7.6399102937253e-35 7.6399102937253e-35 7.5859379986614e-35 7.2278008006038e-35 6.8517918410219e-35 6.4660460229599e-35 6.0780777858908e-35 5.7553190647843e-35 5.7553190647843e-35
 1  11 1.1673317823350e-34 1.1673317823350e-34 1.1673317823350e-34 1.1225948091479e-34 1.0664930785168e-34 1.0079032947061e-34 9.4874401602481e-35 8.9052714172567e-35 8.8048711131383e-35
 1  12 1.7790189792677e-34 1.7790189792677e-34 1.7790189792677e-34 1.7255658991402e-34 1.6448459418485e-34 1.5585020935664e-34 1.4700379932667e-34 1.3821856321658e-34 1.3544346671424e-34
 1  13 2.7038027699618e-34 2.7038027699618e-34 2.7029943880069e-34 2.6026799500774e-34 2.4953733870591e-34 2.3756116348745e-34 2.2477903995470e-34 2.1217310282132e-34 2.1217310282132e-34
 1  14 3.9342845424637e-34 3.9342845424637e-34 3.8999536789349e-34 3.7933028213593e-34 3.6735103042834e-34 3.5291655673096e-34 3.3597102506214e-34 3.2467847327708e-34 3.2467847327708e-34
 1  15 5.2618162305954e-34 5.2618162305954e-34 5.2378283398214e-34 5.1963384401897e-34 5.1385413115052e-34 5.0055561662287e-34 4.8236415277767e-34 4.7590292869223e-34 4.7590292869223e-34
 1  16 5.7686099569658e-34 5.7686099569658e-34 5.9814029034684e-34 6.2319085556458e-34 6.4571227121813e-34 6.5050948203093e-34 6.4108050205165e-34 6.4091675936200e-34 6.4091675936200e-34
 1  17 2.6394155260730e-34 2.9108130648601e-34 3.8647981326507e-34 4.9884343563250e-34 6.0570849950297e-34 6.7986116271123e-34 7.0397339874698e-34 7.0397339874698e-34 7.0397339874698e-34
 1  18 0.0000000000000e+00 0.0000000000000e+00 0.0000000000000e+00 0.0000000000000e+00 6.3590989959091e-35 2.2319056137765e-34 2.9433386721232e-34 2.9433386721232e-34 2.9433386721232e-34
 1  19 0.0000000000000e+00 0.0000000000000e+00 0.0000000000000e+00 0.0000000000000e+00 0.0000000000000e+00 0.0000000000000e+00 0.0000000000000e+00 0.0000000000000e+00 0.0000000000000e+00
 1  20 0.0000000000000e+00 0.0000000000000e+00 0.0000000000000e+00 0.0000000000000e+00 0.0000000000000e+00 0.0000000000000e+00 0.0000000000000e+00 0.0000000000000e+00 0.0000000000000e+00
 1  21 0.0000000000000e+00 0.0000000000000e+00 0.0000000000000e+00 0.0000000000000e+00 0.0000000000000e+00 0.0000000000000e+00 0.0000000000000e+00 0.0000000000000e+00 0.0000000000000e+00
 1  22 0.0000000000000e+00 0.0000000000000e+00 0.0000000000000e+00 0.0000000000000e+00 0.0000000000000e+00 0.0000000000000e+00 0.0000000000000e+00 0.0000000000000e+00 0.0000000000000e+00
 1  23 0.0000000000000e+00 0.0000000000000e+00 0.0000000000000e+00 0.0000000000000e+00 0.0000000000000e+00 0.0000000000000e+00 0.0000000000000e+00 0.0000000000000e+00 0.0000000000000e+00
 1  24 0.0000000000000e+00 0.0000000000000e+00 0.0000000000000e+00 0.0000000000000e+00 0.0000000000000e+00 0.0000000000000e+00 0.0000000000000e+00 0.0000000000000e+00 0.0000000000000e+00
 1  25 0.0000000000000e+00 0.0000000000000e+00 0.0000000000000e+00 0.0000000000000e+00 0.0000000000000e+00 0.0000000000000e+00 0.0000000000000e+00 0.0000000000000e+00 0.0000000000000e+00
 1  26 0.0000000000000e+00 0.0000000000000e+00 0.0000000000000e+00 0.0000000000000e+00 0.0000000000000e+00 0.0000000000000e+00 0.0000000000000e+00 0.0000000000000e+00 0.0000000000000e+00
 1  27 0.0000000000000e+00 0.0000000000000e+00 0.0000000000000e+00 0.0000000000000e+00 0.0000000000000e+00 0.0000000000000e+00 0.0000000000000e+00 0.0000000000000e+00 0.0000000000000e+00
 1  28 0.0000000000000e+00 0.0000000000000e+00 0.0000000000000e+00 0.0000000000000e+00 0.0000000000000e+00 0.0000000000000e+00 0.0000000000000e+00 0.0000000000000e+00 0.0000000000000e+00
 1  29 0.0000000000000e+00 0.0000000000000e+00 0.0000000000000e+00 0.0000000000000e+00 0.0000000000000e+00 0.0000000000000e+00 0.0000000000000e+00 0.0000000000000e+00 0.0000000000000e+00
 1  30 0.0000000000000e+00 0.0000000000000e+00 0.0000000000000e+00 0.0000000000000e+00 0.0000000000000e+00 0.0000000000000e+00 0.0000000000000e+00 0.0000000000000e+00 0.0000000000000e+00
 1  31 0.0000000000000e+00 0.0000000000000e+00 0.0000000000000e+00 0.0000000000000e+00 0.0000000000000e+00 0.0000000000000e+00 0.0000000000000e+00 0.0000000000000e+00 0.0000000000000e+00
0.78100594 0.78103644 0.78106694 12804.0 12803.0  1
1.0000000000000 
 1   1 2.3093725138563e-36 2.2157229079168e-36 2.1103413173431e-36 1.9988668362050e-36 1.8938461304326e-36 1.8937980602901e-36 1.8937980602901e-36 1.8937980602901e-36 1.8937980602901e-36
 1   2 3.8582043440265e-36 3.7021772709837e-36 3.5263693342939e-36 3.3402119676659e-36 3.1502893456955e-36 3.1030353194009e-36 3.1030353194009e-36 3.1030353194009e-36 3.1030353194009e-36
 1   3 5.9127373021009e-36 5.6736044860212e-36 5.4042208422677e-36 5.1189037399307e-36 4.8278060235895e-36 4.6606065884672e-36 4.6606065884672e-36 4.6606065884672e-36 4.6606065884672e-36
 1   4 9.3226502589563e-36 8.9427210716322e-36 8.5160978393006e-36 8.0650506697799e-36 7.6054369703832e-36 7.1940978909786e-36 7.1940978909786e-36 7.1940978909786e-36 7.1940978909786e-36
 1   5 1.4634165678979e-35 1.4149467974765e-35 1.3475843131009e-35 1.2763338868997e-35 1.2036967447065e-35 1.1313128675925e-35 1.1151953792844e-35 1.1151953792844e-35 1.1151953792844e-35
 1   6 2.3028379160793e-35 2.2560757119146e-35 2.1488858947708e-35 2.0355111004538e-35 1.9198853320301e-35 1.8046092559567e-35 1.7418405552905e-35 1.7418405552905e-35 1.7418405552905e-35
 1   7 3.5616382543680e-35 3.5404541012917e-35 3.3722436147540e-35 3.1944050374018e-35 3.0129644996987e-35 2.8322408528376e-35 2.6767561831940e-35 2.6767561831940e-35 2.6767561831940e-35
 1   8 5.5250352444778e-35 5.5250352444778e-35 5.3097493086375e-35 5.0315313771395e-35 4.7479138054533e-35 4.4641909099324e-35 4.1856351960001e-35 4.1307083857480e-35 4.1307083857480e-35
 1   9 8.5734117984810e-35 8.5734117984810e-35 8.3696563831552e-35 7.9357319418932e-35 7.4933896294645e-35 7.0497128324823e-35 6.6119261346350e-35 6.3864206299879e-35 6.3864206299879e-35
 1  10 1.3207098030940e-34 1.3207098030940e-34 1.3105716234956e-34 1.2436119525650e-34 1.1752669431749e-34 1.1064936359896e-34 1.0382929231228e-34 9.8197147606722e-35 9.8197147606722e-35
 1  11 2.0232326372203e-34 2.0232326372203e-34 2.0232326372203e-34 1.9388762238694e-34 1.8355231789607e-34 1.7300821392526e-34 1.6252465250528e-34 1.5231137442994e-34 1.5055287391119e-34
 1  12 3.1018834726903e-34 3.1018834726903e-34 3.1018834726903e-34 2.9989248612377e-34 2.8466570168329e-34 2.6886159339622e-34 2.5297506275134e-34 2.3739259943425e-34 2.3248826251517e-34
 1  13 4.7791426381134e-34 4.7791426381134e-34 4.7774735279707e-34 4.5704625443062e-34 4.3584378017289e-34 4.1319452950869e-34 3.8972096343097e-34 3.6689286313800e-34 3.6689286313800e-34
 1  14 7.1262439432056e-34 7.1262439432056e-34 7.0422291579004e-34 6.7878255480886e-34 6.5226500937549e-34 6.2277548361546e-34 5.9014233698644e-34 5.6867023371199e-34 5.6867023371199e-34
 1  15 1.0009038686954e-33 1.0009038686954e-33 9.8596994765219e-34 9.6364923847549e-34 9.4037591969715e-34 9.0696717638533e-34 8.6729268084164e-34 8.5349403020192e-34 8.5349403020192e-34
 1  16 1.2408901321299e-33 1.2408901321299e-33 1.2421498396307e-33 1.2515705084976e-33 1.2596928071198e-33 1.2431081430331e-33 1.2069848342904e-33 1.2063674242497e-33 1.2063674242497e-33
 1  17 1.0846098112270e-33 1.1074749212249e-33 1.1943494638805e-33 1.3118741033787e-33 1.4253735930804e-33 1.4931252303710e-33 1.5004497540380e-33 1.5004497540380e-33 1.5004497540380e-33
 1  18 0.0000000000000e+00 0.0000000000000e+00 1.2331883941624e-34 4.7467270038570e-34 9.1185557984582e-34 1.2036724197794e-33 1.2804396395633e-33 1.2804396395633e-33 1.2804396395633e-33
 1  19 0.0000000000000e+00 0.0000000000000e+00 0.0000000000000e+00 0.0000000000000e+00 0.0000000000000e+00 0.0000000000000e+00 0.0000000000000e+00 0.0000000000000e+00 0.0000000000000e+00
 1  20 0.0000000000000e+00 0.0000000000000e+00 0.0000000000000e+00 0.0000000000000e+00 0.0000000000000e+00 0.0000000000000e+00 0.0000000000000e+00 0.0000000000000e+00 0.0000000000000e+00
 1  21 0.0000000000000e+00 0.0000000000000e+00 0.0000000000000e+00 0.0000000000000e+00 0.0000000000000e+00 0.0000000000000e+00 0.0000000000000e+00 0.0000000000000e+00 0.0000000000000e+00
 1  22 0.0000000000000e+00 0.0000000000000e+00 0.0000000000000e+00 0.0000000000000e+00 0.0000000000000e+00 0.0000000000000e+00 0.0000000000000e+00 0.0000000000000e+00 0.0000000000000e+00
 1  23 0.0000000000000e+00 0.0000000000000e+00 0.0000000000000e+00 0.0000000000000e+00 0.0000000000000e+00 0.0000000000000e+00 0.0000000000000e+00 0.0000000000000e+00 0.0000000000000e+00
 1  24 0.0000000000000e+00 0.0000000000000e+00 0.0000000000000e+00 0.0000000000000e+00 0.0000000000000e+00 0.0000000000000e+00 0.0000000000000e+00 0.0000000000000e+00 0.0000000000000e+00
 1  25 0.0000000000000e+00 0.0000000000000e+00 0.0000000000000e+00 0.0000000000000e+00 0.0000000000000e+00 0.0000000000000e+00 0.0000000000000e+00 0.0000000000000e+00 0.0000000000000e+00
 1  26 0.0000000000000e+00 0.0000000000000e+00 0.0000000000000e+00 0.0000000000000e+00 0.0000000000000e+00 0.0000000000000e+00 0.0000000000000e+00 0.0000000000000e+00 0.0000000000000e+00
 1  27 0.0000000000000e+00 0.0000000000000e+00 0.0000000000000e+00 0.0000000000000e+00 0.0000000000000e+00 0.0000000000000e+00 0.0000000000000e+00 0.0000000000000e+00 0.0000000000000e+00
 1  28 0.0000000000000e+00 0.0000000000000e+00 0.0000000000000e+00 0.0000000000000e+00 0.0000000000000e+00 0.0000000000000e+00 0.0000000000000e+00 0.0000000000000e+00 0.0000000000000e+00
 1  29 0.0000000000000e+00 0.0000000000000e+00 0.0000000000000e+00 0.0000000000000e+00 0.0000000000000e+00 0.0000000000000e+00 0.0000000000000e+00 0.0000000000000e+00 0.0000000000000e+00
 1  30 0.0000000000000e+00 0.0000000000000e+00 0.0000000000000e+00 0.0000000000000e+00 0.0000000000000e+00 0.0000000000000e+00 0.0000000000000e+00 0.0000000000000e+00 0.0000000000000e+00
 1  31 0.0000000000000e+00 0.0000000000000e+00 0.0000000000000e+00 0.0000000000000e+00 0.0000000000000e+00 0.0000000000000e+00 0.0000000000000e+00 0.0000000000000e+00 0.0000000000000e+00
0.78106694 0.78109744 0.78112795 12803.0 12802.0  1
1.0000000000000 
 1   1 3.6912427484900e-36 3.5217330766675e-36 3.3408250413492e-36 3.1551892716408e-36 2.9834674764314e-36 2.9833887346681e-36 2.9833887346681e-36 2.9833887346681e-36 2.9833887346681e-36
 1   2 6.1683262498808e-36 5.8853925656551e-36 5.5832595230138e-36 5.2730643282606e-36 4.9626689608243e-36 4.8857671360318e-36 4.8857671360318e-36 4.8857671360318e-36 4.8857671360318e-36
 1   3 9.4544449579152e-36 9.0205236734983e-36 8.5573491962311e-36 8.0817575554325e-36 7.6058401856085e-36 7.3348164172907e-36 7.3348164172907e-36 7.3348164172907e-36 7.3348164172907e-36
 1   4 1.4905299936878e-35 1.4217477899388e-35 1.3484743999488e-35 1.2733302922035e-35 1.1982083541209e-35 1.1317657313830e-35 1.1317657313830e-35 1.1317657313830e-35 1.1317657313830e-35
 1   5 2.3366343831162e-35 2.2502127329497e-35 2.1343662723493e-35 2.0155457766031e-35 1.8967287246880e-35 1.7798527020799e-35 1.7538974079923e-35 1.7538974079923e-35 1.7538974079923e-35
 1   6 3.6711790602134e-35 3.5892029655257e-35 3.4046121833185e-35 3.2153377908073e-35 3.0260303949146e-35 2.8397555792966e-35 2.7389247962900e-35 2.7389247962900e-35 2.7389247962900e-35
 1   7 5.6711277257377e-35 5.6344756052492e-35 5.3446875491790e-35 5.0476031629390e-35 4.7503503159607e-35 4.4581197226786e-35 4.2088070135963e-35 4.2088070135963e-35 4.2088070135963e-35
 1   8 8.7906434988960e-35 8.7906434988960e-35 8.4219119284128e-35 7.9559598578657e-35 7.4902666486233e-35 7.0307551162161e-35 6.5838307865010e-35 6.4958575469283e-35 6.4958575469283e-35
 1   9 1.3637907526966e-34 1.3637907526966e-34 1.3291262967281e-34 1.2561650613292e-34 1.1832823452796e-34 1.1112258043123e-34 1.0408421617018e-34 1.0047327889956e-34 1.0047327889956e-34
 1  10 2.1020529772740e-34 2.1020529772740e-34 2.0848576989734e-34 1.9716693020149e-34 1.8585292334864e-34 1.7463993554155e-34 1.6364209534309e-34 1.5461486122119e-34 1.5461486122119e-34
 1  11 3.2256088448892e-34 3.2256088448892e-34 3.2256088448892e-34 3.0822779717930e-34 2.9096049689082e-34 2.7365719708784e-34 2.5665656412132e-34 2.4022696426992e-34 2.3740189777823e-34
 1  12 4.9657179279954e-34 4.9657179279954e-34 4.9657179279954e-34 4.7884363903246e-34 4.5300406914948e-34 4.2676928520878e-34 4.0077258479187e-34 3.7551543562552e-34 3.6758881548676e-34
 1  13 7.7251091829591e-34 7.7251091829591e-34 7.7221107540095e-34 7.3503179620563e-34 6.9799729566999e-34 6.5960027779561e-34 6.2061624742979e-34 5.8309791158265e-34 5.8309791158265e-34
 1  14 1.1713220805608e-33 1.1713220805608e-33 1.1548651596493e-33 1.1056592416304e-33 1.0563583657084e-33 1.0040038677037e-33 9.4817413085340e-34 9.1175823421989e-34 9.1175823421989e-34
 1  15 1.6977442667026e-33 1.6977442667026e-33 1.6605472173387e-33 1.6063868661376e-33 1.5533063167002e-33 1.4878164958445e-33 1.4151507411546e-33 1.3901670780958e-33 1.3901670780958e-33
 1  16 2.2551306270839e-33 2.2551306270839e-33 2.2129845628321e-33 2.1867218149828e-33 2.1627762603726e-33 2.1071759285917e-33 2.0268970112702e-33 2.0255303154164e-33 2.0255303154164e-33
 1  17 2.4497640225762e-33 2.4561958133852e-33 2.4979627807088e-33 2.5921850814119e-33 2.6879999932894e-33 2.7250662689068e-33 2.6972632561159e-33 2.6972632561159e-33 2.6972632561159e-33
 1  18 1.1408806339654e-33 1.2421520436826e-33 1.5575551777655e-33 2.0203272835461e-33 2.5169857690540e-33 2.8182820525720e-33 2.8872036740836e-33 2.8872036740836e-33 2.8872036740836e-33
 1  19 0.0000000000000e+00 0.0000000000000e+00 0.0000000000000e+00 0.0000000000000e+00 0.0000000000000e+00 9.7002399944130e-34 1.0124847839384e-33 1.0124847839384e-33 1.0124847839384e-33
 1  20 0.0000000000000e+00 0.0000000000000e+00 0.0000000000000e+00 0.0000000000000e+00 0.0000000000000e+00 0.0000000000000e+00 0.0000000000000e+00 0.0000000000000e+00 0.0000000000000e+00
 1  21 0.0000000000000e+00 0.0000000000000e+00 0.0000000000000e+00 0.0000000000000e+00 0.0000000000000e+00 0.0000000000000e+00 0.0000000000000e+00 0.0000000000000e+00 0.0000000000000e+00
 1  22 0.0000000000000e+00 0.0000000000000e+00 0.0000000000000e+00 0.0000000000000e+00 0.0000000000000e+00 0.0000000000000e+00 0.0000000000000e+00 0.0000000000000e+00 0.0000000000000e+00
 1  23 0.0000000000000e+00 0.0000000000000e+00 0.0000000000000e+00 0.0000000000000e+00 0.0000000000000e+00 0.0000000000000e+00 0.0000000000000e+00 0.0000000000000e+00 0.0000000000000e+00
 1  24 0.0000000000000e+00 0.0000000000000e+00 0.0000000000000e+00 0.0000000000000e+00 0.0000000000000e+00 0.0000000000000e+00 0.0000000000000e+00 0.0000000000000e+00 0.0000000000000e+00
 1  25 0.0000000000000e+00 0.0000000000000e+00 0.0000000000000e+00 0.0000000000000e+00 0.0000000000000e+00 0.0000000000000e+00 0.0000000000000e+00 0.0000000000000e+00 0.0000000000000e+00
 1  26 0.0000000000000e+00 0.0000000000000e+00 0.0000000000000e+00 0.0000000000000e+00 0.0000000000000e+00 0.0000000000000e+00 0.0000000000000e+00 0.0000000000000e+00 0.0000000000000e+00
 1  27 0.0000000000000e+00 0.0000000000000e+00 0.0000000000000e+00 0.0000000000000e+00 0.0000000000000e+00 0.0000000000000e+00 0.0000000000000e+00 0.0000000000000e+00 0.0000000000000e+00
 1  28 0.0000000000000e+00 0.0000000000000e+00 0.0000000000000e+00 0.0000000000000e+00 0.0000000000000e+00 0.0000000000000e+00 0.0000000000000e+00 0.0000000000000e+00 0.0000000000000e+00
 1  29 0.0000000000000e+00 0.0000000000000e+00 0.0000000000000e+00 0.0000000000000e+00 0.0000000000000e+00 0.0000000000000e+00 0.0000000000000e+00 0.0000000000000e+00 0.0000000000000e+00
 1  30 0.0000000000000e+00 0.0000000000000e+00 0.0000000000000e+00 0.0000000000000e+00 0.0000000000000e+00 0.0000000000000e+00 0.0000000000000e+00 0.0000000000000e+00 0.0000000000000e+00
 1  31 0.0000000000000e+00 0.0000000000000e+00 0.0000000000000e+00 0.0000000000000e+00 0.0000000000000e+00 0.0000000000000e+00 0.0000000000000e+00 0.0000000000000e+00 0.0000000000000e+00
0.78112795 0.78115846 0.78118897 12802.0 12801.0  1
1.0000000000000 
 1   1 5.5671728856926e-36 5.2868213573315e-36 4.9985109917916e-36 4.7093159921364e-36 4.4455163770282e-36 4.4453954842070e-36 4.4453954842070e-36 4.4453954842070e-36 4.4453954842070e-36
 1   2 9.3049475321422e-36 8.8364293769423e-36 8.3545383950791e-36 7.8710503365406e-36 7.3944370258472e-36 7.2767469676615e-36 7.2767469676615e-36 7.2767469676615e-36 7.2767469676615e-36
 1   3 1.4263793122974e-35 1.3544933557642e-35 1.2805887402311e-35 1.2064398996753e-35 1.1333477412972e-35 1.0920052663354e-35 1.0920052663354e-35 1.0920052663354e-35 1.0920052663354e-35
 1   4 2.2485150677074e-35 2.1347501160247e-35 2.0179294817002e-35 1.9008277446618e-35 1.7854816440225e-35 1.6844139541344e-35 1.6844139541344e-35 1.6844139541344e-35 1.6844139541344e-35
 1   5 3.5209542686122e-35 3.3794891484149e-35 3.1946151110993e-35 3.0093100209235e-35 2.8267691791821e-35 2.6490448222283e-35 2.6096605957291e-35 2.6096605957291e-35 2.6096605957291e-35
 1   6 5.5245783628844e-35 5.3919765160100e-35 5.0971398035385e-35 4.8017141959478e-35 4.5106843517780e-35 4.2272759928315e-35 4.0745905839051e-35 4.0745905839051e-35 4.0745905839051e-35
 1   7 8.5253680586659e-35 8.4666358150418e-35 8.0036982446560e-35 7.5397969755324e-35 7.0826083072061e-35 6.6377933240434e-35 6.2608516602037e-35 6.2608516602037e-35 6.2608516602037e-35
 1   8 1.3205707871117e-34 1.3205707871117e-34 1.2619210806397e-34 1.1890290662461e-34 1.1172831588445e-34 1.0472569859028e-34 9.7965951745144e-35 9.6637218389545e-35 9.6637218389545e-35
 1   9 2.0482015606819e-34 2.0482015606819e-34 1.9933447749956e-34 1.8788846860042e-34 1.7663100945432e-34 1.6562739509904e-34 1.5496604015850e-34 1.4951393894316e-34 1.4951393894316e-34
 1  10 3.1579577674669e-34 3.1579577674669e-34 3.1308141794562e-34 2.9525839811101e-34 2.7772286929712e-34 2.6055064170604e-34 2.4385529288763e-34 2.3021751507830e-34 2.3021751507830e-34
 1  11 4.8515200293454e-34 4.8515200293454e-34 4.8515200293454e-34 4.6250569100622e-34 4.3556464618232e-34 4.0893960730070e-34 3.8302505373510e-34 3.5813967761608e-34 3.5386517148853e-34
 1  12 7.4913281521645e-34 7.4913281521645e-34 7.4913281521645e-34 7.2086727294921e-34 6.8010429718731e-34 6.3940041756719e-34 5.9951148613997e-34 5.6104416819328e-34 5.4899870309297e-34
 1  13 1.1738631687395e-33 1.1738631687395e-33 1.1733712978221e-33 1.1123878447629e-33 1.0528011177648e-33 9.9234406576952e-34 9.3189904422428e-34 8.7418245526990e-34 8.7418245526990e-34
 1  14 1.8016983749336e-33 1.8016983749336e-33 1.7732471872108e-33 1.6888264890126e-33 1.6063095406498e-33 1.5213013707827e-33 1.4329539704398e-33 1.3756859060486e-33 1.3756859060486e-33
 1  15 2.6695107528480e-33 2.6695107528480e-33 2.5974336636884e-33 2.4937554292878e-33 2.3950251077493e-33 2.2823049340680e-33 2.1622329615773e-33 2.1212526571138e-33 2.1212526571138e-33
 1  16 3.7068498036311e-33 3.7068498036311e-33 3.5902855797516e-33 3.5017039988935e-33 3.4223092737291e-33 3.3049486524269e-33 3.1583703843511e-33 3.1558794383534e-33 3.1558794383534e-33
 1  17 4.5052319750561e-33 4.4786731495673e-33 4.4252796247590e-33 4.4566513649306e-33 4.5010369295916e-33 4.4747965896034e-33 4.3880957997066e-33 4.3880957997066e-33 4.3880957997066e-33
 1  18 3.7807391744719e-33 3.7775447685735e-33 4.0008497569794e-33 4.4480566645161e-33 4.9606607308929e-33 5.2250661445913e-33 5.2677773644865e-33 5.2677773644865e-33 5.2677773644865e-33
 1  19 0.0000000000000e+00 0.0000000000000e+00 0.0000000000000e+00 9.6496726151635e-34 2.7259697465180e-33 3.9283331431352e-33 3.9776708450911e-33 3.9776708450911e-33 3.9776708450911e-33
 1  20 0.0000000000000e+00 0.0000000000000e+00 0.0000000000000e+00 0.0000000000000e+00 0.0000000000000e+00 0.0000000000000e+00 0.0000000000000e+00 0.0000000000000e+00 0.0000000000000e+00
 1  21 0.0000000000000e+00 0.0000000000000e+00 0.0000000000000e+00 0.0000000000000e+00 0.0000000000000e+00 0.0000000000000e+00 0.0000000000000e+00 0.0000000000000e+00 0.0000000000000e+00
 1  22 0.0000000000000e+00 0.0000000000000e+00 0.0000000000000e+00 0.0000000000000e+00 0.0000000000000e+00 0.0000000000000e+00 0.0000000000000e+00 0.0000000000000e+00 0.0000000000000e+00
 1  23 0.0000000000000e+00 0.0000000000000e+00 0.0000000000000e+00 0.0000000000000e+00 0.0000000000000e+00 0.0000000000000e+00 0.0000000000000e+00 0.0000000000000e+00 0.0000000000000e+00
 1  24 0.0000000000000e+00 0.0000000000000e+00 0.0000000000000e+00 0.0000000000000e+00 0.0000000000000e+00 0.0000000000000e+00 0.0000000000000e+00 0.0000000000000e+00 0.0000000000000e+00
 1  25 0.0000000000000e+00 0.0000000000000e+00 0.0000000000000e+00 0.0000000000000e+00 0.0000000000000e+00 0.0000000000000e+00 0.0000000000000e+00 0.0000000000000e+00 0.0000000000000e+00
 1  26 0.0000000000000e+00 0.0000000000000e+00 0.0000000000000e+00 0.0000000000000e+00 0.0000000000000e+00 0.0000000000000e+00 0.0000000000000e+00 0.0000000000000e+00 0.0000000000000e+00
 1  27 0.0000000000000e+00 0.0000000000000e+00 0.0000000000000e+00 0.0000000000000e+00 0.0000000000000e+00 0.0000000000000e+00 0.0000000000000e+00 0.0000000000000e+00 0.0000000000000e+00
 1  28 0.0000000000000e+00 0.0000000000000e+00 0.0000000000000e+00 0.0000000000000e+00 0.0000000000000e+00 0.0000000000000e+00 0.0000000000000e+00 0.0000000000000e+00 0.0000000000000e+00
 1  29 0.0000000000000e+00 0.0000000000000e+00 0.0000000000000e+00 0.0000000000000e+00 0.0000000000000e+00 0.0000000000000e+00 0.0000000000000e+00 0.0000000000000e+00 0.0000000000000e+00
 1  30 0.0000000000000e+00 0.0000000000000e+00 0.0000000000000e+00 0.0000000000000e+00 0.0000000000000e+00 0.0000000000000e+00 0.0000000000000e+00 0.0000000000000e+00 0.0000000000000e+00
 1  31 0.0000000000000e+00 0.0000000000000e+00 0.0000000000000e+00 0.0000000000000e+00 0.0000000000000e+00 0.0000000000000e+00 0.0000000000000e+00 0.0000000000000e+00 0.0000000000000e+00
0.78118897 0.78121948 0.78125000 12801.0 12800.0  1
1.0000000000000 
 1   1 8.0472934156400e-36 7.6128935821923e-36 7.1779362785844e-36 6.7490867529358e-36 6.3621967219888e-36 6.3620202256447e-36 6.3620202256447e-36 6.3620202256447e-36 6.3620202256447e-36
 1   2 1.3452361942585e-35 1.2725769541490e-35 1.1998342011353e-35 1.1281094589457e-35 1.0582288883133e-35 1.0410190598263e-35 1.0410190598263e-35 1.0410190598263e-35 1.0410190598263e-35
 1   3 2.0623375403182e-35 1.9508146661784e-35 1.8392312380082e-35 1.7292111656673e-35 1.6220257968054e-35 1.5617261795491e-35 1.5617261795491e-35 1.5617261795491e-35 1.5617261795491e-35
 1   4 3.2507530019569e-35 3.0744409027425e-35 2.8981781651072e-35 2.7244862473925e-35 2.5553680243723e-35 2.4082926163175e-35 2.4082926163175e-35 2.4082926163175e-35 2.4082926163175e-35
 1   5 5.0856695500683e-35 4.8680245899206e-35 4.5888664925306e-35 4.3138665342151e-35 4.0461072307999e-35 3.7875498440996e-35 3.7303518272332e-35 3.7303518272332e-35 3.7303518272332e-35
 1   6 7.9709933285867e-35 7.7687049853121e-35 7.3231507264053e-35 6.8844749461608e-35 6.4573589589952e-35 6.0448689225364e-35 5.8234965891883e-35 5.8234965891883e-35 5.8234965891883e-35
 1   7 1.2289963333515e-34 1.2200980477456e-34 1.1501231878875e-34 1.0812223441569e-34 1.0141003539868e-34 9.4933583840037e-35 8.9475455920257e-35 8.9475455920257e-35 8.9475455920257e-35
 1   8 1.9025668793703e-34 1.9025668793703e-34 1.8141989767528e-34 1.7057807450536e-34 1.6003153689389e-34 1.4982643217771e-34 1.4003545963145e-34 1.3811311310812e-34 1.3811311310812e-34
 1   9 2.9501136062635e-34 2.9501136062635e-34 2.8677784921830e-34 2.6971479107327e-34 2.5313520089777e-34 2.3707347108510e-34 2.2161340152551e-34 2.1372815327777e-34 2.1372815327777e-34
 1  10 4.5494478277203e-34 4.5494478277203e-34 4.5087876617964e-34 4.2423219187417e-34 3.9834133186658e-34 3.7322012219342e-34 3.4896949006497e-34 3.2923824341456e-34 3.2923824341456e-34
 1  11 6.9951979044305e-34 6.9951979044305e-34 6.9951979044305e-34 6.6557684005008e-34 6.2559712923491e-34 5.8650881966320e-34 5.4874716566899e-34 5.1267243790370e-34 5.0648130201246e-34
 1  12 1.0826337868562e-33 1.0826337868562e-33 1.0826337868562e-33 1.0399892395312e-33 9.7899697026441e-34 9.1886841383893e-34 8.6045387511375e-34 8.0445617114096e-34 7.8695306025721e-34
 1  13 1.7059381970118e-33 1.7059381970118e-33 1.7051809215104e-33 1.6112956570782e-33 1.5208738765481e-33 1.4305838799549e-33 1.3413798381038e-33 1.2567271634424e-33 1.2567271634424e-33
 1  14 2.6426896451820e-33 2.6426896451820e-33 2.5973262161579e-33 2.4634254709847e-33 2.3347562266857e-33 2.2049888135236e-33 2.0726678225553e-33 1.9872977289979e-33 1.9872977289979e-33
 1  15 3.9795666970738e-33 3.9795666970738e-33 3.8567359862785e-33 3.6813742696549e-33 3.5171452192175e-33 3.3383646507429e-33 3.1530949861098e-33 3.0901876712416e-33 3.0901876712416e-33
 1  16 5.6994530529130e-33 5.6994530529130e-33 5.4690774659869e-33 5.2843841609277e-33 5.1197536057012e-33 4.9120610189841e-33 4.6717010769158e-33 4.6676206421505e-33 4.6676206421505e-33
 1  17 7.4206548603992e-33 7.3398587255634e-33 7.1269370256951e-33 7.0441271220995e-33 6.9930408722967e-33 6.8616411750260e-33 6.6862302345764e-33 6.6862302345764e-33 6.6862302345764e-33
 1  18 7.7796780184472e-33 7.5920933646269e-33 7.6206145309977e-33 7.9766680964419e-33 8.4451966347927e-33 8.6115952069913e-33 8.6044790580650e-33 8.6044790580650e-33 8.6044790580650e-33
 1  19 3.2586073590396e-33 2.6294083957277e-33 3.5058564326878e-33 5.1834554812821e-33 7.1393862455543e-33 8.3713946913442e-33 8.4217131963991e-33 8.4217131963991e-33 8.4217131963991e-33
 1  20 0.0000000000000e+00 0.0000000000000e+00 0.0000000000000e+00 0.0000000000000e+00 1.5040279175160e-34 5.3133938003026e-34 5.3133938003026e-34 5.3133938003026e-34 5.3133938003026e-34
 1  21 0.0000000000000e+00 0.0000000000000e+00 0.0000000000000e+00 0.0000000000000e+00 0.0000000000000e+00 0.0000000000000e+00 0.0000000000000e+00 0.0000000000000e+00 0.0000000000000e+00
 1  22 0.0000000000000e+00 0.0000000000000e+00 0.0000000000000e+00 0.0000000000000e+00 0.0000000000000e+00 0.0000000000000e+00 0.0000000000000e+00 0.0000000000000e+00 0.0000000000000e+00
 1  23 0.0000000000000e+00 0.0000000000000e+00 0.0000000000000e+00 0.0000000000000e+00 0.0000000000000e+00 0.0000000000000e+00 0.0000000000000e+00 0.0000000000000e+00 0.0000000000000e+00
 1  24 0.0000000000000e+00 0.0000000000000e+00 0.0000000000000e+00 0.0000000000000e+00 0.0000000000000e+00 0.0000000000000e+00 0.0000000000000e+00 0.0000000000000e+00 0.0000000000000e+00
 1  25 0.0000000000000e+00 0.0000000000000e+00 0.0000000000000e+00 0.0000000000000e+00 0.0000000000000e+00 0.0000000000000e+00 0.0000000000000e+00 0.0000000000000e+00 0.0000000000000e+00
 1  26 0.0000000000000e+00 0.0000000000000e+00 0.0000000000000e+00 0.0000000000000e+00 0.0000000000000e+00 0.0000000000000e+00 0.0000000000000e+00 0.0000000000000e+00 0.0000000000000e+00
 1  27 0.0000000000000e+00 0.0000000000000e+00 0.0000000000000e+00 0.0000000000000e+00 0.0000000000000e+00 0.0000000000000e+00 0.0000000000000e+00 0.0000000000000e+00 0.0000000000000e+00
 1  28 0.0000000000000e+00 0.0000000000000e+00 0.0000000000000e+00 0.0000000000000e+00 0.0000000000000e+00 0.0000000000000e+00 0.0000000000000e+00 0.0000000000000e+00 0.0000000000000e+00
 1  29 0.0000000000000e+00 0.0000000000000e+00 0.0000000000000e+00 0.0000000000000e+00 0.0000000000000e+00 0.0000000000000e+00 0.0000000000000e+00 0.0000000000000e+00 0.0000000000000e+00
 1  30 0.0000000000000e+00 0.0000000000000e+00 0.0000000000000e+00 0.0000000000000e+00 0.0000000000000e+00 0.0000000000000e+00 0.0000000000000e+00 0.0000000000000e+00 0.0000000000000e+00
 1  31 0.0000000000000e+00 0.0000000000000e+00 0.0000000000000e+00 0.0000000000000e+00 0.0000000000000e+00 0.0000000000000e+00 0.0000000000000e+00 0.0000000000000e+00 0.0000000000000e+00
