-----------------------------------------------------------------------------------------------
Content :
Spectral range definition: line 1 (3 values)  ==> max, min and step of the wavenumber (in cm-1)
Temperatures definition :  line 2 (1 value)   ==> NT = number of T values
Temperatures definition :  line 3 (NT values) ==> list of T values (in K)
Pressures definition :     line 4 (1 value)   ==> NP = number of P values
Pressures definition :     line 5 (NP values) ==> list of P values (in mbar)
For each spectral range: 
    First line of the block (6 values): 
    --> min, mean and max wavelengths (in microns), min and max wavenumbers (in cm-1)
        of the spectral range, nmaxai (number of exponentials for the CKD expansion) 
    If nmaxai not null, second line of the block (nmaxnai values): 
    --> coefs kdis_ai for nai = 1 to nmaxai 
    If nmaxai not null, following lines of the block : 
    --> for nai = 1 to nmaxai 
    -->     for pressure index ip = 1 to NP 
    -->         line : nai, ip, kdis_ki(T,P,nai) for temperature index it = 1 to IT 
-----------------------------------------------------------------------------------------------
8550 8500  1
9
  160.00  180.00  200.00  220.00  240.00  260.00  280.00  300.00  320.00
31
    0.007    0.011    0.017    0.028    0.044    0.069    0.110    0.174    0.276    0.438    0.694    1.100    1.743    2.763    4.379    6.941   11.000   17.434   27.631   43.792   69.405  110.000  174.338  219.479  276.308  347.851  437.918  551.306  694.053  873.761 1098.900
1.16959064 1.16965904 1.16972745  8550.0  8549.0  0
1.16972745 1.16979588 1.16986430  8549.0  8548.0  0
1.16986430 1.16993274 1.17000117  8548.0  8547.0  0
1.17000117 1.17006962 1.17013808  8547.0  8546.0  0
1.17013808 1.17020655 1.17027501  8546.0  8545.0  0
1.17027501 1.17034350 1.17041199  8545.0  8544.0  0
1.17041199 1.17048049 1.17054899  8544.0  8543.0  0
1.17054899 1.17061750 1.17068602  8543.0  8542.0  0
1.17068602 1.17075456 1.17082309  8542.0  8541.0  0
1.17082309 1.17089164 1.17096019  8541.0  8540.0  0
1.17096019 1.17102876 1.17109732  8540.0  8539.0  0
1.17109732 1.17116590 1.17123448  8539.0  8538.0  0
1.17123448 1.17130308 1.17137168  8538.0  8537.0  0
1.17137168 1.17144029 1.17150890  8537.0  8536.0  0
1.17150890 1.17157753 1.17164616  8536.0  8535.0  0
1.17164616 1.17171481 1.17178345  8535.0  8534.0  0
1.17178345 1.17185212 1.17192078  8534.0  8533.0  0
1.17192078 1.17198945 1.17205813  8533.0  8532.0  0
1.17205813 1.17212682 1.17219552  8532.0  8531.0  0
1.17219552 1.17226423 1.17233294  8531.0  8530.0  0
1.17233294 1.17240167 1.17247040  8530.0  8529.0  0
1.17247040 1.17253914 1.17260788  8529.0  8528.0  0
1.17260788 1.17267664 1.17274540  8528.0  8527.0  0
1.17274540 1.17281418 1.17288295  8527.0  8526.0  0
1.17288295 1.17295174 1.17302053  8526.0  8525.0  0
1.17302053 1.17308934 1.17315814  8525.0  8524.0  0
1.17315814 1.17322696 1.17329579  8524.0  8523.0  0
1.17329579 1.17336463 1.17343347  8523.0  8522.0  0
1.17343347 1.17350232 1.17357118  8522.0  8521.0  0
1.17357118 1.17364005 1.17370892  8521.0  8520.0  0
1.17370892 1.17377781 1.17384670  8520.0  8519.0  0
1.17384670 1.17391560 1.17398450  8519.0  8518.0  0
1.17398450 1.17405342 1.17412234  8518.0  8517.0  0
1.17412234 1.17419128 1.17426022  8517.0  8516.0  0
1.17426022 1.17432917 1.17439812  8516.0  8515.0  0
1.17439812 1.17446709 1.17453606  8515.0  8514.0  0
1.17453606 1.17460504 1.17467403  8514.0  8513.0  0
1.17467403 1.17474303 1.17481203  8513.0  8512.0  0
1.17481203 1.17488104 1.17495006  8512.0  8511.0  0
1.17495006 1.17501910 1.17508813  8511.0  8510.0  0
1.17508813 1.17515718 1.17522623  8510.0  8509.0  0
1.17522623 1.17529530 1.17536436  8509.0  8508.0  0
1.17536436 1.17543344 1.17550253  8508.0  8507.0  0
1.17550253 1.17557162 1.17564072  8507.0  8506.0  0
1.17564072 1.17570984 1.17577895  8506.0  8505.0  0
1.17577895 1.17584809 1.17591722  8505.0  8504.0  0
1.17591722 1.17598636 1.17605551  8504.0  8503.0  0
1.17605551 1.17612468 1.17619384  8503.0  8502.0  1
1.0000000000000 
 1   1 7.7225894680572e-38 6.8787269723214e-38 6.2037439228316e-38 5.6512455695115e-38 5.2211876313296e-38 5.2209959336996e-38 5.2209959336996e-38 5.2209959336996e-38 5.2209959336996e-38
 1   2 1.2938754845691e-37 1.1517849413253e-37 1.0382948997384e-37 9.4556582357568e-38 8.6841733662228e-38 8.5016777830587e-38 8.5016777830587e-38 8.5016777830587e-38 8.5016777830587e-38
 1   3 1.9854311865290e-37 1.7670870255312e-37 1.5927471115333e-37 1.4502515369814e-37 1.3316885707459e-37 1.2704171877569e-37 1.2704171877569e-37 1.2704171877569e-37 1.2704171877569e-37
 1   4 3.1224952072269e-37 2.7803508110610e-37 2.5068321485366e-37 2.2830351428505e-37 2.0967337451612e-37 1.9532699294224e-37 1.9532699294224e-37 1.9532699294224e-37 1.9532699294224e-37
 1   5 4.8095365892556e-37 4.4106292917279e-37 3.9753635679332e-37 3.6195900307994e-37 3.3234178651969e-37 3.0729699563813e-37 3.0192376712343e-37 3.0192376712343e-37 3.0192376712343e-37
 1   6 7.3954927753207e-37 7.0508513773952e-37 6.3535580868991e-37 5.7838928184561e-37 5.3097736845046e-37 4.9089646568050e-37 4.7083628401314e-37 4.7083628401314e-37 4.7083628401314e-37
 1   7 1.1213330217166e-36 1.1071456034405e-36 9.9797857882643e-37 9.0864219198088e-37 8.3418450075945e-37 7.7126301596116e-37 7.2337829325376e-37 7.2337829325376e-37 7.2337829325376e-37
 1   8 1.7114759018239e-36 1.7114759018239e-36 1.5789066995985e-36 1.4372842573042e-36 1.3193801255547e-36 1.2196438171847e-36 1.1342161786444e-36 1.1178298203973e-36 1.1178298203973e-36
 1   9 2.6241135656694e-36 2.6241135656694e-36 2.5069284233463e-36 2.2815754158454e-36 2.0940797979736e-36 1.9355624045623e-36 1.7997061372929e-36 1.7341348755712e-36 1.7341348755712e-36
 1  10 4.0155468888053e-36 4.0155468888053e-36 3.9601137636342e-36 3.6046336247677e-36 3.3085793027608e-36 3.0581722445981e-36 2.8435482059218e-36 2.6826877517950e-36 2.6826877517950e-36
 1  11 6.1544045626351e-36 6.1544045626351e-36 6.1544045626351e-36 5.7052708717726e-36 5.2359681687988e-36 4.8391164976456e-36 4.4990155757939e-36 4.2044144787672e-36 4.1547379325290e-36
 1  12 9.6111557749255e-36 9.6111557749255e-36 9.6111557749255e-36 9.0387451273728e-36 8.2937404267633e-36 7.6639139400266e-36 7.1242864122078e-36 6.6568631083136e-36 6.5154629904284e-36
 1  13 1.5714469668175e-35 1.5714469668175e-35 1.5703080631721e-35 1.4292484540875e-35 1.3117122203579e-35 1.2122672923854e-35 1.1270019802592e-35 1.0536447186325e-35 1.0536447186325e-35
 1  14 2.5717483200417e-35 2.5717483200417e-35 2.4923123377806e-35 2.2674336103949e-35 2.0802280994205e-35 1.9219322591437e-35 1.7863047196568e-35 1.7044805840167e-35 1.7044805840167e-35
 1  15 4.2145341047255e-35 4.2145341047255e-35 3.9489317875262e-35 3.5921732698546e-35 3.2952183142670e-35 3.0441116561644e-35 2.8290197228098e-35 2.7593389661281e-35 2.7593389661281e-35
 1  16 6.9149637569134e-35 6.9149637569134e-35 6.2420850765638e-35 5.6798079020402e-35 5.2113131361932e-35 4.8147941534741e-35 4.4750051135769e-35 4.4692662560248e-35 4.4692662560248e-35
 1  17 1.1360995632410e-34 1.1002569726512e-34 9.9061549214309e-35 9.0102233181535e-35 8.2642539143554e-35 7.6333750502300e-35 7.2431028901511e-35 7.2431028901511e-35 7.2431028901511e-35
 1  18 1.8690580583265e-34 1.7435581947531e-34 1.5695326845986e-34 1.4273675483319e-34 1.3090074354073e-34 1.2089393461962e-34 1.1744500664366e-34 1.1744500664366e-34 1.1744500664366e-34
 1  19 3.0797449192202e-34 2.7552609535240e-34 2.4812061546556e-34 2.2570504022133e-34 2.0702347329201e-34 1.9122078845513e-34 1.9056307411108e-34 1.9056307411108e-34 1.9056307411108e-34
 1  20 4.9186637156514e-34 4.3721240457213e-34 3.9356744726980e-34 3.5788864528733e-34 3.2817818628241e-34 3.0939302891343e-34 3.0939302891343e-34 3.0939302891343e-34 3.0939302891343e-34
 1  21 7.7971063752370e-34 6.9291066529105e-34 6.2361371210664e-34 5.6698225137486e-34 5.1984226467750e-34 5.0266397594367e-34 5.0266397594367e-34 5.0266397594367e-34 5.0266397594367e-34
 1  22 1.2357186916703e-33 1.0979327539966e-33 9.8792723758180e-34 8.9808099010609e-34 8.2331459027700e-34 7.9590803132307e-34 7.9590803132307e-34 7.9590803132307e-34 7.9590803132307e-34
 1  23 1.8908539276427e-33 1.7367888625781e-33 1.5629097382045e-33 1.4207875120733e-33 1.3025120255584e-33 1.2025041804328e-33 1.1790829146702e-33 1.1790829146702e-33 1.1790829146702e-33
 1  24 2.2625371598490e-33 2.1854335466427e-33 1.9666474156608e-33 1.7878012766420e-33 1.6389201416645e-33 1.5129595853247e-33 1.4373417786107e-33 1.4373417786107e-33 1.4373417786107e-33
 1  25 2.7137855639007e-33 2.7137855639007e-33 2.4709888587773e-33 2.2469480843762e-33 2.0600894819886e-33 1.9019351659511e-33 1.7664381361837e-33 1.7538498773833e-33 1.7538498773833e-33
 1  26 3.2623123702966e-33 3.2623123702966e-33 3.1135947025024e-33 2.8302553808901e-33 2.5944974992052e-33 2.3949123337600e-33 2.2239313539741e-33 2.1419645002333e-33 2.1419645002333e-33
 1  27 3.9292180699761e-33 3.9292180699761e-33 3.9092952774396e-33 3.5545876530271e-33 3.2591657188563e-33 3.0093116395241e-33 2.7948625316838e-33 2.6181862817682e-33 2.6181862817682e-33
 1  28 4.7407632067365e-33 4.7407632067365e-33 4.7407632067365e-33 4.4787018022421e-33 4.1054437749476e-33 3.7898885612831e-33 3.5195557173207e-33 3.2850041867133e-33 3.2028257439893e-33
 1  29 5.7306521423517e-33 5.7306521423517e-33 5.7306521423517e-33 5.6309772008997e-33 5.1618844252606e-33 4.7651697755374e-33 4.4251312185972e-33 4.1312106111176e-33 3.9209760178669e-33
 1  30 6.9354541387339e-33 6.9354541387339e-33 6.9354541387339e-33 6.9354541387339e-33 6.4945056365893e-33 5.9955486922836e-33 5.5673535691615e-33 5.1965559984801e-33 4.8725206951003e-33
 1  31 8.4001729971043e-33 8.4001729971043e-33 8.4001729971043e-33 8.4001729971043e-33 8.1639309586837e-33 7.5366864384009e-33 6.9984863498769e-33 6.5326768768964e-33 6.1241668760468e-33
1.17619384 1.17626302 1.17633220  8502.0  8501.0  0
1.17633220 1.17640140 1.17647059  8501.0  8500.0  0
