-----------------------------------------------------------------------------------------------
Content :
Spectral range definition: line 1 (3 values)  ==> max, min and step of the wavenumber (in cm-1)
Temperatures definition :  line 2 (1 value)   ==> NT = number of T values
Temperatures definition :  line 3 (NT values) ==> list of T values (in K)
Pressures definition :     line 4 (1 value)   ==> NP = number of P values
Pressures definition :     line 5 (NP values) ==> list of P values (in mbar)
For each spectral range: 
    First line of the block (6 values): 
    --> min, mean and max wavelengths (in microns), min and max wavenumbers (in cm-1)
        of the spectral range, nmaxai (number of exponentials for the CKD expansion) 
    If nmaxai not null, second line of the block (nmaxnai values): 
    --> coefs kdis_ai for nai = 1 to nmaxai 
    If nmaxai not null, following lines of the block : 
    --> for nai = 1 to nmaxai 
    -->     for pressure index ip = 1 to NP 
    -->         line : nai, ip, kdis_ki(T,P,nai) for temperature index it = 1 to IT 
-----------------------------------------------------------------------------------------------
8500 8450  1
9
  160.00  180.00  200.00  220.00  240.00  260.00  280.00  300.00  320.00
31
    0.007    0.011    0.017    0.028    0.044    0.069    0.110    0.174    0.276    0.438    0.694    1.100    1.743    2.763    4.379    6.941   11.000   17.434   27.631   43.792   69.405  110.000  174.338  219.479  276.308  347.851  437.918  551.306  694.053  873.761 1098.900
1.17647059 1.17653980 1.17660901  8500.0  8499.0  0
1.17660901 1.17667824 1.17674747  8499.0  8498.0  0
1.17674747 1.17681672 1.17688596  8498.0  8497.0  0
1.17688596 1.17695522 1.17702448  8497.0  8496.0  0
1.17702448 1.17709376 1.17716304  8496.0  8495.0  0
1.17716304 1.17723233 1.17730162  8495.0  8494.0  0
1.17730162 1.17737093 1.17744024  8494.0  8493.0  0
1.17744024 1.17750957 1.17757890  8493.0  8492.0  0
1.17757890 1.17764824 1.17771758  8492.0  8491.0  0
1.17771758 1.17778694 1.17785630  8491.0  8490.0  0
1.17785630 1.17792568 1.17799505  8490.0  8489.0  0
1.17799505 1.17806444 1.17813384  8489.0  8488.0  0
1.17813384 1.17820325 1.17827265  8488.0  8487.0  0
1.17827265 1.17834208 1.17841150  8487.0  8486.0  0
1.17841150 1.17848094 1.17855038  8486.0  8485.0  0
1.17855038 1.17861984 1.17868930  8485.0  8484.0  0
1.17868930 1.17875877 1.17882824  8484.0  8483.0  0
1.17882824 1.17889773 1.17896722  8483.0  8482.0  0
1.17896722 1.17903673 1.17910624  8482.0  8481.0  0
1.17910624 1.17917576 1.17924528  8481.0  8480.0  0
1.17924528 1.17931482 1.17938436  8480.0  8479.0  0
1.17938436 1.17945391 1.17952347  8479.0  8478.0  0
1.17952347 1.17959304 1.17966262  8478.0  8477.0  0
1.17966262 1.17973221 1.17980179  8477.0  8476.0  0
1.17980179 1.17987140 1.17994100  8476.0  8475.0  0
1.17994100 1.18001062 1.18008025  8475.0  8474.0  0
1.18008025 1.18014988 1.18021952  8474.0  8473.0  0
1.18021952 1.18028918 1.18035883  8473.0  8472.0  0
1.18035883 1.18042850 1.18049817  8472.0  8471.0  0
1.18049817 1.18056786 1.18063754  8471.0  8470.0  0
1.18063754 1.18070724 1.18077695  8470.0  8469.0  0
1.18077695 1.18084667 1.18091639  8469.0  8468.0  0
1.18091639 1.18098612 1.18105586  8468.0  8467.0  0
1.18105586 1.18112562 1.18119537  8467.0  8466.0  0
1.18119537 1.18126514 1.18133491  8466.0  8465.0  0
1.18133491 1.18140469 1.18147448  8465.0  8464.0  1
1.0000000000000 
 1   1 2.8844888331462e-33 7.3784612253604e-33 1.6147145823976e-32 3.0652181875834e-32 5.3268431638162e-32 8.4474879671560e-32 1.2621529698593e-31 1.8364736487953e-31 2.7026803895886e-31
 1   2 4.5517455518342e-33 1.1628400071989e-32 2.5360838053666e-32 4.7939765870355e-32 8.2323613337592e-32 1.3168870431189e-31 1.9485699655841e-31 2.7927998990932e-31 3.9410133770216e-31
 1   3 7.1431720720479e-33 1.8279582207812e-32 3.9881534629013e-32 7.5925350566292e-32 1.3002604983725e-31 2.0536095546860e-31 3.0505350288726e-31 4.2512806440426e-31 6.0550306460009e-31
 1   4 1.1306753960877e-32 2.8788597213079e-32 6.2562113319690e-32 1.1861234058413e-31 2.0313033738848e-31 3.2090753625612e-31 4.6960359846424e-31 6.6813598969947e-31 9.1701743708777e-31
 1   5 1.7884799776928e-32 4.5570480599140e-32 9.8836141009370e-32 1.8741451864539e-31 3.1786634429145e-31 5.0304824651632e-31 7.4361551640080e-31 1.0432986322870e-30 1.4057374889224e-30
 1   6 2.8345515188688e-32 7.1663460615536e-32 1.5548773942875e-31 2.9521661351127e-31 5.0221176473627e-31 7.9172187039182e-31 1.1508276833251e-30 1.6092577848068e-30 2.1597873044381e-30
 1   7 4.4852920643831e-32 1.1297518689510e-31 2.4557600429356e-31 4.6511349216274e-31 7.8761624478259e-31 1.2360049443811e-30 1.8079609048415e-30 2.5332523921238e-30 3.3911315547776e-30
 1   8 7.1063129773099e-32 1.7860679808343e-31 3.8634523789634e-31 7.2716386170398e-31 1.2443675052324e-30 1.9397800890264e-30 2.8560615726110e-30 3.9362175011296e-30 5.2785598273957e-30
 1   9 1.1260350733631e-31 2.8223856813102e-31 6.0983908710208e-31 1.1519051884668e-30 1.9652379112414e-30 3.0689750087539e-30 4.4599417999012e-30 6.1783001306338e-30 8.2317698955315e-30
 1  10 1.7844054791739e-31 4.4531938980902e-31 9.6101111250346e-31 1.8200180914572e-30 3.0869201995531e-30 4.8337159015417e-30 7.0253982233391e-30 9.7455854383736e-30 1.2960757713974e-29
 1  11 2.8091738301036e-31 7.0264004028029e-31 1.5168196362050e-30 2.8601831379236e-30 4.8547954304780e-30 7.5690927605380e-30 1.1049418945865e-29 1.5359995474624e-29 2.0380744376365e-29
 1  12 4.4518096359426e-31 1.1136087109916e-30 2.3977336921180e-30 4.5330823749630e-30 7.6726227797946e-30 1.1953169095433e-29 1.7512136423409e-29 2.4168311306918e-29 3.1884534582777e-29
 1  13 7.0552075375619e-31 1.7595984341414e-30 3.7882872734910e-30 7.1090302265414e-30 1.2090726384761e-29 1.8856035292275e-29 2.7584649222159e-29 3.8028825875090e-29 5.0275630826251e-29
 1  14 1.1181293801462e-30 2.7697223588990e-30 5.9553647117743e-30 1.1244683415785e-29 1.9063415817568e-29 2.9811978175046e-29 4.3465641848661e-29 5.9751236245292e-29 7.9223411133330e-29
 1  15 1.7720624358420e-30 4.3969473397592e-30 9.4230440825193e-30 1.7781152725453e-29 3.0107181105803e-29 4.7088373250098e-29 6.8353450490146e-29 9.4475355919542e-29 1.2439535769961e-28
 1  16 2.8151707320837e-30 6.9684569008271e-30 1.4934152803694e-29 2.8082869243178e-29 4.7649405670695e-29 7.4184269600620e-29 1.0747475109839e-28 1.4935308662587e-28 1.9712266129730e-28
 1  17 4.4612470688283e-30 1.1013575584041e-29 2.3516266659387e-29 4.4377897687272e-29 7.5207480068886e-29 1.1672742410784e-28 1.7068893577285e-28 2.3481840661631e-28 3.1184135251021e-28
 1  18 7.0359261388242e-30 1.7477549429947e-29 3.7264481456208e-29 7.0319824963365e-29 1.1870620879214e-28 1.8497789151274e-28 2.6892125740168e-28 3.7146588062075e-28 4.9028514150063e-28
 1  19 1.1189634921297e-29 2.7586409642499e-29 5.8780922646654e-29 1.1125134323753e-28 1.8795060049309e-28 2.9228541170665e-28 4.2609283719273e-28 5.8577568518651e-28 7.7545108835248e-28
 1  20 1.7736790132891e-29 4.3570529798991e-29 9.3014110741018e-29 1.7530732781655e-28 2.9562340941214e-28 4.6199481950978e-28 6.7416484368495e-28 9.2779209880526e-28 1.2262864919855e-27
 1  21 2.7905593410329e-29 6.8945920707819e-29 1.4684568232009e-28 2.7581926438700e-28 4.6669052560369e-28 7.2929458834304e-28 1.0638319900605e-27 1.4661657850873e-27 1.9324162838469e-27
 1  22 4.3783874688581e-29 1.0821818413105e-28 2.3053179211671e-28 4.3228311307173e-28 7.3501079656623e-28 1.1460096874506e-27 1.6687886374904e-27 2.3012518978685e-27 3.0467736015510e-27
 1  23 6.8491262814729e-29 1.6823616769217e-28 3.5936901834356e-28 6.7464064467771e-28 1.1425128727470e-27 1.7909122404500e-27 2.6089916214503e-27 3.6181421270473e-27 4.7523923751469e-27
 1  24 8.4527307848082e-29 2.0795113018725e-28 4.4005602188253e-28 8.3236294413636e-28 1.4193306355137e-27 2.2202728992758e-27 3.2184330856452e-27 4.4331444497754e-27 5.9112159485929e-27
 1  25 1.0304313814811e-28 2.5519200097775e-28 5.4454768805300e-28 1.0251168500219e-27 1.7496253098602e-27 2.7360502272994e-27 3.9181604122960e-27 5.3503443190725e-27 7.0944202543910e-27
 1  26 1.2587152281667e-28 3.1033732159426e-28 6.5907137885904e-28 1.2411278044334e-27 2.1190762584990e-27 3.2377020147388e-27 4.7294114086785e-27 6.3431746869138e-27 8.4815682153479e-27
 1  27 1.4880957715850e-28 3.7274900737207e-28 7.8815466671041e-28 1.4742270537590e-27 2.4402647508824e-27 3.7917577781860e-27 5.5132910886913e-27 7.5376969126230e-27 9.7008205371011e-27
 1  28 1.7503118557371e-28 4.3807351774603e-28 9.2832278880144e-28 1.7461264729302e-27 2.7968801468139e-27 4.3351150007921e-27 6.2889096848007e-27 8.6862814721127e-27 1.1379805432903e-26
 1  29 2.0107852140307e-28 4.9455897264021e-28 1.0737040180659e-27 1.9657129162835e-27 3.2620218877045e-27 4.8683834319775e-27 7.1150184603322e-27 9.7314243342894e-27 1.3030449114015e-26
 1  30 2.2198128909086e-28 5.5009956630369e-28 1.1919955982152e-27 2.1801640600330e-27 3.5787676448922e-27 5.4307746202240e-27 7.8050337074594e-27 1.0833094010706e-26 1.3755227396639e-26
 1  31 2.3985213748958e-28 5.9056942111459e-28 1.2894102903602e-27 2.3672236651485e-27 3.9321172414170e-27 5.9012153647637e-27 8.4594562284705e-27 1.1680677290303e-26 1.5278351404273e-26
1.18147448 1.18154428 1.18161408  8464.0  8463.0  1
1.0000000000000 
 1   1 2.9452780541310e-33 5.6642874047242e-33 9.5421613508243e-33 1.4626940693511e-32 2.0734444937135e-32 2.7732803452001e-32 3.5437205016273e-32 4.3653816488973e-32 5.2458639457352e-32
 1   2 4.6632878434418e-33 8.9683224776353e-33 1.5108201305049e-32 2.3158966687895e-32 3.2829053415499e-32 4.3909468877862e-32 5.6107362167361e-32 6.9117680745017e-32 8.3059284722111e-32
 1   3 7.3908127322517e-33 1.4213832305697e-32 2.3944887517175e-32 3.6704473149800e-32 5.2030542047198e-32 6.9591657699683e-32 8.8923444002699e-32 1.0954429504324e-31 1.3164108503573e-31
 1   4 1.1713649126362e-32 2.2527407368661e-32 3.7950094554857e-32 5.8172658721982e-32 8.2462850643447e-32 1.1029518907960e-31 1.4093345016359e-31 1.7361616628735e-31 2.0863806914948e-31
 1   5 1.8564883502964e-32 3.5703536771339e-32 6.0146848586942e-32 9.2197436746081e-32 1.3069481208332e-31 1.7480595464948e-31 2.2336374549099e-31 2.7516324412353e-31 3.3067006385947e-31
 1   6 2.9423355346315e-32 5.6586287953245e-32 9.5326332344269e-32 1.4612306964337e-31 2.0713731551179e-31 2.7704859600293e-31 3.5400694161737e-31 4.3610450151382e-31 5.2407769939321e-31
 1   7 4.6632877699734e-32 8.9683224776353e-32 1.5108205713153e-31 2.3158945528996e-31 3.2829053415499e-31 4.3909227901520e-31 5.6106246623222e-31 6.9117920545864e-31 8.3060816391250e-31
 1   8 7.3908125853149e-32 1.4213832011824e-31 2.3944890455911e-31 3.6704451403155e-31 5.2030539696209e-31 6.9591419074330e-31 8.8922329634055e-31 1.0954453484409e-30 1.3164262493333e-30
 1   9 1.1713649567173e-31 2.2527406487040e-31 3.7950096905845e-31 5.8172634036601e-31 8.2462847116964e-31 1.1029495162974e-30 1.4093233109297e-30 1.7361641549216e-30 2.0863960199411e-30
 1  10 1.8564883209090e-31 3.5703534420350e-31 6.0146853288920e-31 9.2197407358722e-31 1.3069480973233e-30 1.7480571484863e-30 2.2336262171839e-30 2.7516347922240e-30 3.3067160140609e-30
 1  11 2.9423354758568e-31 5.6586290304234e-31 9.5326338221741e-31 1.4612305083546e-30 2.0713732021376e-30 2.7704835150011e-30 3.5400582254674e-30 4.3610475542060e-30 5.2407924164179e-30
 1  12 4.6632867120284e-31 8.9683213021410e-31 1.5108203832362e-30 2.3158938946228e-30 3.2829048243324e-30 4.3909197808864e-30 5.6106127192996e-30 6.9117931830610e-30 8.3060964973736e-30
 1  13 7.3908097641284e-31 1.4213828485341e-30 2.3944883873143e-30 3.6704436827025e-30 5.2030528411464e-30 6.9591364531392e-30 8.8922194217105e-30 1.0954451791697e-29 1.3164274342316e-29
 1  14 1.1713635696339e-30 2.2527386268537e-30 3.7950054588049e-30 5.8172567268521e-30 8.2462790693235e-30 1.1029479552410e-29 1.4093209035172e-29 1.7361623493622e-29 2.0863960199411e-29
 1  15 1.8564830546943e-30 3.5712169131654e-30 6.0146589037790e-30 9.2197155332734e-30 1.3069456899109e-29 1.7480518070400e-29 2.2336202738845e-29 2.7516272690602e-29 3.3067115753942e-29
 1  16 2.9413665393733e-30 5.6599748303957e-30 9.5325542647165e-30 1.4597698860941e-29 2.0713638357987e-29 2.7704634657694e-29 3.5400385900098e-29 4.3610167844659e-29 5.2407713515592e-29
 1  17 4.6617021456435e-30 8.9703632768877e-30 1.5107927356090e-29 2.3135523851076e-29 3.2828676599030e-29 4.3908407124344e-29 5.6231563160737e-29 6.9116708564169e-29 8.3111857672516e-29
 1  18 7.3854861853124e-30 1.4216674686302e-29 2.3943842667266e-29 3.6666260532092e-29 5.1909637939318e-29 6.9588230381334e-29 8.9119218355049e-29 1.0953962485121e-28 1.3171987390817e-28
 1  19 1.1702552195204e-29 2.2530452333962e-29 3.7999732295868e-29 5.8166334327276e-29 8.2265748499698e-29 1.1040143035307e-28 1.4123726598847e-28 1.7370294391344e-28 2.0874783925699e-28
 1  20 1.8564753434514e-29 3.5702561299107e-29 6.0130758796426e-29 9.2065620336063e-29 1.3030897374210e-28 1.7470204414621e-28 2.2361072212031e-28 2.7526895397951e-28 3.3094265347627e-28
 1  21 2.9363070988399e-29 5.6486472025939e-29 9.5424008824837e-29 1.4602321393734e-28 2.0729987697655e-28 2.7634932845594e-28 3.5353718210133e-28 4.3700424144090e-28 5.2439374600171e-28
 1  22 4.6447348532968e-29 8.9552594722254e-29 1.5082921563175e-28 2.3119293979249e-28 3.2685905606693e-28 4.3806172142512e-28 5.5997814247093e-28 6.9311792026767e-28 8.3173797986940e-28
 1  23 7.3715215381196e-29 1.4156927223676e-28 2.3844957900758e-28 3.6547905516625e-28 5.1837044824889e-28 6.9594142986264e-28 8.8823860146190e-28 1.0978034683495e-27 1.3130017766210e-27
 1  24 9.2472653592747e-29 1.7742804150069e-28 2.9946855262023e-28 4.5898574656467e-28 6.4892832436218e-28 8.7211721967642e-28 1.1139522946367e-27 1.3693916572417e-27 1.6435289107118e-27
 1  25 1.1581834906290e-28 2.2295836149990e-28 3.7559030774491e-28 5.7561861954930e-28 8.1986519954124e-28 1.0917574927716e-27 1.3990332598298e-27 1.7206656790654e-27 2.0689088649356e-27
 1  26 1.4420369162238e-28 2.7900008213490e-28 4.7010048086672e-28 7.2039814015093e-28 1.0206486925510e-27 1.3731796725528e-27 1.7547923873080e-27 2.1648039983546e-27 2.5959694461313e-27
 1  27 1.7920837114128e-28 3.4796804270352e-28 5.8647181256491e-28 8.9876525305544e-28 1.2835530559169e-27 1.7120633203758e-27 2.1961569822912e-27 2.7130611719252e-27 3.2690576949774e-27
 1  28 2.2226690450162e-28 4.3072099129384e-28 7.2820889348514e-28 1.1161251288000e-27 1.5934287321035e-27 2.1244372770922e-27 2.7273521498915e-27 3.3981331346642e-27 4.0223682445409e-27
 1  29 2.7332532955376e-28 5.2821758360980e-28 8.9786516969593e-28 1.3767927171285e-27 1.9651538188206e-27 2.6165728520834e-27 3.3989085140598e-27 4.1617381649665e-27 5.0165190299520e-27
 1  30 3.2996712181119e-28 6.4686343857230e-28 1.0958137901240e-27 1.6821622950242e-27 2.4014925070210e-27 3.2335655024042e-27 4.1886395544297e-27 5.0726417840894e-27 6.1295097077675e-27
 1  31 3.9725138627417e-28 7.7645536452198e-28 1.3080441440547e-27 2.0262460499935e-27 2.8847037078359e-27 3.9144880490780e-27 5.0728474734075e-27 6.1869132053179e-27 7.3956626607123e-27
1.18161408 1.18168390 1.18175372  8463.0  8462.0  1
1.0000000000000 
 1   1 3.6902848841761e-33 6.2948596760457e-33 9.5884596651994e-33 1.3422366081817e-32 1.7626362935796e-32 2.2089325603364e-32 2.6614799591141e-32 3.1124040001934e-32 3.5618004863637e-32
 1   2 5.8428644657393e-33 9.9667139108268e-33 1.5181503663398e-32 2.1251765307252e-32 2.7907996191311e-32 3.4974248321145e-32 4.2139471197847e-32 4.9279003645511e-32 5.6394288583453e-32
 1   3 9.2603160090635e-33 1.5796177006283e-32 2.4061060154499e-32 3.3681777588737e-32 4.4231189926738e-32 5.5430447867968e-32 6.6786552020429e-32 7.8101948803521e-32 8.9378877533982e-32
 1   4 1.4676612676673e-32 2.5035252567111e-32 3.8134212235026e-32 5.3382019657282e-32 7.0101716453449e-32 8.7851340257503e-32 1.0584955172940e-31 1.2378325794879e-31 1.4165593250149e-31
 1   5 2.3260862946328e-32 3.9678203493680e-32 6.0438653304590e-32 8.4604801184685e-32 1.1110372935893e-31 1.3923499013103e-31 1.6776022958975e-31 1.9618324805972e-31 2.2450947632485e-31
 1   6 3.6865983134867e-32 6.2885715159528e-32 9.5788812964185e-32 1.3408956923884e-31 1.7608754912041e-31 2.2067259223410e-31 2.6588203443707e-31 3.1092947000860e-31 3.5582348005747e-31
 1   7 5.8428646126761e-32 9.9667144985740e-32 1.5181503663398e-31 2.1251764719505e-31 2.7907994428070e-31 3.4974248321145e-31 4.2139464732628e-31 4.9279003645511e-31 5.6394214527309e-31
 1   8 9.2603158621267e-32 1.5796176712409e-31 2.4061059860625e-31 3.3681775825495e-31 4.4231191102232e-31 5.5430445516980e-31 6.6786543791969e-31 7.8101951154509e-31 8.9378797600366e-31
 1   9 1.4676612382799e-31 2.5035253154858e-31 3.8134212235026e-31 5.3382019657282e-31 7.0101715277954e-31 8.7851341432998e-31 1.0584954232544e-30 1.2378325089583e-30 1.4165585256787e-30
 1  10 2.3260863240201e-31 3.9678205256921e-31 6.0438653304590e-31 8.4604795307213e-31 1.1110372935893e-30 1.3923499248202e-30 1.6776023429173e-30 1.9618323630478e-30 2.2450939639123e-30
 1  11 3.6865983134867e-31 6.2885712808539e-31 9.5788815315174e-31 1.3408957158982e-30 1.7608754912041e-30 2.2067260163806e-30 2.6588203913905e-30 3.1092948411453e-30 3.5582341893176e-30
 1  12 5.8428637898300e-31 9.9667128528819e-31 1.5181502017706e-30 2.1251762368516e-30 2.7907992547279e-30 3.4974248321145e-30 4.2139460030650e-30 4.9278998943533e-30 5.6394204182959e-30
 1  13 9.2603140988852e-31 1.5796174596519e-30 2.4061058450032e-30 3.3681772534111e-30 4.4231185459860e-30 5.5430441755398e-30 6.6786540970782e-30 7.8101951154509e-30 8.9378790077202e-30
 1  14 1.4676600862954e-30 2.5035236697937e-30 3.8134191546325e-30 5.3381989564627e-30 7.0101683304508e-30 8.7851309459551e-30 1.0584951599437e-29 1.2378321139922e-29 1.4165580366731e-29
 1  15 2.3260819511812e-30 3.9654890031769e-30 6.0453492745275e-30 8.4604695625292e-30 1.1110361086910e-29 1.3923486458823e-29 1.6776011392111e-29 1.9618309336467e-29 2.2450924968954e-29
 1  16 3.6898071779656e-30 6.2848619849200e-30 9.5812163454168e-30 1.3405874730676e-29 1.7608708268425e-29 2.2067213520190e-29 2.6588164041136e-29 3.1092893116199e-29 3.5582286974080e-29
 1  17 5.8479305466402e-30 9.9607750077380e-30 1.5185137586634e-29 2.1246818521395e-29 2.7907808229765e-29 3.4974063251315e-29 4.2097551494134e-29 4.9278784533364e-29 5.6267668328664e-29
 1  18 9.2576616193925e-30 1.5776203981934e-29 2.4066552992747e-29 3.3673705445520e-29 4.4271541215358e-29 5.5429714265454e-29 6.6719569766232e-29 7.8101093513831e-29 8.9177748569765e-29
 1  19 1.4677676111147e-29 2.5002652746849e-29 3.8153893960120e-29 5.3298823245266e-29 7.0164510750413e-29 8.7776893332060e-29 1.0574117340720e-28 1.2366256542989e-28 1.4133522360027e-28
 1  20 2.3247894340167e-29 3.9673040416862e-29 6.0437673788658e-29 8.4693563750531e-29 1.1116314768314e-28 1.3898094276213e-28 1.6749319206788e-28 1.9598371447644e-28 2.2456063891713e-28
 1  21 3.6890685537393e-29 6.2934509553872e-29 9.5933098312980e-29 1.3399155642582e-28 1.7608399517781e-28 2.2014452970290e-28 2.6540547228821e-28 3.1058653692907e-28 3.5586365732590e-28
 1  22 5.8432858957455e-29 9.9660928313336e-29 1.5193552997712e-28 2.1270829752050e-28 2.7874932605614e-28 3.4917468596193e-28 4.1998783186202e-28 4.9133366591060e-28 5.6374795774408e-28
 1  23 9.2166430731590e-29 1.5763643909431e-28 2.4000392484332e-28 3.3659150229965e-28 4.4194637027120e-28 5.5366479966849e-28 6.6627960501014e-28 7.7820526446945e-28 8.9229162473337e-28
 1  24 1.1618458871595e-28 1.9793830466581e-28 3.0191106512395e-28 4.2382491023847e-28 5.5530819569003e-28 6.9640769750217e-28 8.3641433036737e-28 9.8369385248155e-28 1.1214034287021e-27
 1  25 1.4572681331890e-28 2.4856278159030e-28 3.7925763947088e-28 5.3358091331893e-28 6.9722313624063e-28 8.7550184896069e-28 1.0559035142584e-27 1.2339985895583e-27 1.4084725313767e-27
 1  26 1.8347117633194e-28 3.1196571943637e-28 4.7820209777078e-28 6.6986053470399e-28 8.7581346442569e-28 1.0982876471376e-27 1.3255170471786e-27 1.5500468712167e-27 1.7692776916057e-27
 1  27 2.2864276780488e-28 3.9202580870432e-28 5.9481575960422e-28 8.3718431715913e-28 1.1022200108980e-27 1.3797234047249e-27 1.6612266661568e-27 1.9451068140295e-27 2.2320630572094e-27
 1  28 2.8734701436563e-28 4.9197408576536e-28 7.4781798995516e-28 1.0521274397130e-27 1.3864599224844e-27 1.7275360489560e-27 2.0812950981869e-27 2.4327696093178e-27 2.7832264590661e-27
 1  29 3.5579266273333e-28 6.1144486467129e-28 9.3079654951851e-28 1.3122479676408e-27 1.7383902049366e-27 2.1564396846061e-27 2.5903482344026e-27 3.0556698571501e-27 3.5073167995134e-27
 1  30 4.4268857552351e-28 7.5317977892033e-28 1.1479445729692e-27 1.6282464640101e-27 2.1598268175993e-27 2.6793183015205e-27 3.2557995932402e-27 3.8108252550074e-27 4.3786140545160e-27
 1  31 5.4088962486488e-28 9.2147215969276e-28 1.4145470107178e-27 2.0028369492985e-27 2.6619042355564e-27 3.3103534848449e-27 4.0704729671338e-27 4.7353355691874e-27 5.4370419814491e-27
1.18175372 1.18182355 1.18189339  8462.0  8461.0  1
1.0000000000000 
 1   1 5.8869616669424e-33 9.4630042959239e-33 1.3691019438226e-32 1.8246755058697e-32 2.2847301993190e-32 2.7380745832665e-32 3.1722778049525e-32 3.5925311413037e-32 3.9761546043153e-32
 1   2 9.3208848248576e-33 1.4982868627996e-32 2.1677126754305e-32 2.8890268658217e-32 3.6174360462410e-32 4.3352208148439e-32 5.0226981064732e-32 5.6880902102392e-32 6.2954851859771e-32
 1   3 1.4772606484097e-32 2.3746246604301e-32 3.4355929476405e-32 4.5787988196344e-32 5.7332497644619e-32 6.8708620465874e-32 7.9604383398137e-32 9.0150154642387e-32 9.9776712814180e-32
 1   4 2.3413004241419e-32 3.7635264841612e-32 5.4450479369990e-32 7.2569073218353e-32 9.0865889642715e-32 1.0889582182967e-31 1.2616444510031e-31 1.4287836434174e-31 1.5813544641443e-31
 1   5 3.7107112291051e-32 5.9647874744905e-32 8.6298194836592e-32 1.1501423466087e-31 1.4401272814523e-31 1.7258825525228e-31 1.9995716091809e-31 2.2644694962376e-31 2.5062778530577e-31
 1   6 5.8810805217685e-32 9.4535512642282e-32 1.3677342267580e-31 1.8228527255546e-31 2.2824477419380e-31 2.7353393842363e-31 3.1691071440400e-31 3.5889422395012e-31 3.9721825501292e-31
 1   7 9.3208849717944e-32 1.4982868627996e-31 2.1677126754305e-31 2.8890268070470e-31 3.6174359874663e-31 4.3352208148439e-31 5.0226964607811e-31 5.6880902102392e-31 6.2954850684277e-31
 1   8 1.4772606777970e-31 2.3746246016554e-31 3.4355928888658e-31 4.5787987608597e-31 5.7332494118136e-31 6.8708618114885e-31 7.9604364590228e-31 9.0150156993375e-31 9.9776712814180e-31
 1   9 2.3413002772051e-31 3.7635264253865e-31 5.4450478194496e-31 7.2569073218353e-31 9.0865882589749e-31 1.0889582182967e-30 1.2616442629240e-30 1.4287836669273e-30 1.5813543701047e-30
 1  10 3.7107109940063e-31 5.9647874744905e-31 8.6298193661098e-31 1.1501423230988e-30 1.4401272814523e-30 1.7258826230524e-30 1.9995713740821e-30 2.2644694962376e-30 2.5062779000775e-30
 1  11 5.8810809919662e-31 9.4535512642282e-31 1.3677342267580e-30 1.8228528195941e-30 2.2824479770368e-30 2.7353396193352e-30 3.1691071910598e-30 3.5889426156594e-30 3.9721827382083e-30
 1  12 9.3208840313989e-31 1.4982866982304e-30 2.1677125813909e-30 2.8890267600272e-30 3.6174358464069e-30 4.3352205327253e-30 5.0226958965438e-30 5.6880900221601e-30 6.2954850684277e-30
 1  13 1.4772603016388e-30 2.3746242254972e-30 3.4355927007867e-30 4.5787983847015e-30 5.7332493177740e-30 6.8708611532117e-30 7.9604364590228e-30 9.0150147589421e-30 9.9776712814180e-30
 1  14 2.3412986785328e-30 3.7635240273780e-30 5.4450459386586e-30 7.2569040304511e-30 9.0865856258676e-30 1.0889578045227e-29 1.2616438303421e-29 1.4287831779217e-29 1.5813539939465e-29
 1  15 3.7107046463368e-30 5.9634551221735e-30 8.6359947551522e-30 1.1501410629688e-29 1.4401261529777e-29 1.7258810431880e-29 1.9995701327600e-29 2.2644679539890e-29 2.5062761321340e-29
 1  16 5.8837114662047e-30 9.4514169426453e-30 1.3687113164703e-29 1.8210815658984e-29 2.2824439521442e-29 2.7353336008041e-29 3.1691023762350e-29 3.5889361457385e-29 3.9721766444455e-29
 1  17 9.3249946881240e-30 1.4979394101794e-29 2.1692541905103e-29 2.8862112535740e-29 3.6174200477629e-29 4.3351978880021e-29 5.0247828221944e-29 5.6880655718776e-29 6.2985143455816e-29
 1  18 1.4787216386000e-29 2.3757116235994e-29 3.4380088400873e-29 4.5743035952305e-29 5.7262525497030e-29 6.8707701229292e-29 7.9636866162672e-29 9.0149181615183e-29 9.9824132820530e-29
 1  19 2.3424280935051e-29 3.7651680643731e-29 5.4480399321741e-29 7.2657783545230e-29 9.0752918523031e-29 1.0905418217166e-28 1.2621364019717e-28 1.4301340673144e-28 1.5820822362067e-28
 1  20 3.7119835089588e-29 5.9600887320477e-29 8.6209415061509e-29 1.1486933504574e-28 1.4415291929422e-28 1.7254111463743e-28 2.0031806796453e-28 2.2665159698363e-28 2.5087396974594e-28
 1  21 5.8739310522793e-29 9.4662929459064e-29 1.3657053310317e-28 1.8233840452396e-28 2.2786266988091e-28 2.7333758328303e-28 3.1784252614279e-28 3.5905578991223e-28 3.9757089805195e-28
 1  22 9.2990524117731e-29 1.4994593601100e-28 2.1641385895588e-28 2.8861136329999e-28 3.6144757823604e-28 4.3423061343149e-28 5.0302112362986e-28 5.6861468641705e-28 6.3036953378733e-28
 1  23 1.4756703938076e-28 2.3692125730021e-28 3.4313444002559e-28 4.5657592672176e-28 5.7328376652947e-28 6.8538251894253e-28 7.9542577447420e-28 8.9940504698296e-28 1.0000118717144e-27
 1  24 1.8547712866551e-28 2.9774896199526e-28 4.3078223586607e-28 5.7639833228729e-28 7.1970812760010e-28 8.6503432341644e-28 1.0029491074725e-27 1.1304177438068e-27 1.2581713214763e-27
 1  25 2.3396283631264e-28 3.7328034736961e-28 5.4201663092009e-28 7.2383443250595e-28 9.0906165972412e-28 1.0893870581961e-27 1.2648140464475e-27 1.4236940223957e-27 1.5828062654952e-27
 1  26 2.9102250721974e-28 4.6988410263747e-28 6.8240324976331e-28 9.1256540777545e-28 1.1430368219884e-27 1.3650221073839e-27 1.5886887296208e-27 1.7927266590506e-27 1.9900501226187e-27
 1  27 3.6646315721958e-28 5.9249376216677e-28 8.5596386745386e-28 1.1391582879699e-27 1.4315486387844e-27 1.7151390304970e-27 1.9912559473569e-27 2.2566793307936e-27 2.5002016166817e-27
 1  28 4.5649527840533e-28 7.3910647918596e-28 1.0645757842050e-27 1.4400356342703e-27 1.7953131829659e-27 2.1569390782407e-27 2.4905669595419e-27 2.8392199833043e-27 3.1374396425779e-27
 1  29 5.6502831597111e-28 9.1700602444822e-28 1.3227371598969e-27 1.7845362567761e-27 2.2581478523762e-27 2.6993154247261e-27 3.1270973987766e-27 3.5648123565152e-27 3.9298400218507e-27
 1  30 6.9874351348697e-28 1.1373060248459e-27 1.6460927086538e-27 2.2234094687833e-27 2.8142275756019e-27 3.3426551818722e-27 3.9265189482546e-27 4.4505899083977e-27 4.9083915450843e-27
 1  31 8.6129166375552e-28 1.3876942509857e-27 2.0336516358157e-27 2.7251606342078e-27 3.4367861634621e-27 4.1890047107471e-27 4.9135087409465e-27 5.5257252775983e-27 6.0982141165432e-27
1.18189339 1.18196324 1.18203310  8461.0  8460.0  1
1.0000000000000 
 1   1 7.9895485757911e-33 1.2276504474211e-32 1.7081666771615e-32 2.2106868387182e-32 2.7107772534517e-32 3.1905779010061e-32 3.6383148830267e-32 4.0471594589560e-32 4.4139909851661e-32
 1   2 1.2649932580844e-32 1.9437511734297e-32 2.7045574189680e-32 3.5002025252655e-32 4.2920005324264e-32 5.0516740422209e-32 5.7605800081185e-32 6.4079082901954e-32 6.9887159347065e-32
 1   3 2.0048790837243e-32 3.0806380286039e-32 4.2864342728017e-32 5.5474464253935e-32 6.8023624642819e-32 8.0063631408588e-32 9.1299041678578e-32 1.0155849188633e-31 1.1076367059818e-31
 1   4 3.1775193342628e-32 4.8824822015712e-32 6.7935409669262e-32 8.7921111724697e-32 1.0781018226702e-31 1.2689231120234e-31 1.4469922860105e-31 1.6095937175824e-31 1.7554860847044e-31
 1   5 5.0360288001587e-32 7.7382128960323e-32 1.0767036896894e-31 1.3934556888461e-31 1.7086762539626e-31 2.0111076756410e-31 2.2933283527480e-31 2.5510340951686e-31 2.7822578306562e-31
 1   6 7.9815678507698e-32 1.2264240541649e-31 1.7064603295619e-31 2.2084783493192e-31 2.7080693258905e-31 3.1873907831727e-31 3.6346802544939e-31 4.0431165812352e-31 4.4095816470814e-31
 1   7 1.2649931993097e-31 1.9437511440423e-31 2.7045574189680e-31 3.5002022901667e-31 4.2920007087506e-31 5.0516738071221e-31 5.7605801256679e-31 6.4079079375471e-31 6.9887159347065e-31
 1   8 2.0048789661749e-31 3.0806380286039e-31 4.2864345079006e-31 5.5474465429429e-31 6.8023624642819e-31 8.0063634935071e-31 9.1299038152095e-31 1.0155848953534e-30 1.1076367294917e-30
 1   9 3.1775192167134e-31 4.8824820840218e-31 6.7935406142779e-31 8.7921109373708e-31 1.0781018226702e-30 1.2689231120234e-30 1.4469922625006e-30 1.6095936940725e-30 1.7554860847044e-30
 1  10 5.0360289177081e-31 7.7382130135817e-31 1.0767036426696e-30 1.3934556418263e-30 1.7086762069428e-30 2.0111075816015e-30 2.2933283527480e-30 2.5510341421884e-30 2.7822578306562e-30
 1  11 7.9815680858686e-31 1.2264241011847e-30 1.7064602590322e-30 2.2084785373983e-30 2.7080692788707e-30 3.1873907361530e-30 3.6346804425730e-30 4.0431167693143e-30 4.4095817411210e-30
 1  12 1.2649931052702e-30 1.9437510029830e-30 2.7045570898295e-30 3.5002020080480e-30 4.2920003325924e-30 5.0516736190430e-30 5.7605798435493e-30 6.4079074673494e-30 6.9887152764296e-30
 1  13 2.0048787780958e-30 3.0806376054260e-30 4.2864339436633e-30 5.5474463548638e-30 6.8023619940842e-30 8.0063631173489e-30 9.1299032509722e-30 1.0155849141613e-29 1.1076367671075e-29
 1  14 3.1775173359224e-30 4.8824795449540e-30 6.7935373228937e-30 8.7921071757889e-30 1.0781013524725e-29 1.2689227170573e-29 1.4469917923029e-29 1.6095932426826e-29 1.7554855956988e-29
 1  15 5.0360216766629e-30 7.7382037036665e-30 1.0767024201555e-29 1.3934542500410e-29 1.7086746646942e-29 2.0111060017371e-29 2.2933266600362e-29 2.5510323366291e-29 2.7822561755601e-29
 1  16 7.9815404382415e-30 1.2264204524502e-29 1.7064557827497e-29 2.2084733464153e-29 2.7080636364978e-29 3.1873848680852e-29 3.6346739726521e-29 4.0431101489301e-29 4.4095751959684e-29
 1  17 1.2649822342984e-29 1.9437365208926e-29 2.7045391846996e-29 3.5001814698107e-29 4.2919776126376e-29 5.0516492439921e-29 5.7605551675719e-29 6.4078818885923e-29 6.9886893967460e-29
 1  18 2.0048358960619e-29 3.0805794137536e-29 4.2863623231435e-29 5.5473643523779e-29 6.8022708133384e-29 8.0062665199252e-29 9.1298040956727e-29 1.0155747578901e-28 1.1076263851414e-28
 1  19 3.1773468610297e-29 4.8822492609087e-29 6.7932544519331e-29 8.7917799181616e-29 1.0780654067956e-28 1.2688844993849e-28 1.4469522505537e-28 1.6095526175979e-28 1.7554448201508e-28
 1  20 5.0353423349677e-29 7.7372845235079e-29 1.0765894222345e-28 1.3933238886579e-28 1.7085310926354e-28 2.0109531310477e-28 2.2931679513717e-28 2.5508706186991e-28 2.7820941567036e-28
 1  21 7.9788370645453e-29 1.2260549470579e-28 1.7060055966252e-28 2.2079539772761e-28 2.7074915751190e-28 3.1867763344080e-28 3.6340427491129e-28 4.0424672494405e-28 4.4089303103636e-28
 1  22 1.2639066927024e-28 1.9422820525801e-28 2.7027482504072e-28 3.4981154284629e-28 4.2897022467789e-28 5.0492273870870e-28 5.7580413475120e-28 6.4053228091787e-28 6.9861221321301e-28
 1  23 2.0005616556622e-28 3.0747986748402e-28 4.2792430027334e-28 5.5391492982001e-28 6.7932205074178e-28 7.9966320553784e-28 9.1198040655484e-28 1.0145564946544e-27 1.1066049681954e-27
 1  24 2.5153928224523e-28 3.8666584937259e-28 5.3819698220963e-28 6.9672836483791e-28 8.5454493856733e-28 1.0060019953239e-27 1.1473737273337e-27 1.2764958708217e-27 1.3923754163085e-27
 1  25 3.1604024090084e-28 4.8593181760258e-28 6.7650008189077e-28 8.7591669427071e-28 1.0744722715208e-27 1.2650584469574e-27 1.4429803811553e-27 1.6055081647147e-27 1.7513863802013e-27
 1  26 3.9662439978078e-28 6.1006209511947e-28 8.4957863931624e-28 1.1003053476438e-27 1.3500249872035e-27 1.5897849689452e-27 1.8136661397779e-27 2.0182214702872e-27 2.2018596608565e-27
 1  27 4.9685853299381e-28 7.6468075847273e-28 1.0654289711704e-27 1.3804294506425e-27 1.6943143351943e-27 1.9958059568505e-27 2.2774358481762e-27 2.5348433185914e-27 2.7660051786894e-27
 1  28 6.2067469133677e-28 9.5610009120335e-28 1.3331599075699e-27 1.7284358434260e-27 2.1226072584590e-27 2.5014638711672e-27 2.8555707433461e-27 3.1793975671604e-27 3.4703566631367e-27
 1  29 7.7198191074366e-28 1.1908219365071e-27 1.6624228612452e-27 2.1574868127168e-27 2.6517474588087e-27 3.1272938436309e-27 3.5721852015283e-27 3.9793807178102e-27 4.3455439114410e-27
 1  30 9.5383847166965e-28 1.4744025059770e-27 2.0620240505704e-27 2.6801938292733e-27 3.2984886008295e-27 3.8943270292342e-27 4.4525616754747e-27 4.9641803429693e-27 5.4248269633698e-27
 1  31 1.1659795587474e-27 1.8077498755818e-27 2.5349523262262e-27 3.3024336757276e-27 4.0722143929896e-27 4.8158656335100e-27 5.5141346460070e-27 6.1554115395896e-27 6.7339300800044e-27
1.18203310 1.18210296 1.18217283  8460.0  8459.0  1
1.0000000000000 
 1   1 1.3268549707276e-32 1.9308351353764e-32 2.5603662860451e-32 3.1888096636289e-32 3.7889912182830e-32 4.3300424683549e-32 4.8311868607108e-32 5.2701408428156e-32 5.6726747773225e-32
 1   2 2.1008226387649e-32 3.0571105091722e-32 4.0538536054103e-32 5.0488740146773e-32 5.9991471743651e-32 6.8557992619760e-32 7.6492409041129e-32 8.3442666327160e-32 8.9816026250637e-32
 1   3 3.3295792263701e-32 4.8451934636480e-32 6.4249247464179e-32 8.0019256496845e-32 9.5080072155244e-32 1.0865709068196e-31 1.2123202378448e-31 1.3224771065042e-31 1.4234880413670e-31
 1   4 5.2770274764699e-32 7.6791149175447e-32 1.0182819731018e-31 1.2682198137533e-31 1.5069176949717e-31 1.7220989888558e-31 1.9213957100278e-31 2.0959849505388e-31 2.2560764665727e-31
 1   5 8.3635253444127e-32 1.2170577151775e-31 1.6138681676903e-31 2.0099930718976e-31 2.3883035943171e-31 2.7293429524539e-31 3.0452043970905e-31 3.3219124758899e-31 3.5756403454273e-31
 1   6 1.3255293951355e-31 1.9289064136330e-31 2.5578087042113e-31 3.1856240151634e-31 3.7852060676987e-31 4.3257171781164e-31 4.8263207255214e-31 5.2648760387171e-31 5.6670079541560e-31
 1   7 2.1008225799901e-31 3.0571105091722e-31 4.0538535466356e-31 5.0488737795784e-31 5.9991471743651e-31 6.8557994970748e-31 7.6492008197555e-31 8.3442663976171e-31 8.9816025075143e-31
 1   8 3.3295792851448e-31 4.8451935224227e-31 6.4249243937696e-31 8.0019257672339e-31 9.5080076857221e-31 1.0865709303295e-30 1.2123162881838e-30 1.3224770359745e-30 1.4234880178571e-30
 1   9 5.2770278291182e-31 7.6791143297975e-31 1.0182819495919e-30 1.2682197902434e-30 1.5069176479519e-30 1.7220988477965e-30 1.9213915957976e-30 2.0959848564992e-30 2.2560764665727e-30
 1  10 8.3635256970610e-31 1.2170576681578e-30 1.6138681676903e-30 2.0099928367987e-30 2.3883035943171e-30 2.7293429054341e-30 3.0452003063701e-30 3.3219124288701e-30 3.5756405335064e-30
 1  11 1.3255294656652e-30 1.9289064841626e-30 2.5578087512311e-30 3.1856242972821e-30 3.7852061617382e-30 4.3257172721559e-30 4.8263172460581e-30 5.2648763208358e-30 5.6670082362747e-30
 1  12 2.1008224389308e-30 3.0571102270536e-30 4.0538530764379e-30 5.0488734974597e-30 5.9991468922464e-30 6.8557990268771e-30 7.6491963998968e-30 8.3442660214589e-30 8.9816021313561e-30
 1  13 3.3295785328284e-30 4.8451928641459e-30 6.4249233593346e-30 8.0019244506802e-30 9.5080069334057e-30 1.0865708550978e-29 1.2123157991782e-29 1.3224769607429e-29 1.4234879238175e-29
 1  14 5.2770239734967e-30 7.6791100039783e-30 1.0182814417783e-29 1.2682191507745e-29 1.5069171025225e-29 1.7220982459434e-29 1.9213904673230e-29 2.0959842922619e-29 2.2560758647196e-29
 1  15 8.3635117792079e-30 1.2166861555192e-29 1.6142884492385e-29 2.0099906174654e-29 2.3883011869046e-29 2.7293403475584e-29 3.0451970714097e-29 3.3219098709944e-29 3.5756379003990e-29
 1  16 1.3255375342584e-29 1.9283134331567e-29 2.5584703382596e-29 3.1832609705917e-29 3.7851971339416e-29 4.3257075672746e-29 4.8263055099225e-29 5.2648665407228e-29 5.6669983056984e-29
 1  17 2.1008227398574e-29 3.0561538072339e-29 4.0548832984948e-29 5.0451064988591e-29 5.9991110819865e-29 6.8557617119844e-29 7.6388111235982e-29 8.3442281047131e-29 8.9763748866531e-29
 1  18 3.3295756740262e-29 4.8422783904722e-29 6.4264833625895e-29 7.9958689056379e-29 9.5041037655395e-29 1.0865561096967e-28 1.2106591834531e-28 1.3224619445079e-28 1.4226464128024e-28
 1  19 5.2767465192141e-29 7.6742253641569e-29 1.0188599128927e-28 1.2661642437091e-28 1.5062617446736e-28 1.7235328831960e-28 1.9187227534235e-28 2.0991398983832e-28 2.2546902784953e-28
 1  20 8.3621284198400e-29 1.2152042577513e-28 1.6153237870469e-28 2.0065864460107e-28 2.3849616243811e-28 2.7341669085550e-28 3.0368833735076e-28 3.3267664042757e-28 3.5636856393495e-28
 1  21 1.3250571351079e-28 1.9246015342081e-28 2.5618662342341e-28 3.1810125075670e-28 3.7754794331100e-28 4.3300321827794e-28 4.8184581278082e-28 5.2680038806022e-28 5.6472450052238e-28
 1  22 2.0987669901977e-28 3.0430894420121e-28 4.0548504975005e-28 5.0462657883150e-28 5.9738490200178e-28 6.8498346625806e-28 7.6454642485911e-28 8.3276767831417e-28 8.9614242536067e-28
 1  23 3.3213511707546e-28 4.8138700811982e-28 6.4071880723298e-28 7.9972420936883e-28 9.4757342156056e-28 1.0821549986619e-27 1.2089671817746e-27 1.3209552895124e-27 1.4180477735777e-27
 1  24 4.1752726376507e-28 6.0526734807817e-28 8.0346985422117e-28 1.0045094959135e-27 1.1932717193963e-27 1.3628779695768e-27 1.5167225053889e-27 1.6640963017739e-27 1.7803814481071e-27
 1  25 5.2443303497258e-28 7.6047043487306e-28 1.0079094363408e-27 1.2581284695350e-27 1.5002201746604e-27 1.7161264547795e-27 1.9067078153913e-27 2.0854110030711e-27 2.2459549824913e-27
 1  26 6.5783892813938e-28 9.5436925796233e-28 1.2653825809671e-27 1.5756856210083e-27 1.8755884467569e-27 2.1602414703163e-27 2.4006108162924e-27 2.6105154172223e-27 2.8218126580949e-27
 1  27 8.2346630335125e-28 1.1955369019004e-27 1.5860960427297e-27 1.9718566328061e-27 2.3439703721860e-27 2.6932083008725e-27 3.0211429406651e-27 3.2861614936275e-27 3.5208811241117e-27
 1  28 1.0274581067588e-27 1.4934111456386e-27 1.9831321822585e-27 2.4673502592483e-27 2.9255956301941e-27 3.3541279465509e-27 3.7742857417305e-27 4.1344797080916e-27 4.4220857600347e-27
 1  29 1.2742701698814e-27 1.8573254308732e-27 2.4699431387324e-27 3.0766802120994e-27 3.6516968340963e-27 4.1877451525635e-27 4.6884095157204e-27 5.1445213414738e-27 5.5625313395795e-27
 1  30 1.5671388253976e-27 2.2944587577687e-27 3.0579447656004e-27 3.8160433695987e-27 4.5361073609043e-27 5.1977740748081e-27 5.7902999037085e-27 6.3439130884544e-27 6.8577427235252e-27
 1  31 1.9023053321314e-27 2.8036266794090e-27 3.7486308141273e-27 4.6906301129463e-27 5.5884250824958e-27 6.4159359350267e-27 7.1590952930394e-27 7.8125194119673e-27 8.4794227293899e-27
1.18217283 1.18224272 1.18231260  8459.0  8458.0  1
1.0000000000000 
 1   1 2.1407750468870e-32 2.9252755851180e-32 3.6984208479201e-32 4.4187884714854e-32 5.0596450694138e-32 5.6585694328598e-32 6.1885586933433e-32 6.6761449338567e-32 7.0623106972756e-32
 1   2 3.3895103364788e-32 4.6316123114489e-32 5.8557462675195e-32 6.9945763617925e-32 8.0062144408234e-32 8.9232986930101e-32 9.7944722500839e-32 1.0490318473744e-31 1.1160707603995e-31
 1   3 5.3720115342466e-32 7.3406048706025e-32 9.2807324357590e-32 1.1083916084539e-31 1.2688993670375e-31 1.4142474802751e-31 1.5420227758140e-31 1.6626033406293e-31 1.7564278907783e-31
 1   4 8.5140644407035e-32 1.1634069775117e-31 1.4708970215794e-31 1.7565084121414e-31 2.0110700598218e-31 2.2414314526536e-31 2.4439416227325e-31 2.6159531216815e-31 2.7820537648369e-31
 1   5 1.3493882864247e-31 1.8438752665247e-31 2.3312147707739e-31 2.7837041589054e-31 3.1873313031586e-31 3.5524292690748e-31 3.8733864817222e-31 4.1447940213949e-31 4.3920070661412e-31
 1   6 2.1386363524651e-31 2.9223447838279e-31 3.6947261516260e-31 4.4116998879016e-31 5.0515797675740e-31 5.6298397631785e-31 6.1154929032320e-31 6.5690555177059e-31 6.9351641736649e-31
 1   7 3.3895099838305e-31 4.6316038478896e-31 5.8557462675195e-31 6.9918987032108e-31 8.0062139706257e-31 8.9143350783874e-31 9.6672881106540e-31 1.0361115657865e-30 1.0991494721997e-30
 1   8 5.3720110640488e-31 7.3405964070432e-31 9.2807319655613e-31 1.1081238543507e-30 1.2688994140573e-30 1.4119909307896e-30 1.5312368393190e-30 1.6377002341984e-30 1.7327087657674e-30
 1   9 8.5140642056047e-31 1.1634061311557e-30 1.4708970215794e-30 1.7562406580381e-30 2.0110701538614e-30 2.2370189759990e-30 2.4268468315664e-30 2.5955801118699e-30 2.7400929423317e-30
 1  10 1.3493882394050e-30 1.8438744201688e-30 2.3312146297146e-30 2.7834365223516e-30 3.1873313031586e-30 3.5446003356390e-30 3.8462931236872e-30 4.1137175242620e-30 4.3427549813163e-30
 1  11 2.1386363054454e-30 2.9223440315115e-30 3.6947261986458e-30 4.4114320632687e-30 5.0515799556531e-30 5.6169769397545e-30 6.0959639924039e-30 6.5198024924855e-30 6.8828026711833e-30
 1  12 3.3895095606526e-30 4.6316023432568e-30 5.8557459854009e-30 6.9916305024197e-30 8.0062134063884e-30 8.9014714086074e-30 9.6614508878265e-30 1.0333190425988e-29 1.0908506325461e-29
 1  13 5.3720099355742e-30 7.3405939620150e-30 9.2807314013240e-30 1.1080969590399e-29 1.2688992447861e-29 1.4107044133484e-29 1.5312367828953e-29 1.6377002341984e-29 1.7279538252907e-29
 1  14 8.5140578109154e-30 1.1634052283761e-29 1.4708961940314e-29 1.7562129351794e-29 2.0110691382342e-29 2.2357312736594e-29 2.4268459664026e-29 2.5955793971693e-29 2.7361626534599e-29
 1  15 1.3493858131846e-29 1.8466017927576e-29 2.3275174836903e-29 2.7834060159222e-29 3.1873279929665e-29 3.5433090597966e-29 3.8462897382634e-29 4.1137141388382e-29 4.3340594828490e-29
 1  16 2.1374537769363e-29 2.9266599953779e-29 3.6888597107109e-29 4.4172741009211e-29 5.0515667901164e-29 5.6156728745336e-29 6.0959510525620e-29 6.5197904554233e-29 6.8665342807577e-29
 1  17 3.3876135729003e-29 4.6384156965933e-29 5.8464191430237e-29 7.0008769221753e-29 8.0061623993375e-29 8.9001176905051e-29 9.6485641595494e-29 1.0333140171254e-28 1.0887327716457e-28
 1  18 5.3600821097609e-29 7.3468594033286e-29 9.2658355369104e-29 1.1095520743445e-28 1.2668268839806e-28 1.4105497671924e-28 1.5291822369418e-28 1.6376804633238e-28 1.7252345626725e-28
 1  19 8.5058076085161e-29 1.1643571794364e-28 1.4705287627092e-28 1.7556428298232e-28 2.0077361058169e-28 2.2383790963138e-28 2.4235418530270e-28 2.5927201134256e-28 2.7339314636193e-28
 1  20 1.3492483800275e-28 1.8435699577279e-28 2.3342624815601e-28 2.7772689799691e-28 3.1858737954879e-28 3.5415730746930e-28 3.8392005105088e-28 4.1089936845445e-28 4.3354998978915e-28
 1  21 2.1330685247309e-28 2.9266445879383e-28 3.6843010947179e-28 4.4062585640483e-28 5.0569455513392e-28 5.6020362071917e-28 6.0920014517286e-28 6.5035177918407e-28 6.8692918513262e-28
 1  22 3.3720551284005e-28 4.6268805799326e-28 5.8590679286747e-28 6.9848235738651e-28 7.9883712603644e-28 8.8714631029394e-28 9.6644560908561e-28 1.0289548432151e-27 1.0883039151954e-27
 1  23 5.3356093179575e-28 7.3121291086414e-28 9.2245804323129e-28 1.1032165833477e-27 1.2662613828007e-27 1.4101051421906e-27 1.5271011492662e-27 1.6276898702562e-27 1.7204328341351e-27
 1  24 6.7053836574792e-28 9.2052643179356e-28 1.1661046478973e-27 1.3908160871291e-27 1.5956610775020e-27 1.7695192032207e-27 1.9162977909564e-27 2.0496642025593e-27 2.1617633401584e-27
 1  25 8.4218143128934e-28 1.1565641687318e-27 1.4597407864963e-27 1.7409174102096e-27 1.9996691797260e-27 2.2178556646026e-27 2.4069929629422e-27 2.5803476505734e-27 2.7144268488488e-27
 1  26 1.0496958568617e-27 1.4436923011592e-27 1.8228291366744e-27 2.1807013944875e-27 2.5040887210884e-27 2.7814066478617e-27 3.0292780687502e-27 3.2470377675512e-27 3.4048342153127e-27
 1  27 1.3201021025470e-27 1.8156877884406e-27 2.2906698757891e-27 2.7436636209625e-27 3.1518421318880e-27 3.5113158004500e-27 3.8100980238604e-27 4.0671272416345e-27 4.2640104376173e-27
 1  28 1.6471511997512e-27 2.2656272013152e-27 2.8774974557630e-27 3.4405228527402e-27 3.9422206699052e-27 4.3776456969400e-27 4.7722587277092e-27 5.0788036043535e-27 5.3265571583294e-27
 1  29 2.0422657426779e-27 2.8037015980839e-27 3.5519617815543e-27 4.2490582879011e-27 4.8736500800035e-27 5.4653531516316e-27 5.9300030100144e-27 6.3149555761826e-27 6.6266642561938e-27
 1  30 2.4710986966991e-27 3.4013028301667e-27 4.3183416917204e-27 5.1796811185386e-27 6.0484238200629e-27 6.7316713493656e-27 7.3122706644923e-27 7.7945158188471e-27 8.2364096593791e-27
 1  31 2.9580567942207e-27 4.1488567751264e-27 5.2863984375010e-27 6.3545931403681e-27 7.3415201477437e-27 8.2128008397488e-27 8.9680134377255e-27 9.6169039175642e-27 1.0175885054251e-26
1.18231260 1.18238251 1.18245241  8458.0  8457.0  1
1.0000000000000 
 1   1 1.0014618979043e-32 1.3127621158924e-32 1.6056238968355e-32 1.8694137923044e-32 2.0956942507858e-32 2.2861391762352e-32 2.4424364316036e-32 2.5681727440289e-32 2.6655357084981e-32
 1   2 1.5856246236978e-32 2.0785092580608e-32 2.5422004902211e-32 2.9598612737815e-32 3.3181334378761e-32 3.6196668406452e-32 3.8671339684955e-32 4.0662136346356e-32 4.2203691392968e-32
 1   3 2.5130455854584e-32 3.2942150665728e-32 4.0291159145444e-32 4.6910638198625e-32 5.2588872476480e-32 5.7367850637220e-32 6.1289940435984e-32 6.4445143597744e-32 6.6888338076267e-32
 1   4 3.9829087009815e-32 5.2209793180755e-32 6.3857184833349e-32 7.4348354365003e-32 8.3347745158331e-32 9.0921919580947e-32 9.7138015992700e-32 1.0213866887812e-31 1.0601087657411e-31
 1   5 6.3124851852787e-32 8.2746949995626e-32 1.0120681924139e-31 1.1783421034366e-31 1.3209728263834e-31 1.4410153674343e-31 1.5395337840756e-31 1.6187889045922e-31 1.6801592312094e-31
 1   6 1.0004614787433e-31 1.3114507343946e-31 1.6040199935685e-31 1.8675463138166e-31 2.0936005777976e-31 2.2838552788736e-31 2.4399964285922e-31 2.5656074039324e-31 2.6628729786946e-31
 1   7 1.5856245649231e-31 2.0785093462228e-31 2.5422004902211e-31 2.9598613913310e-31 3.3181334966508e-31 3.6196668406452e-31 3.8671340272702e-31 4.0662136346356e-31 4.2203689041979e-31
 1   8 2.5130454091342e-31 3.2942150077981e-31 4.0291159733191e-31 4.6910641137361e-31 5.2588871300986e-31 5.7367852988208e-31 6.1289941611478e-31 6.4445142422249e-31 6.6888341602750e-31
 1   9 3.9829087009815e-31 5.2209793180755e-31 6.3857188359832e-31 7.4348357891486e-31 8.3347740456353e-31 9.0921920756442e-31 9.7138010115228e-31 1.0213866652713e-30 1.0601087657411e-30
 1  10 6.3124850677293e-31 8.2746949995626e-31 1.0120681924139e-30 1.1783420564168e-30 1.3209727793637e-30 1.4410153909442e-30 1.5395337605657e-30 1.6187888810824e-30 1.6801592782292e-30
 1  11 1.0004614552334e-30 1.3114507108847e-30 1.6040201581377e-30 1.8675464313661e-30 2.0936007658767e-30 2.2838555609923e-30 2.4399967577306e-30 2.5656074509522e-30 2.6628729316748e-30
 1  12 1.5856245179033e-30 2.0785092992031e-30 2.5422002551222e-30 2.9598612972914e-30 3.3181335436706e-30 3.6196668406452e-30 3.8671337921713e-30 4.0662136346356e-30 4.2203689041979e-30
 1  13 2.5130455501936e-30 3.2942151488574e-30 4.0291161613982e-30 4.6910639256570e-30 5.2588871300986e-30 5.7367852047813e-30 6.1289940671083e-30 6.4445144303040e-30 6.6888344423936e-30
 1  14 3.9829081367443e-30 5.2209782836405e-30 6.3857178955878e-30 7.4348343785554e-30 8.3347732933190e-30 9.0921911352487e-30 9.7138000711274e-30 1.0213865524238e-29 1.0601086528936e-29
 1  15 6.3124829048197e-30 8.2771262980382e-30 1.0117514860239e-29 1.1783417178744e-29 1.3209724784371e-29 1.4410149395544e-29 1.5395334784471e-29 1.6187885049242e-29 1.6801588644552e-29
 1  16 1.0004615492730e-29 1.3118355959470e-29 1.6035172346347e-29 1.8675055053548e-29 2.0935995997863e-29 2.2838542444386e-29 2.4399955540244e-29 2.5656062096301e-29 2.6628716903528e-29
 1  17 1.5856224866490e-29 2.0791167570678e-29 2.5413999785682e-29 2.9597932126586e-29 3.3181287288458e-29 3.6196622515153e-29 3.8652014675377e-29 4.0662086693475e-29 4.2195054706834e-29
 1  18 2.5130368985551e-29 3.2950100463493e-29 4.0278339133525e-29 4.6909421256344e-29 5.2604934760428e-29 5.7367675253463e-29 6.1259209299091e-29 6.4444950205413e-29 6.6874546941444e-29
 1  19 3.9828535185747e-29 5.2221861275958e-29 6.3864180012152e-29 7.4321708776276e-29 8.3372658679642e-29 9.0923622119945e-29 9.7088878965262e-29 1.0215781222680e-28 1.0598855910856e-28
 1  20 6.3122757168874e-29 8.2789691722538e-29 1.0126544462413e-28 1.1774646975260e-28 1.3203175418854e-28 1.4420170550712e-28 1.5393612581803e-28 1.6190730911661e-28 1.6793592725090e-28
 1  21 1.0003744159893e-28 1.3113799028666e-28 1.6048559966873e-28 1.8656737353291e-28 2.0948910561846e-28 2.2828338927726e-28 2.4414250755257e-28 2.5666110033933e-28 2.6615340718211e-28
 1  22 1.5852797613969e-28 2.0808098601375e-28 2.5409123571804e-28 2.9593988785025e-28 3.3183394978040e-28 3.6218352421604e-28 3.8699638709930e-28 4.0684995630163e-28 4.2168125391387e-28
 1  23 2.5116709628347e-28 3.2968651381829e-28 4.0315050969383e-28 4.6922341237005e-28 5.2545175561666e-28 5.7347597433792e-28 6.1241900003716e-28 6.4470822666804e-28 6.6791678990762e-28
 1  24 3.1609915028301e-28 4.1493698428636e-28 5.0753463675103e-28 5.9025737231535e-28 6.6254070091261e-28 7.2306300126673e-28 7.7137760207536e-28 8.1152409324859e-28 8.4114672542672e-28
 1  25 3.9774358174559e-28 5.2171935153269e-28 6.3823522427320e-28 7.4206042238641e-28 8.3279521911237e-28 9.0846394736588e-28 9.7200923550896e-28 1.0213799681508e-27 1.0592962324485e-27
 1  26 5.0032665134117e-28 6.5686585203497e-28 8.0226017762310e-28 9.3454681660271e-28 1.0497333161991e-27 1.1443698543994e-27 1.2236474864792e-27 1.2852955410341e-27 1.3340331242067e-27
 1  27 6.2907371997249e-28 8.2600824198835e-28 1.0096173510155e-27 1.1770139817708e-27 1.3174401784744e-27 1.4375947106588e-27 1.5380134683311e-27 1.6171359667539e-27 1.6801566315801e-27
 1  28 7.9036674169628e-28 1.0380317510430e-27 1.2711810745471e-27 1.4825866489791e-27 1.6630512921861e-27 1.8152138170813e-27 1.9315652154045e-27 2.0338432658452e-27 2.1154310508932e-27
 1  29 9.9186018063175e-28 1.3043767882546e-27 1.6008713920771e-27 1.8626460049376e-27 2.0838240367969e-27 2.2801263723085e-27 2.4304334562953e-27 2.5564769044707e-27 2.6588106142867e-27
 1  30 1.2424539034967e-27 1.6332542670515e-27 2.0098588898757e-27 2.3343039372021e-27 2.6130112298372e-27 2.8571513540515e-27 3.0611947723816e-27 3.2104976764953e-27 3.3386084178730e-27
 1  31 1.5504580572598e-27 2.0398641080373e-27 2.5119465152615e-27 2.9150319044491e-27 3.2807195859766e-27 3.5776159387855e-27 3.8480265178132e-27 4.0221660218967e-27 4.1818783847669e-27
1.18245241 1.18252232 1.18259224  8457.0  8456.0  1
1.0000000000000 
 1   1 1.9293425514245e-32 2.4665718285515e-32 2.9517371384494e-32 3.3703065791430e-32 3.7187010642077e-32 3.9997270864059e-32 4.2194519598296e-32 4.3852580828753e-32 4.5047185778984e-32
 1   2 3.0547471777799e-32 3.9053478204728e-32 4.6735148646991e-32 5.3362400656567e-32 5.8878566589538e-32 6.3328077193629e-32 6.6806999744662e-32 6.9432231278353e-32 7.1323660463544e-32
 1   3 4.8414480447727e-32 6.1895590390358e-32 7.4070214769183e-32 8.4573697604162e-32 9.3316231126892e-32 1.0036823332646e-31 1.0588196010865e-31 1.1004265762822e-31 1.1304037981180e-31
 1   4 7.6731780833259e-32 9.8097901169695e-32 1.1739338820716e-31 1.3404028076071e-31 1.4789626760676e-31 1.5907293842404e-31 1.6781159869288e-31 1.7440587514718e-31 1.7915692943962e-31
 1   5 1.2161168494991e-31 1.5547469144145e-31 1.8605598806920e-31 2.1243954735038e-31 2.3439978016414e-31 2.5211361016521e-31 2.6596347268569e-31 2.7641467540942e-31 2.8394461010214e-31
 1   6 1.9274151814995e-31 2.4641079336174e-31 2.9487884696451e-31 3.3669397869981e-31 3.7149862669602e-31 3.9957314635581e-31 4.2152366958622e-31 4.3808774856276e-31 4.5002183741005e-31
 1   7 3.0547472953293e-31 3.9053477029233e-31 4.6735149234738e-31 5.3362398305578e-31 5.8878565414043e-31 6.3328074842640e-31 6.6807002095650e-31 6.9432228927364e-31 7.1323655761566e-31
 1   8 4.8414479272233e-31 6.1895589214864e-31 7.4070217120172e-31 8.4573696428668e-31 9.3316233477880e-31 1.0036823097547e-30 1.0588195775766e-30 1.1004266233019e-30 1.1304037981180e-30
 1   9 7.6731780833259e-31 9.8097899994200e-31 1.1739338585617e-30 1.3404028546268e-30 1.4789626055379e-30 1.5907293607305e-30 1.6781159869288e-30 1.7440587749817e-30 1.7915692473764e-30
 1  10 1.2161168024794e-30 1.5547469144145e-30 1.8605598571821e-30 2.1243953324445e-30 2.3439979897205e-30 2.5211361486719e-30 2.6596345857976e-30 2.7641467540942e-30 2.8394461010214e-30
 1  11 1.9274152050094e-30 2.4641079336174e-30 2.9487887047440e-30 3.3669396929586e-30 3.7149864550393e-30 3.9957317456767e-30 4.2152369779809e-30 4.3808774856276e-30 4.5002189383377e-30
 1  12 3.0547470132107e-30 3.9053477029233e-30 4.6735146413552e-30 5.3362395484392e-30 5.8878563533252e-30 6.3328074842640e-30 6.6806996453277e-30 6.9432227046573e-30 7.1323655761566e-30
 1  13 4.8414474570255e-30 6.1895585453282e-30 7.4070212418195e-30 8.4573692667086e-30 9.3316233477880e-30 1.0036822909468e-29 1.0588195587687e-29 1.1004266421098e-29 1.1304037416942e-29
 1  14 7.6731749800208e-30 9.8097866139963e-30 1.1739335200193e-29 1.3404024032370e-29 1.4789622293797e-29 1.5907289093407e-29 1.6781155731548e-29 1.7440583612077e-29 1.7915689464498e-29
 1  15 1.2161156740048e-29 1.5547457671320e-29 1.8605583149335e-29 2.1243940158908e-29 2.3439965227035e-29 2.5211348321182e-29 2.6596334197072e-29 2.7641455127722e-29 2.8394448596994e-29
 1  16 1.9274109544218e-29 2.4641033821033e-29 2.9487835137609e-29 3.3669351038286e-29 3.7149816402144e-29 3.9957268556202e-29 4.2152326145459e-29 4.3808734231191e-29 4.5002148758293e-29
 1  17 3.0547301237079e-29 3.9053294216352e-29 4.6734953068241e-29 5.3362204396030e-29 5.8878374701840e-29 6.3327892782075e-29 6.6806826429775e-29 6.9432061536969e-29 7.1323499279758e-29
 1  18 4.8413810274888e-29 6.1894850440174e-29 7.4069448064748e-29 8.4572934332170e-29 9.3315476647597e-29 1.0036750386168e-28 1.0588126073653e-28 1.1004200367720e-28 1.1303974974682e-28
 1  19 7.6729109169698e-29 9.8094960694086e-29 1.1739032919470e-28 1.3403720096551e-28 1.4789324376509e-28 1.5907001708548e-28 1.6780881587457e-28 1.7440323611534e-28 1.7915444510283e-28
 1  20 1.2160103798036e-28 1.5546296696676e-28 1.8604374929221e-28 2.1242725619337e-28 2.3438772053249e-28 2.5210194267848e-28 2.6595234009591e-28 2.7640414523698e-28 2.8393472391253e-28
 1  21 1.9269917336397e-28 2.4636421218816e-28 2.9483019109042e-28 3.3664504315211e-28 3.7145061762594e-28 3.9952682435522e-28 4.2147951275219e-28 4.3804592879957e-28 4.4998255370539e-28
 1  22 3.0530609442992e-28 3.9034919039123e-28 4.6715794880119e-28 5.3342924633580e-28 5.8859457254961e-28 6.3309631355084e-28 6.6789411208252e-28 6.9415590021119e-28 7.1308018414124e-28
 1  23 4.8347457173479e-28 6.1821816769271e-28 7.3993279942860e-28 8.4496285931502e-28 9.3240210101665e-28 1.0029485296936e-27 1.0581195855490e-27 1.0997645465154e-27 1.1297812239602e-27
 1  24 6.0816563190323e-28 7.7774867462789e-28 9.3095486095994e-28 1.0631766923969e-27 1.1732663146920e-27 1.2620981963364e-27 1.3315792968646e-27 1.3840348877949e-27 1.4218527370724e-27
 1  25 7.6465514360447e-28 9.7804952959354e-28 1.1708776800785e-27 1.3373268495976e-27 1.4759412277060e-27 1.5878121426067e-27 1.6753329474414e-27 1.7414260483079e-27 1.7890933922105e-27
 1  26 9.6069853783506e-28 1.2291452460985e-27 1.4718072190804e-27 1.6813385747870e-27 1.8558834871239e-27 1.9967972329929e-27 2.1070771371665e-27 2.1903932517466e-27 2.2505178957155e-27
 1  27 1.2055881376872e-27 1.5431471308944e-27 1.8484493975385e-27 2.1121993404466e-27 2.3320143916842e-27 2.5095616362114e-27 2.6485883559209e-27 2.7536946344849e-27 2.8296147928926e-27
 1  28 1.5101202249466e-27 1.9342853988580e-27 2.3182509259297e-27 2.6502165370959e-27 2.9270914999819e-27 3.1509003521452e-27 3.3263048070163e-27 3.4590545358510e-27 3.5550821732502e-27
 1  29 1.8861515947229e-27 2.4185398759237e-27 2.9011301569246e-27 3.3188761100348e-27 3.6677063193521e-27 3.9500226121099e-27 4.1715827484702e-27 4.3395434841062e-27 4.4613188789319e-27
 1  30 2.3453853529161e-27 3.0123807297901e-27 3.6182773273294e-27 4.1437688533994e-27 4.5833689113676e-27 4.9398327366124e-27 5.2201768771072e-27 5.4332509809465e-27 5.5882771710760e-27
 1  31 2.8940537125299e-27 3.7264090492430e-27 4.4849847060885e-27 5.1448452828905e-27 5.6984353564771e-27 6.1486334217433e-27 6.5038477036402e-27 6.7748915284336e-27 6.9731321198412e-27
1.18259224 1.18266218 1.18273211  8456.0  8455.0  1
1.0000000000000 
 1   1 5.1204921834955e-32 6.3025934003165e-32 7.4095111739534e-32 8.3989629726069e-32 9.2158339803973e-32 9.9300132139526e-32 1.0416826566930e-31 1.0876039312551e-31 1.1179583692281e-31
 1   2 8.1073263506510e-32 9.9700482005529e-32 1.1686515631073e-31 1.3209792916024e-31 1.4487139150367e-31 1.5600940031175e-31 1.6493066187305e-31 1.7074758391316e-31 1.7592560126370e-31
 1   3 1.2838035774610e-31 1.5717532613856e-31 1.8478440881014e-31 2.0798303667743e-31 2.2797062540130e-31 2.4535877293753e-31 2.5935829939876e-31 2.6834351960769e-31 2.7814321634242e-31
 1   4 2.0334206743095e-31 2.4899375411858e-31 2.9106164064920e-31 3.2747034472665e-31 3.6100818597086e-31 3.8588780602466e-31 4.0786367291328e-31 4.2529583095801e-31 4.3708354724874e-31
 1   5 3.2214836458296e-31 3.9443637710203e-31 4.5847392391110e-31 5.1757608715858e-31 5.6857787181477e-31 6.0692743461487e-31 6.4142504348664e-31 6.6841519311768e-31 6.8687755441147e-31
 1   6 5.1044365763553e-31 6.2330282323821e-31 7.2530973095454e-31 8.1717010057299e-31 8.9481488786854e-31 9.5461726959091e-31 1.0087710718192e-30 1.0505576390418e-30 1.0794758345070e-30
 1   7 8.0887158065393e-31 9.8603174485958e-31 1.1446024533222e-30 1.2866600052236e-30 1.4082838918049e-30 1.5077083324720e-30 1.5865547571127e-30 1.6512458787809e-30 1.6965439767678e-30
 1   8 1.2818479075095e-30 1.5620294310563e-30 1.8111247713967e-30 2.0259391229642e-30 2.2163684554811e-30 2.3799075553867e-30 2.4953593443097e-30 2.5955041279151e-30 2.6664639258572e-30
 1   9 2.0314648868086e-30 2.4756499715888e-30 2.8576256383744e-30 3.1929627674549e-30 3.4882364159521e-30 3.7437482627361e-30 3.9248827263221e-30 4.0799016550939e-30 4.1935206132252e-30
 1  10 3.2195278113090e-30 3.9236406519713e-30 4.5290315273905e-30 5.0559242066155e-30 5.4901284980014e-30 5.8890555456422e-30 6.1735597850949e-30 6.4135062058830e-30 6.6423939519768e-30
 1  11 5.1024809299137e-30 6.2185513141551e-30 7.1780311806974e-30 7.9613482664808e-30 8.6771795633067e-30 9.2639976279830e-30 9.7187856718076e-30 1.0098521128479e-29 1.0440749099484e-29
 1  12 8.0867586554650e-30 9.8557388510796e-30 1.1370536166803e-29 1.2617885760145e-29 1.3695316422560e-29 1.4573554018896e-29 1.5345292203205e-29 1.5969307046881e-29 1.6411815030361e-29
 1  13 1.2816520607467e-29 1.5620290925139e-29 1.8001193230865e-29 1.9953523461818e-29 2.1556344051481e-29 2.2927005823410e-29 2.4210243917558e-29 2.5121172670067e-29 2.5798794570039e-29
 1  14 2.0312676294526e-29 2.4756481284137e-29 2.8510055551171e-29 3.1518839606790e-29 3.4164489571395e-29 3.6316150542327e-29 3.8084951686642e-29 3.9494642127967e-29 4.0556434389697e-29
 1  15 3.2193255134332e-29 3.9193486869976e-29 4.5213378134209e-29 4.9909634923710e-29 5.3776381649102e-29 5.7166830852918e-29 5.9913194916552e-29 6.2094569375407e-29 6.3758422384081e-29
 1  16 5.1069794057350e-29 6.2115333307620e-29 7.1658225904093e-29 7.9032461197875e-29 8.5229682461737e-29 9.0085030092442e-29 9.4253946198311e-29 9.7630576854777e-29 1.0023802118411e-28
 1  17 8.0939559158524e-29 9.8443505865771e-29 1.1356999437170e-28 1.2514403889137e-28 1.3507935776960e-28 1.4254591131156e-28 1.4880845771172e-28 1.5350912307524e-28 1.5777600882997e-28
 1  18 1.2804635513225e-28 1.5628689183403e-28 1.7999380148379e-28 1.9831978323955e-28 2.1372451445566e-28 2.2543332592318e-28 2.3477545837855e-28 2.4273214905429e-28 2.4792346914526e-28
 1  19 2.0292426043940e-28 2.4768544827826e-28 2.8473092742567e-28 3.1458026563237e-28 3.3871050672096e-28 3.5627977856451e-28 3.7060795105290e-28 3.8233479403953e-28 3.9199776234950e-28
 1  20 3.2217943148806e-28 3.9175480628702e-28 4.5057025122792e-28 4.9937143823700e-28 5.3578619940175e-28 5.6390434325556e-28 5.8417254110080e-28 6.0224407139972e-28 6.1743089567969e-28
 1  21 5.0880623199681e-28 6.2107042179210e-28 7.1571249704098e-28 7.9008651888937e-28 8.4714079719263e-28 8.9344400491559e-28 9.2393744631807e-28 9.5092540633227e-28 9.6955839335823e-28
 1  22 8.0534570998700e-28 9.8178689294712e-28 1.1307874260596e-27 1.2506164760835e-27 1.3440890785219e-27 1.4143021287254e-27 1.4605287807331e-27 1.5043660277552e-27 1.5336550888670e-27
 1  23 1.2739905248535e-27 1.5578854060903e-27 1.7912814412203e-27 1.9778905713218e-27 2.1211235220299e-27 2.2263183933713e-27 2.3118079198937e-27 2.3730636625189e-27 2.4166707609127e-27
 1  24 1.5986412614980e-27 1.9526853483607e-27 2.2499570649157e-27 2.4808510281584e-27 2.6656857990022e-27 2.8056648910692e-27 2.9118338977765e-27 2.9774559161786e-27 3.0288208529814e-27
 1  25 2.0096651413233e-27 2.4623206931985e-27 2.8337609348769e-27 3.1303377759080e-27 3.3606537675744e-27 3.5366949348851e-27 3.6573236310219e-27 3.7317203788436e-27 3.7971546190761e-27
 1  26 2.5001195720661e-27 3.0722758029096e-27 3.5362427265342e-27 3.9078717093471e-27 4.1936774019782e-27 4.4282868692697e-27 4.5755758284406e-27 4.6695303948476e-27 4.7613560382940e-27
 1  27 3.1424805716144e-27 3.8469826637833e-27 4.4147579817823e-27 4.8897242765053e-27 5.2581026747581e-27 5.5342825695272e-27 5.7135477435647e-27 5.8591615288700e-27 5.9710222363420e-27
 1  28 3.9189596732229e-27 4.7959060659384e-27 5.5426780833407e-27 6.1453693556736e-27 6.6135479029005e-27 6.9645047240624e-27 7.1775041018198e-27 7.3572796472927e-27 7.4879185569084e-27
 1  29 4.8481923676266e-27 5.9448711891851e-27 6.8704153425593e-27 7.6169851373175e-27 8.1955029073603e-27 8.6849086692483e-27 9.0071259934080e-27 9.2122020953743e-27 9.3241317511383e-27
 1  30 5.8394739026065e-27 7.1849990507914e-27 8.3262381134732e-27 9.2512753620860e-27 1.0154955588360e-26 1.0704847876453e-26 1.1095847092275e-26 1.1353997971648e-26 1.1503014104793e-26
 1  31 6.9660870681047e-27 8.7287528496183e-27 1.0158907596605e-26 1.1327066537678e-26 1.2244413933209e-26 1.2936716414738e-26 1.3434894402337e-26 1.3771696408779e-26 1.4227500856114e-26
1.18273211 1.18280206 1.18287201  8455.0  8454.0  1
1.0000000000000 
 1   1 1.4793542038485e-32 1.7376667364530e-32 1.9443943157764e-32 2.1016011098987e-32 2.2135360900878e-32 2.2915784824700e-32 2.3376973870198e-32 2.3616751207879e-32 2.3644221041490e-32
 1   2 2.3422762313899e-32 2.7512650992507e-32 3.0785788563749e-32 3.3274859648049e-32 3.5047137787104e-32 3.6282791000065e-32 3.7012996335853e-32 3.7392639868866e-32 3.7436130221111e-32
 1   3 3.7122572980501e-32 4.3604610295448e-32 4.8792187353797e-32 5.2737096436647e-32 5.5545963697824e-32 5.7504343163765e-32 5.8661640862037e-32 5.9263335277921e-32 5.9332266266653e-32
 1   4 5.8835320152371e-32 6.9108652948402e-32 7.7330407208887e-32 8.3582673581814e-32 8.8034429380116e-32 9.1138251683801e-32 9.2972446049050e-32 9.3926059963683e-32 9.4035310408648e-32
 1   5 9.3247693928767e-32 1.0952983646273e-31 1.2256043819541e-31 1.3246960871902e-31 1.3952517266647e-31 1.4444439318074e-31 1.4735139071032e-31 1.4886278257189e-31 1.4903592113482e-31
 1   6 1.4778764017380e-31 1.7359309133325e-31 1.9424519876858e-31 2.0995017945376e-31 2.2113249264392e-31 2.2892893541586e-31 2.3353621499425e-31 2.3593159036258e-31 2.3620602127372e-31
 1   7 2.3422761726152e-31 2.7512649817013e-31 3.0785790326990e-31 3.3274859648049e-31 3.5047136023862e-31 3.6282789824571e-31 3.7012995160358e-31 3.7392637517877e-31 3.7436130808858e-31
 1   8 3.7122574743742e-31 4.3604610295448e-31 4.8792184415061e-31 5.2737096436647e-31 5.5545968399801e-31 5.7504346690249e-31 5.8661644388520e-31 5.9263337628909e-31 5.9332263915664e-31
 1   9 5.8835316625888e-31 6.9108652948402e-31 7.7330408384381e-31 8.3582670055331e-31 8.8034427029127e-31 9.1138249332812e-31 9.2972443698061e-31 9.3926061139177e-31 9.4035306882165e-31
 1  10 9.3247697455250e-31 1.0952983646273e-30 1.2256043584442e-30 1.3246960871902e-30 1.3952517031548e-30 1.4444438847876e-30 1.4735139541230e-30 1.4886278022090e-30 1.4903592583680e-30
 1  11 1.4778764487578e-30 1.7359309368424e-30 1.9424521287451e-30 2.0995019355969e-30 2.2113249264392e-30 2.2892893541586e-30 2.3353623380216e-30 2.3593160917049e-30 2.3620601657175e-30
 1  12 2.3422761255954e-30 2.7512650287210e-30 3.0785788916397e-30 3.3274859648049e-30 3.5047136494060e-30 3.6282789824571e-30 3.7012995630556e-30 3.7392637047680e-30 3.7436128457869e-30
 1  13 3.7122574273544e-30 4.3604611235843e-30 4.8792186295852e-30 5.2737100198229e-30 5.5545967459406e-30 5.7504348571039e-30 5.8661648150102e-30 5.9263339509700e-30 5.9332266736851e-30
 1  14 5.8835309102724e-30 6.9108640723261e-30 7.7330398040031e-30 8.3582658770586e-30 8.8034415744381e-30 9.1138239928857e-30 9.2972432413316e-30 9.3926053616013e-30 9.4035297478210e-30
 1  15 9.3247659839431e-30 1.0957679981303e-29 1.2258202544386e-29 1.3246958426874e-29 1.3952513834204e-29 1.4444436967085e-29 1.4735136531964e-29 1.4886275388983e-29 1.4903589198256e-29
 1  16 1.4779772967691e-29 1.7366746768201e-29 1.9427937179995e-29 2.0989138122633e-29 2.2113240236595e-29 2.2892885266106e-29 2.3353615857052e-29 2.3593153393885e-29 2.3620596390960e-29
 1  17 2.3424335101830e-29 2.7524412753882e-29 3.0791178134818e-29 3.3265519640135e-29 3.5047101135190e-29 3.6282756722650e-29 3.7013045283438e-29 3.7392609964290e-29 3.7461341589180e-29
 1  18 3.7127863810044e-29 4.3604501397651e-29 4.8800633304218e-29 5.2722205838448e-29 5.5578281705070e-29 5.7504217667989e-29 5.8661665453379e-29 5.9263229671508e-29 5.9372171102519e-29
 1  19 5.8843340832445e-29 6.9108144194447e-29 7.7358316501061e-29 8.3522219176886e-29 8.8085349068246e-29 9.1126789673485e-29 9.2972215746197e-29 9.3899141754306e-29 9.4098337077335e-29
 1  20 9.3259317734125e-29 1.0952785260442e-28 1.2259386690375e-28 1.3242701519844e-28 1.3950634848802e-28 1.4436800955782e-28 1.4734956577885e-28 1.4881906236348e-28 1.4904596098505e-28
 1  21 1.4780060653476e-28 1.7369315778191e-28 1.9424556270163e-28 2.0998794554818e-28 2.2130873028016e-28 2.2879142552246e-28 2.3353007985413e-28 2.3578163640387e-28 2.3621824472226e-28
 1  22 2.3422818131072e-28 2.7509309250147e-28 3.0773854394968e-28 3.3246953073618e-28 3.5074109293395e-28 3.6279363474829e-28 3.7010369444521e-28 3.7359802951393e-28 3.7465965024753e-28
 1  23 3.7114783736456e-28 4.3591117990097e-28 4.8768142866056e-28 5.2756517484113e-28 5.5580426709546e-28 5.7485840685200e-28 5.8651220894549e-28 5.9260926981518e-28 5.9340785666662e-28
 1  24 4.6714538210830e-28 5.4867529296156e-28 6.1429307431780e-28 6.6369033664466e-28 6.9931339615752e-28 7.2317966447311e-28 7.3828897007282e-28 7.4635852024330e-28 7.4676975443468e-28
 1  25 5.8791399705551e-28 6.9162200233161e-28 7.7349246574729e-28 8.3548169879180e-28 8.8054325947961e-28 9.1087424869128e-28 9.2930299084663e-28 9.3905474452704e-28 9.4111125252166e-28
 1  26 7.3973466938557e-28 8.6893770193123e-28 9.7400064707145e-28 1.0528413819434e-27 1.1080800379398e-27 1.1475290535837e-27 1.1696330478519e-27 1.1812700943549e-27 1.1839337517645e-27
 1  27 9.3048512664650e-28 1.0931282734095e-27 1.2259015948861e-27 1.3232669832246e-27 1.3955739044637e-27 1.4424571059894e-27 1.4718050042610e-27 1.4858596706231e-27 1.4889367288953e-27
 1  28 1.1698528927551e-27 1.3745660532233e-27 1.5417365798031e-27 1.6623227128881e-27 1.7535665328984e-27 1.8143527338031e-27 1.8516965154248e-27 1.8712127339232e-27 1.8769269680682e-27
 1  29 1.4696597108959e-27 1.7329710232591e-27 1.9377855839389e-27 2.0945148739182e-27 2.2112605101011e-27 2.2811288188446e-27 2.3286952440181e-27 2.3567687544454e-27 2.3600536205586e-27
 1  30 1.8440519216965e-27 2.1682581537098e-27 2.4332834474270e-27 2.6414194668889e-27 2.7781229373065e-27 2.8727879792700e-27 2.9267737215411e-27 2.9682775118426e-27 2.9623993810594e-27
 1  31 2.3071822213533e-27 2.7145920936380e-27 3.0479813522191e-27 3.3078586351949e-27 3.4690720678638e-27 3.6157416479646e-27 3.6712820008868e-27 3.7232104647913e-27 3.7175351344312e-27
1.18287201 1.18294198 1.18301195  8454.0  8453.0  1
1.0000000000000 
 1   1 7.5278129254201e-32 8.8490380128913e-32 1.0005579868295e-31 1.0991074365217e-31 1.1834840683754e-31 1.2397257131399e-31 1.2834243629834e-31 1.3108400650794e-31 1.3376691954942e-31
 1   2 1.1907607310553e-31 1.3928574797710e-31 1.5741846539009e-31 1.7276864661535e-31 1.8600323188273e-31 1.9473264101103e-31 2.0157259578466e-31 2.0574592986849e-31 2.0992770400177e-31
 1   3 1.8848890872709e-31 2.1945715458524e-31 2.4792861517741e-31 2.7196453591585e-31 2.9263475771913e-31 3.0619777610812e-31 3.1691525181220e-31 3.2327042096060e-31 3.2979523745371e-31
 1   4 2.9850087419781e-31 3.4781615359899e-31 3.9048852634457e-31 4.2812689155253e-31 4.6041038628487e-31 4.8147496293296e-31 4.9827738514407e-31 5.1159183349764e-31 5.1812974499782e-31
 1   5 4.7285807212392e-31 5.4850207399482e-31 6.1501723375700e-31 6.7400067207505e-31 7.2161976014776e-31 7.5711498756519e-31 7.8345739278915e-31 8.0504407700810e-31 8.1405156108004e-31
 1   6 7.4919558808415e-31 8.6856318378869e-31 9.7010219773362e-31 1.0611095346116e-30 1.1316389135423e-30 1.1906033088518e-30 1.2319004942663e-30 1.2650043900159e-30 1.2790406389207e-30
 1   7 1.1871610852344e-30 1.3765798687677e-30 1.5352385042078e-30 1.6705371516711e-30 1.7807490569759e-30 1.8724573646452e-30 1.9370992095901e-30 1.9878474636247e-30 2.0097208744257e-30
 1   8 1.8812895589995e-30 2.1814619156345e-30 2.4181000251217e-30 2.6300424088914e-30 2.8021520851286e-30 2.9449144634427e-30 3.0460978198169e-30 3.1238666452763e-30 3.1579544768174e-30
 1   9 2.9814089550979e-30 3.4534906837328e-30 3.8270214110230e-30 4.1407644267602e-30 4.4095354736633e-30 4.6315350109404e-30 4.7901767192619e-30 4.9093075233844e-30 4.9624330971941e-30
 1  10 4.7249809813788e-30 5.4695206714382e-30 6.0364674272918e-30 6.5194316005079e-30 6.9391541776498e-30 7.2843553030061e-30 7.5331184956627e-30 7.7155364110007e-30 7.7983348476489e-30
 1  11 7.4883564230998e-30 8.6647121761823e-30 9.5671563045064e-30 1.0302976647669e-29 1.0920267287501e-29 1.1457019449103e-29 1.1847139881147e-29 1.2126345556303e-29 1.2255397156588e-29
 1  12 1.1868009137653e-29 1.3728747858056e-29 1.5162918674534e-29 1.6268617625098e-29 1.7185944076141e-29 1.8020511210987e-29 1.8632344547765e-29 1.9059503772368e-29 1.9260650604099e-29
 1  13 1.8809289361406e-29 2.1754702798691e-29 2.4031604887420e-29 2.5712669390339e-29 2.7047516388466e-29 2.8345102660700e-29 2.9155190925027e-29 2.9814141836968e-29 3.0271402744748e-29
 1  14 2.9810464514480e-29 3.4474967534023e-29 3.8056459960527e-29 4.0597902068813e-29 4.2786832793434e-29 4.4586656456181e-29 4.5741805162700e-29 4.6704842357267e-29 4.7578621726707e-29
 1  15 4.7246106912543e-29 5.4618963962709e-29 6.0258664618858e-29 6.4343291197005e-29 6.7470092628497e-29 7.0140364403735e-29 7.1948373268746e-29 7.3419795783320e-29 7.4784010203833e-29
 1  16 7.4859217768162e-29 8.6561131999072e-29 9.5467372341241e-29 1.0202215453634e-28 1.0668489111701e-28 1.1034321912050e-28 1.1317338521084e-28 1.1542004267628e-28 1.1747527474231e-28
 1  17 1.1864266514104e-28 1.3718533808966e-28 1.5126867673387e-28 1.6160191681274e-28 1.6830847432452e-28 1.7364788639115e-28 1.7839618240961e-28 1.8145348786276e-28 1.8413217956297e-28
 1  18 1.8797638388022e-28 2.1734504608399e-28 2.3970502051595e-28 2.5589768578350e-28 2.6685923643260e-28 2.7511271291278e-28 2.8048716486733e-28 2.8527521930208e-28 2.8928801471183e-28
 1  19 2.9780912323190e-28 3.4444999462236e-28 3.7968673666249e-28 4.0516245648436e-28 4.2293142318902e-28 4.3333337081865e-28 4.4224513015382e-28 4.4953843426022e-28 4.5451234093459e-28
 1  20 4.7178123992919e-28 5.4538330090762e-28 6.0141866597381e-28 6.4156448307156e-28 6.6970973438935e-28 6.8656600289336e-28 6.9967720432401e-28 7.0636268493996e-28 7.1122575434604e-28
 1  21 7.4744893362957e-28 8.6373769108138e-28 9.5198216409276e-28 1.0158399343693e-27 1.0596480998493e-27 1.0883975153907e-27 1.1002460290015e-27 1.1113250373031e-27 1.1204671378596e-27
 1  22 1.1837277735569e-27 1.3670317189844e-27 1.5056199044455e-27 1.6065370927875e-27 1.6751153173577e-27 1.7194823877076e-27 1.7444041137809e-27 1.7536797775791e-27 1.7556756187805e-27
 1  23 1.8723677141109e-27 2.1629633871067e-27 2.3826698158955e-27 2.5396292545032e-27 2.6457094758400e-27 2.7135312914246e-27 2.7536281899018e-27 2.7705376622205e-27 2.7672373886678e-27
 1  24 2.3526459162135e-27 2.7185766500999e-27 2.9953946054596e-27 3.1932825590944e-27 3.3251712046510e-27 3.4067343377958e-27 3.4544234447068e-27 3.4807366551650e-27 3.4685474445469e-27
 1  25 2.9528232721899e-27 3.4136796263613e-27 3.7626099840356e-27 4.0123060309535e-27 4.1789617564591e-27 4.2785250160502e-27 4.3312242371184e-27 4.3580817153789e-27 4.3687652339664e-27
 1  26 3.6996120451827e-27 4.2801231527180e-27 4.7202513006770e-27 5.0357163144517e-27 5.2467419992021e-27 5.3733052558695e-27 5.4331558400073e-27 5.4533091561313e-27 5.4595799840303e-27
 1  27 4.6225377042045e-27 5.3539330969309e-27 5.9096517082921e-27 6.3089674747995e-27 6.5770153229714e-27 6.7387479863533e-27 6.8164007113390e-27 6.8287251222391e-27 6.8117931165400e-27
 1  28 5.7510467551399e-27 6.6727194041399e-27 7.3753633590985e-27 7.8822218981426e-27 8.2242793822174e-27 8.4325556093792e-27 8.5348170968223e-27 8.5545532565204e-27 8.5110064397339e-27
 1  29 7.1080242531461e-27 8.2694778765242e-27 9.1594786075887e-27 9.8053076291879e-27 1.0244672338517e-26 1.0515814000551e-26 1.0653242198407e-26 1.0686271896953e-26 1.0639012657606e-26
 1  30 8.6977962220642e-27 1.0160250354963e-26 1.1289685007829e-26 1.2116570703500e-26 1.2685808572699e-26 1.3043918297674e-26 1.3233374337420e-26 1.3290559049329e-26 1.3245566244340e-26
 1  31 1.0478652797089e-26 1.2313376091913e-26 1.3746648534295e-26 1.4809570811346e-26 1.5553602230437e-26 1.6034040092132e-26 1.6302315970410e-26 1.6403054432453e-26 1.6373499881898e-26
1.18301195 1.18308194 1.18315192  8453.0  8452.0  1
1.0000000000000 
 1   1 1.7625424009683e-32 1.9713203363131e-32 2.1170876602236e-32 2.2122014631892e-32 2.2677306408277e-32 2.2912682988982e-32 2.2891823841727e-32 2.2712631482888e-32 2.2389491024582e-32
 1   2 2.7906509190958e-32 3.1212110977433e-32 3.3520061892158e-32 3.5026005337412e-32 3.5905204582166e-32 3.6277880372415e-32 3.6244854858629e-32 3.5961137542114e-32 3.5449503625919e-32
 1   3 4.4228835999301e-32 4.9467864445386e-32 5.3125714869029e-32 5.5512473863769e-32 5.6905910744705e-32 5.7496561391163e-32 5.7444216627721e-32 5.6994554773701e-32 5.6183675260617e-32
 1   4 7.0097984258885e-32 7.8401282562486e-32 8.4198585601871e-32 8.7981349932704e-32 9.0189798189368e-32 9.1125914870589e-32 9.1042954356780e-32 9.0330287396707e-32 8.9045125300425e-32
 1   5 1.1109781662235e-31 1.2425766395890e-31 1.3344576273783e-31 1.3944104253578e-31 1.4294119451479e-31 1.4442484470968e-31 1.4429336566654e-31 1.4316386840967e-31 1.4112701881834e-31
 1   6 1.7607816867549e-31 1.9693510600145e-31 2.1149729458865e-31 2.2099914456476e-31 2.2654653750516e-31 2.2889794938477e-31 2.2868955774626e-31 2.2689942090928e-31 2.2367123130328e-31
 1   7 2.7906508603210e-31 3.1212111565180e-31 3.3520060716664e-31 3.5026005337412e-31 3.5905204582166e-31 3.6277878609173e-31 3.6244854270881e-31 3.5961134603378e-31 3.5449503038172e-31
 1   8 4.4228835411553e-31 4.9467863269891e-31 5.3125714869029e-31 5.5512476214758e-31 5.6905911920200e-31 5.7496560215669e-31 5.7444217803215e-31 5.6994558300184e-31 5.6183674085122e-31
 1   9 7.0097981907896e-31 7.8401279036003e-31 8.4198582075388e-31 8.7981341704244e-31 9.0189794662885e-31 9.1125911344106e-31 9.1042959058757e-31 9.0330289747695e-31 8.9045126475919e-31
 1  10 1.1109781427136e-30 1.2425766160791e-30 1.3344576743981e-30 1.3944104253578e-30 1.4294119451479e-30 1.4442483765672e-30 1.4429336096457e-30 1.4316386135670e-30 1.4112701176537e-30
 1  11 1.7607818278142e-30 1.9693512010738e-30 2.1149729458865e-30 2.2099916337267e-30 2.2654653750516e-30 2.2889795878873e-30 2.2868956715021e-30 2.2689943031323e-30 2.2367125951514e-30
 1  12 2.7906508603210e-30 3.1212111565180e-30 3.3520058365675e-30 3.5026003926819e-30 3.5905205992759e-30 3.6277877198580e-30 3.6244854270881e-30 3.5961136954367e-30 3.5449501627578e-30
 1  13 4.4228838232740e-30 4.9467864210287e-30 5.3125716749820e-30 5.5512478095549e-30 5.6905914741386e-30 5.7496565858042e-30 5.7444223445588e-30 5.6994560180975e-30 5.6183675965913e-30
 1  14 7.0097974384732e-30 7.8401267751257e-30 8.4198580194597e-30 8.7981339823453e-30 9.0189787139721e-30 9.1125901940151e-30 9.1042951535593e-30 9.0330282224532e-30 8.9045115191173e-30
 1  15 1.1109778794028e-29 1.2422746174744e-29 1.3348218707599e-29 1.3944101432392e-29 1.4294116630293e-29 1.4442482449118e-29 1.4429334967982e-29 1.4316383690642e-29 1.4112700048063e-29
 1  16 1.7607909308425e-29 1.9688721636160e-29 2.1155497844743e-29 2.2110381434334e-29 2.2654646227352e-29 2.2889788731867e-29 2.2868951072649e-29 2.2689938893583e-29 2.2367119932983e-29
 1  17 2.7906634616205e-29 3.1204500756476e-29 3.3529185468052e-29 3.5042572190555e-29 3.5905175147788e-29 3.6277851619823e-29 3.6262850431116e-29 3.5961114384875e-29 3.5445058447011e-29
 1  18 4.4242221941221e-29 4.9442386263609e-29 5.3140102543725e-29 5.5538655696464e-29 5.6919583577777e-29 5.7496459781431e-29 5.7472698620742e-29 5.6994478178489e-29 5.6176589897887e-29
 1  19 7.0125420391073e-29 7.8360588499713e-29 8.4237672058570e-29 8.7995378047188e-29 9.0211208596454e-29 9.1115956317548e-29 9.1087879870077e-29 9.0301805544745e-29 8.9033719102580e-29
 1  20 1.1110289015000e-28 1.2427034077209e-28 1.3346923218784e-28 1.3949118178971e-28 1.4294583066451e-28 1.4439090405003e-28 1.4432951503306e-28 1.4311796065329e-28 1.4120416406755e-28
 1  21 1.7613745177083e-28 1.9692655348071e-28 2.1150769686730e-28 2.2107489831079e-28 2.2649899110966e-28 2.2880887926259e-28 2.2865807894794e-28 2.2692310495754e-28 2.2379070027361e-28
 1  22 2.7903263035096e-28 3.1211897531169e-28 3.3540589982589e-28 3.5046118309065e-28 3.5893498595647e-28 3.6256399167655e-28 3.6260771028629e-28 3.5947915746225e-28 3.5449013223781e-28
 1  23 4.4229477099814e-28 4.9429064245071e-28 5.3104749692183e-28 5.5559024813039e-28 5.6927855446888e-28 5.7458092849527e-28 5.7429319456158e-28 5.6968723680308e-28 5.6221419528462e-28
 1  24 5.5654315011862e-28 6.2252565445807e-28 6.6918684440945e-28 6.9863310955291e-28 7.1660198778580e-28 7.2347659472229e-28 7.2337418339749e-28 7.1774603832101e-28 7.0716806069446e-28
 1  25 7.0157877125460e-28 7.8418282138610e-28 8.4250392825853e-28 8.7967659100464e-28 9.0169805917475e-28 9.1096601925313e-28 9.1109688619285e-28 9.0271244647646e-28 8.9044504310269e-28
 1  26 8.8196315133111e-28 9.8673576253222e-28 1.0595715441340e-27 1.1079449339542e-27 1.1342213591505e-27 1.1470491118415e-27 1.1457069312633e-27 1.1375829735719e-27 1.1217204367709e-27
 1  27 1.1088309580251e-27 1.2402029728741e-27 1.3321742166244e-27 1.3940610864924e-27 1.4283851062577e-27 1.4448353405812e-27 1.4423142019875e-27 1.4299935466508e-27 1.4101603200835e-27
 1  28 1.3970021741104e-27 1.5594669797606e-27 1.6776315448301e-27 1.7534270955704e-27 1.7991028353175e-27 1.8177129037771e-27 1.8176248887786e-27 1.8026681168305e-27 1.7759966834027e-27
 1  29 1.7605027695931e-27 1.9636396526983e-27 2.1132351055706e-27 2.2085634378070e-27 2.2661312171817e-27 2.2859218806972e-27 2.2836321425863e-27 2.2634042929734e-27 2.2367532744030e-27
 1  30 2.2083612151628e-27 2.4741643919845e-27 2.6572964481644e-27 2.7691284592802e-27 2.8480361202177e-27 2.8729484092343e-27 2.8697082246959e-27 2.8554259134143e-27 2.8070550273030e-27
 1  31 2.7617486809193e-27 3.0981019456848e-27 3.3286656119421e-27 3.4707433898695e-27 3.5723076906728e-27 3.6036356375201e-27 3.6155829513372e-27 3.5721324310478e-27 3.5239945824598e-27
1.18315192 1.18322192 1.18329192  8452.0  8451.0  1
1.0000000000000 
 1   1 1.0625353387295e-31 1.1816526481768e-31 1.2848884411974e-31 1.3682345171537e-31 1.4338062956796e-31 1.4692435712255e-31 1.4908779570053e-31 1.5118619417606e-31 1.5059751836012e-31
 1   2 1.6813221477707e-31 1.8598161454162e-31 2.0214339233153e-31 2.1490171430773e-31 2.2534619320376e-31 2.3078353636304e-31 2.3485831700051e-31 2.3727407544088e-31 2.3632820215655e-31
 1   3 2.6639273971273e-31 2.9476099190089e-31 3.1834500559110e-31 3.3827407820619e-31 3.5453412732382e-31 3.6288265277257e-31 3.6914359429381e-31 3.7277048807372e-31 3.7125024473969e-31
 1   4 4.2220404571648e-31 4.6623651244574e-31 5.0135703928390e-31 5.3248680982080e-31 5.5626249961985e-31 5.7058185458405e-31 5.7875548998329e-31 5.8566824312205e-31 5.8322641221698e-31
 1   5 6.6914832543440e-31 7.3715838487241e-31 7.8959996202926e-31 8.3822499114764e-31 8.7116215477858e-31 8.9718882221991e-31 9.0985246988109e-31 9.2019653804968e-31 9.1627678160721e-31
 1   6 1.0605285582836e-30 1.1665405633323e-30 1.2468995200641e-30 1.3195453530636e-30 1.3706879149232e-30 1.4107970046874e-30 1.4305723931711e-30 1.4458658567939e-30 1.4395776202938e-30
 1   7 1.6808245139922e-30 1.8488169507360e-30 1.9710145726000e-30 2.0752591043428e-30 2.1567108946627e-30 2.2185055982504e-30 2.2493883739143e-30 2.2719241992919e-30 2.2618416551065e-30
 1   8 2.6639273030877e-30 2.9301773377863e-30 3.1181501692285e-30 3.2698449880552e-30 3.3935908770386e-30 3.4887705605851e-30 3.5369966739406e-30 3.5700797869502e-30 3.5539219118015e-30
 1   9 4.2220401750462e-30 4.6440181967089e-30 4.9246197949168e-30 5.1489379712910e-30 5.3402155405314e-30 5.4865681607116e-30 5.5618637460569e-30 5.6102230194124e-30 5.5843418311520e-30
 1  10 6.6914833483835e-30 7.3602730540014e-30 7.7979917913775e-30 8.1064031408977e-30 8.3988571075857e-30 8.5668779442730e-30 8.7462399504571e-30 8.8165815324103e-30 8.7751462028997e-30
 1  11 1.0605285958994e-29 1.1665247082645e-29 1.2358984351890e-29 1.2845803770419e-29 1.3218660798387e-29 1.3468616412513e-29 1.3693357390695e-29 1.3773757442709e-29 1.3789700531530e-29
 1  12 1.6808243635289e-29 1.8488167626569e-29 1.9587667490125e-29 2.0249875932011e-29 2.0811183700404e-29 2.1184099409050e-29 2.1464240965789e-29 2.1595667628900e-29 2.1670712692889e-29
 1  13 2.6639264379239e-29 2.9301766230857e-29 3.1044359681601e-29 3.2058927539242e-29 3.2751218104079e-29 3.3320456791798e-29 3.3758010019570e-29 3.3943525221463e-29 3.4057233329086e-29
 1  14 4.2220365639275e-29 4.6440147360535e-29 4.9201970021238e-29 5.0809956015197e-29 5.1792475194857e-29 5.2411451023390e-29 5.3094897356811e-29 5.3353676137495e-29 5.3498253291008e-29
 1  15 6.6914684525191e-29 7.3720301039955e-29 7.7965574249588e-29 8.0528282837432e-29 8.1690250539660e-29 8.2496023517205e-29 8.3510928412587e-29 8.3866539339755e-29 8.3430105558764e-29
 1  16 1.0619994195702e-28 1.1683847804326e-28 1.2354739481922e-28 1.2739251395319e-28 1.2947008680657e-28 1.3065606242926e-28 1.3135541574032e-28 1.3155748190267e-28 1.3113785787898e-28
 1  17 1.6831416785492e-28 1.8517520303554e-28 1.9578879832900e-28 2.0178025805243e-28 2.0519529295570e-28 2.0554150293733e-28 2.0569497547977e-28 2.0602515209461e-28 2.0565111242529e-28
 1  18 2.6690179948437e-28 2.9302220028100e-28 3.1028012147491e-28 3.1967357996330e-28 3.2390049063461e-28 3.2575792969535e-28 3.2544135496075e-28 3.2366042346705e-28 3.2308656856599e-28
 1  19 4.2225643289176e-28 4.6438619857348e-28 4.9077394252051e-28 5.0639111584655e-28 5.1277533287095e-28 5.1386165365608e-28 5.1254922869548e-28 5.0985003787842e-28 5.0759901095942e-28
 1  20 6.6876978427999e-28 7.3590346509545e-28 7.7844104644289e-28 8.0412804077966e-28 8.1417378766608e-28 8.1561322770652e-28 8.0881257647989e-28 8.0144223517572e-28 7.9384078227821e-28
 1  21 1.0615451408445e-27 1.1675408138568e-27 1.2335246181990e-27 1.2728617373131e-27 1.2903559219629e-27 1.2895184313266e-27 1.2831307957766e-27 1.2652211880377e-27 1.2516155522421e-27
 1  22 1.6810155963353e-27 1.8468539571726e-27 1.9538730693574e-27 2.0145017291927e-27 2.0398502413417e-27 2.0390303729644e-27 2.0216118773613e-27 2.0037384771055e-27 1.9696774430740e-27
 1  23 2.6498051584598e-27 2.9121285650580e-27 3.0865808401645e-27 3.1856067653011e-27 3.2288799074425e-27 3.2317967283433e-27 3.2079359970763e-27 3.1631275035832e-27 3.0956344442401e-27
 1  24 3.3400532505173e-27 3.6718998392130e-27 3.8865770871380e-27 3.9955743219686e-27 4.0470582812420e-27 4.0474426968589e-27 4.0159706904516e-27 3.9644559162992e-27 3.9078420500259e-27
 1  25 4.1587884106637e-27 4.6056723356815e-27 4.8815548668672e-27 5.0405480874962e-27 5.1026023206763e-27 5.1028187952020e-27 5.0550992585980e-27 4.9732568656112e-27 4.8731551160078e-27
 1  26 5.2198860616856e-27 5.7411078010689e-27 6.0885917853551e-27 6.2897763532757e-27 6.3793752365204e-27 6.4227556529598e-27 6.3717011760640e-27 6.2746616550721e-27 6.1426765204253e-27
 1  27 6.5575056526348e-27 7.2269458049802e-27 7.6196244317133e-27 7.8706809555438e-27 7.9816045055048e-27 7.9881380302481e-27 7.9455156598349e-27 7.8335197520809e-27 7.6933451781245e-27
 1  28 8.0893225376664e-27 9.0028519696755e-27 9.5612406903115e-27 9.8878013716818e-27 1.0036574837654e-26 1.0052521537593e-26 9.9132344321554e-27 9.7631536449371e-27 9.5646958086318e-27
 1  29 9.8043962791382e-27 1.1074819789142e-26 1.1799931642832e-26 1.2234584757145e-26 1.2445077344486e-26 1.2531561613825e-26 1.2442492746501e-26 1.2264400463800e-26 1.2023691576374e-26
 1  30 1.1986480298733e-26 1.3345444971256e-26 1.4265041082590e-26 1.4828432598849e-26 1.5400626385327e-26 1.5480856004578e-26 1.5403869651353e-26 1.5214826530988e-26 1.4950243815972e-26
 1  31 1.4420805674260e-26 1.6157476794128e-26 1.7356640896189e-26 1.8113955068921e-26 1.8523680486778e-26 1.8667972698955e-26 1.8614448794685e-26 1.8417537094939e-26 1.8462660863164e-26
1.18329192 1.18336194 1.18343195  8451.0  8450.0  1
1.0000000000000 
 1   1 2.0595176774553e-32 2.1980706986612e-32 2.2745267614170e-32 2.3034822729504e-32 2.2995644972159e-32 2.2717634680718e-32 2.2283427638676e-32 2.1736643502655e-32 2.1113317051980e-32
 1   2 3.2608548307700e-32 3.4802270558884e-32 3.6012809335040e-32 3.6471263886805e-32 3.6409233049912e-32 3.5969057435303e-32 3.5281575441696e-32 3.4415844423467e-32 3.3428925815139e-32
 1   3 5.1681067576699e-32 5.5157880115372e-32 5.7076451465123e-32 5.7803053910725e-32 5.7704741440694e-32 5.7007109053368e-32 5.5917525707175e-32 5.4545435803650e-32 5.2981276000671e-32
 1   4 8.1908975337755e-32 8.7419351961048e-32 9.0460085482925e-32 9.1611670278651e-32 9.1455858502450e-32 9.0350182638594e-32 8.8623305030104e-32 8.6448687500857e-32 8.3969663954520e-32
 1   5 1.2981697641201e-31 1.3855033520134e-31 1.4336957992106e-31 1.4519472297981e-31 1.4494777512659e-31 1.4319539516816e-31 1.4045847991620e-31 1.3701194223453e-31 1.3308295816140e-31
 1   6 2.0574602390804e-31 2.1958749339886e-31 2.2722545602242e-31 2.3011811252093e-31 2.2972671992188e-31 2.2694940292908e-31 2.2261168771522e-31 2.1714928301638e-31 2.1092226626211e-31
 1   7 3.2608549483195e-31 3.4802271146631e-31 3.6012809335040e-31 3.6471263886805e-31 3.6409233049912e-31 3.5969055084314e-31 3.5281574266202e-31 3.4415843835719e-31 3.3428924639645e-31
 1   8 5.1681065225710e-31 5.5157881290866e-31 5.7076452640617e-31 5.7803053910725e-31 5.7704744967177e-31 5.7007112579851e-31 5.5917523356186e-31 5.4545434628155e-31 5.2981274825177e-31
 1   9 8.1908972986766e-31 8.7419351961048e-31 9.0460083131936e-31 9.1611672629640e-31 9.1455858502450e-31 9.0350179112111e-31 8.8623302679115e-31 8.6448685149868e-31 8.3969661603532e-31
 1  10 1.2981697876300e-30 1.3855033755232e-30 1.4336957286810e-30 1.4519472062882e-30 1.4494777277560e-30 1.4319539281717e-30 1.4045847521422e-30 1.3701194458552e-30 1.3308295345942e-30
 1  11 2.0574604271595e-30 2.1958749810084e-30 2.2722546542638e-30 2.3011812192488e-30 2.2972674813374e-30 2.2694942173699e-30 2.2261169711918e-30 2.1714929712232e-30 2.1092226156013e-30
 1  12 3.2608548072601e-30 3.4802272557225e-30 3.6012809805238e-30 3.6471263886805e-30 3.6409231639318e-30 3.5969055084314e-30 3.5281573325806e-30 3.4415841484731e-30 3.3428926520436e-30
 1  13 5.1681066166105e-30 5.5157881290866e-30 5.7076453581012e-30 5.7803059553098e-30 5.7704746847968e-30 5.7007112579851e-30 5.5917525236977e-30 5.4545435568551e-30 5.2981275765573e-30
 1  14 8.1908965463602e-30 8.7419344437884e-30 9.0460079370354e-30 9.1611665106476e-30 9.1455852860077e-30 9.0350173469739e-30 8.8623298917533e-30 8.6448683269077e-30 8.3969657841950e-30
 1  15 1.2981694678956e-29 1.3854307958000e-29 1.4331866361836e-29 1.4519469994012e-29 1.4494774456374e-29 1.4319537400926e-29 1.4045846204868e-29 1.3701192013523e-29 1.3308293277072e-29
 1  16 2.0568751250123e-29 2.1957595004433e-29 2.2714473435516e-29 2.3011802412375e-29 2.2972666914052e-29 2.2694935779009e-29 2.2261163693386e-29 2.1714924822175e-29 2.1092223522906e-29
 1  17 3.2599253203671e-29 3.4800419601969e-29 3.5999997104893e-29 3.6471230032567e-29 3.6409209069827e-29 3.5969034771772e-29 3.5288462286939e-29 3.4415826438403e-29 3.3435501013320e-29
 1  18 5.1668072157512e-29 5.5140890977638e-29 5.7056083862585e-29 5.7802935420894e-29 5.7701757894972e-29 5.7007032834314e-29 5.5928403731898e-29 5.4545369364709e-29 5.2991667511792e-29
 1  19 8.1919093146771e-29 8.7392068455047e-29 9.0431155814634e-29 9.1611197165685e-29 9.1450911646063e-29 9.0375845514044e-29 8.8640378004095e-29 8.6457330393601e-29 8.3986001163087e-29
 1  20 1.2979298099881e-28 1.3854837889662e-28 1.4337750378742e-28 1.4519281313063e-28 1.4500108680467e-28 1.4322037197808e-28 1.4044361433252e-28 1.3702499238473e-28 1.3313882686882e-28
 1  21 2.0576255154669e-28 2.1961636748978e-28 2.2716582027878e-28 2.3011073568262e-28 2.2976158865783e-28 2.2698384397316e-28 2.2251616798467e-28 2.1719234391352e-28 2.1100871249283e-28
 1  22 3.2608637297325e-28 3.4799079275099e-28 3.5997173811965e-28 3.6468379054396e-28 3.6420736362397e-28 3.5982452484953e-28 3.5279593981399e-28 3.4426240904577e-28 3.3441859591402e-28
 1  23 5.1671082626756e-28 5.5126533169902e-28 5.7083191326552e-28 5.7791663915895e-28 5.7687336290807e-28 5.7042992353788e-28 5.5921446309974e-28 5.4559438282953e-28 5.2987889077982e-28
 1  24 6.5081019865909e-28 6.9414665574746e-28 7.1841024341058e-28 7.2747102157519e-28 7.2655379743918e-28 7.1741535614956e-28 7.0363619406594e-28 6.8681011451381e-28 6.6688367293720e-28
 1  25 8.1853062638627e-28 8.7431499463246e-28 9.0470453211443e-28 9.1566471053845e-28 9.1433668554530e-28 9.0406030854804e-28 8.8593817443983e-28 8.6455515204628e-28 8.3933298090159e-28
 1  26 1.0314629817817e-27 1.0995580868254e-27 1.1375049734091e-27 1.1524221674969e-27 1.1510912536088e-27 1.1370169427612e-27 1.1159448617572e-27 1.0882377595018e-27 1.0568828496352e-27
 1  27 1.2968962837576e-27 1.3835047755777e-27 1.4326351521625e-27 1.4501519664892e-27 1.4505504413947e-27 1.4317791725987e-27 1.4046834568041e-27 1.3696167984522e-27 1.3308598657339e-27
 1  28 1.6292358142225e-27 1.7431511037591e-27 1.8037214079171e-27 1.8243149916264e-27 1.8233824563474e-27 1.8018027965065e-27 1.7663824411203e-27 1.7235333887526e-27 1.6760006673531e-27
 1  29 2.0545766720685e-27 2.1915732690236e-27 2.2642886800039e-27 2.2940512309924e-27 2.2924864129126e-27 2.2663340176048e-27 2.2213878201207e-27 2.1683477094522e-27 2.1105326406727e-27
 1  30 2.5788122992217e-27 2.7581627919558e-27 2.8523758181614e-27 2.8831294526993e-27 2.8818824130603e-27 2.8532018495145e-27 2.7980021935995e-27 2.7269062971094e-27 2.6542962344971e-27
 1  31 3.2416081858520e-27 3.4552789427881e-27 3.5754635194796e-27 3.6168047612939e-27 3.6285105634959e-27 3.5754273119967e-27 3.5221576304789e-27 3.4238015437770e-27 3.3329030430058e-27
