-----------------------------------------------------------------------------------------------
Content :
Spectral range definition: line 1 (3 values)  ==> max, min and step of the wavenumber (in cm-1)
Temperatures definition :  line 2 (1 value)   ==> NT = number of T values
Temperatures definition :  line 3 (NT values) ==> list of T values (in K)
Pressures definition :     line 4 (1 value)   ==> NP = number of P values
Pressures definition :     line 5 (NP values) ==> list of P values (in mbar)
For each spectral range: 
    First line of the block (6 values): 
    --> min, mean and max wavelengths (in microns), min and max wavenumbers (in cm-1)
        of the spectral range, nmaxai (number of exponentials for the CKD expansion) 
    If nmaxai not null, second line of the block (nmaxnai values): 
    --> coefs kdis_ai for nai = 1 to nmaxai 
    If nmaxai not null, following lines of the block : 
    --> for nai = 1 to nmaxai 
    -->     for pressure index ip = 1 to NP 
    -->         line : nai, ip, kdis_ki(T,P,nai) for temperature index it = 1 to IT 
-----------------------------------------------------------------------------------------------
7300 7250  1
9
  160.00  180.00  200.00  220.00  240.00  260.00  280.00  300.00  320.00
31
    0.007    0.011    0.017    0.028    0.044    0.069    0.110    0.174    0.276    0.438    0.694    1.100    1.743    2.763    4.379    6.941   11.000   17.434   27.631   43.792   69.405  110.000  174.338  219.479  276.308  347.851  437.918  551.306  694.053  873.761 1098.900
1.36986301 1.36995685 1.37005069  7300.0  7299.0  0
1.37005069 1.37014456 1.37023842  7299.0  7298.0  0
1.37023842 1.37033231 1.37042620  7298.0  7297.0  0
1.37042620 1.37052012 1.37061404  7297.0  7296.0  0
1.37061404 1.37070798 1.37080192  7296.0  7295.0  0
1.37080192 1.37089588 1.37098985  7295.0  7294.0  0
1.37098985 1.37108384 1.37117784  7294.0  7293.0  0
1.37117784 1.37127186 1.37136588  7293.0  7292.0  0
1.37136588 1.37145992 1.37155397  7292.0  7291.0  0
1.37155397 1.37164804 1.37174211  7291.0  7290.0  0
1.37174211 1.37183621 1.37193031  7290.0  7289.0  0
1.37193031 1.37202443 1.37211855  7289.0  7288.0  0
1.37211855 1.37221270 1.37230685  7288.0  7287.0  0
1.37230685 1.37240102 1.37249520  7287.0  7286.0  0
1.37249520 1.37258940 1.37268360  7286.0  7285.0  0
1.37268360 1.37277782 1.37287205  7285.0  7284.0  0
1.37287205 1.37296630 1.37306055  7284.0  7283.0  0
1.37306055 1.37315483 1.37324911  7283.0  7282.0  0
1.37324911 1.37334341 1.37343771  7282.0  7281.0  0
1.37343771 1.37353204 1.37362637  7281.0  7280.0  0
1.37362637 1.37372072 1.37381508  7280.0  7279.0  0
1.37381508 1.37390946 1.37400385  7279.0  7278.0  0
1.37400385 1.37409826 1.37419266  7278.0  7277.0  0
1.37419266 1.37428710 1.37438153  7277.0  7276.0  0
1.37438153 1.37447599 1.37457045  7276.0  7275.0  0
1.37457045 1.37466494 1.37475942  7275.0  7274.0  0
1.37475942 1.37485393 1.37494844  7274.0  7273.0  0
1.37494844 1.37504298 1.37513751  7273.0  7272.0  0
1.37513751 1.37523208 1.37532664  7272.0  7271.0  0
1.37532664 1.37542123 1.37551582  7271.0  7270.0  0
1.37551582 1.37561044 1.37570505  7270.0  7269.0  0
1.37570505 1.37579969 1.37589433  7269.0  7268.0  0
1.37589433 1.37598900 1.37608367  7268.0  7267.0  0
1.37608367 1.37617836 1.37627305  7267.0  7266.0  0
1.37627305 1.37636777 1.37646249  7266.0  7265.0  0
1.37646249 1.37655724 1.37665198  7265.0  7264.0  0
1.37665198 1.37674676 1.37684153  7264.0  7263.0  0
1.37684153 1.37693632 1.37703112  7263.0  7262.0  0
1.37703112 1.37712594 1.37722077  7262.0  7261.0  0
1.37722077 1.37731562 1.37741047  7261.0  7260.0  0
1.37741047 1.37750534 1.37760022  7260.0  7259.0  0
1.37760022 1.37769512 1.37779002  7259.0  7258.0  1
1.0000000000000 
 1   1 0.0000000000000e+00 0.0000000000000e+00 0.0000000000000e+00 0.0000000000000e+00 0.0000000000000e+00 0.0000000000000e+00 0.0000000000000e+00 0.0000000000000e+00 0.0000000000000e+00
 1   2 0.0000000000000e+00 0.0000000000000e+00 0.0000000000000e+00 0.0000000000000e+00 0.0000000000000e+00 0.0000000000000e+00 0.0000000000000e+00 0.0000000000000e+00 0.0000000000000e+00
 1   3 0.0000000000000e+00 0.0000000000000e+00 0.0000000000000e+00 0.0000000000000e+00 0.0000000000000e+00 0.0000000000000e+00 0.0000000000000e+00 0.0000000000000e+00 0.0000000000000e+00
 1   4 0.0000000000000e+00 0.0000000000000e+00 0.0000000000000e+00 0.0000000000000e+00 0.0000000000000e+00 0.0000000000000e+00 0.0000000000000e+00 0.0000000000000e+00 0.0000000000000e+00
 1   5 0.0000000000000e+00 0.0000000000000e+00 0.0000000000000e+00 0.0000000000000e+00 0.0000000000000e+00 0.0000000000000e+00 0.0000000000000e+00 0.0000000000000e+00 0.0000000000000e+00
 1   6 0.0000000000000e+00 0.0000000000000e+00 0.0000000000000e+00 0.0000000000000e+00 0.0000000000000e+00 0.0000000000000e+00 0.0000000000000e+00 0.0000000000000e+00 0.0000000000000e+00
 1   7 0.0000000000000e+00 0.0000000000000e+00 0.0000000000000e+00 0.0000000000000e+00 0.0000000000000e+00 0.0000000000000e+00 0.0000000000000e+00 0.0000000000000e+00 0.0000000000000e+00
 1   8 0.0000000000000e+00 0.0000000000000e+00 0.0000000000000e+00 0.0000000000000e+00 0.0000000000000e+00 0.0000000000000e+00 0.0000000000000e+00 0.0000000000000e+00 0.0000000000000e+00
 1   9 0.0000000000000e+00 0.0000000000000e+00 0.0000000000000e+00 0.0000000000000e+00 0.0000000000000e+00 0.0000000000000e+00 0.0000000000000e+00 0.0000000000000e+00 0.0000000000000e+00
 1  10 0.0000000000000e+00 0.0000000000000e+00 0.0000000000000e+00 0.0000000000000e+00 0.0000000000000e+00 0.0000000000000e+00 0.0000000000000e+00 0.0000000000000e+00 0.0000000000000e+00
 1  11 0.0000000000000e+00 0.0000000000000e+00 0.0000000000000e+00 0.0000000000000e+00 0.0000000000000e+00 0.0000000000000e+00 0.0000000000000e+00 0.0000000000000e+00 0.0000000000000e+00
 1  12 0.0000000000000e+00 0.0000000000000e+00 0.0000000000000e+00 0.0000000000000e+00 0.0000000000000e+00 0.0000000000000e+00 0.0000000000000e+00 0.0000000000000e+00 0.0000000000000e+00
 1  13 0.0000000000000e+00 0.0000000000000e+00 0.0000000000000e+00 0.0000000000000e+00 0.0000000000000e+00 0.0000000000000e+00 0.0000000000000e+00 0.0000000000000e+00 0.0000000000000e+00
 1  14 0.0000000000000e+00 0.0000000000000e+00 0.0000000000000e+00 0.0000000000000e+00 0.0000000000000e+00 0.0000000000000e+00 0.0000000000000e+00 0.0000000000000e+00 0.0000000000000e+00
 1  15 0.0000000000000e+00 0.0000000000000e+00 0.0000000000000e+00 0.0000000000000e+00 0.0000000000000e+00 0.0000000000000e+00 0.0000000000000e+00 0.0000000000000e+00 0.0000000000000e+00
 1  16 0.0000000000000e+00 0.0000000000000e+00 0.0000000000000e+00 0.0000000000000e+00 0.0000000000000e+00 0.0000000000000e+00 0.0000000000000e+00 0.0000000000000e+00 0.0000000000000e+00
 1  17 0.0000000000000e+00 0.0000000000000e+00 0.0000000000000e+00 0.0000000000000e+00 0.0000000000000e+00 0.0000000000000e+00 0.0000000000000e+00 0.0000000000000e+00 0.0000000000000e+00
 1  18 0.0000000000000e+00 0.0000000000000e+00 0.0000000000000e+00 0.0000000000000e+00 0.0000000000000e+00 0.0000000000000e+00 0.0000000000000e+00 0.0000000000000e+00 0.0000000000000e+00
 1  19 0.0000000000000e+00 0.0000000000000e+00 0.0000000000000e+00 0.0000000000000e+00 0.0000000000000e+00 0.0000000000000e+00 0.0000000000000e+00 0.0000000000000e+00 0.0000000000000e+00
 1  20 0.0000000000000e+00 0.0000000000000e+00 0.0000000000000e+00 0.0000000000000e+00 0.0000000000000e+00 0.0000000000000e+00 0.0000000000000e+00 0.0000000000000e+00 0.0000000000000e+00
 1  21 0.0000000000000e+00 0.0000000000000e+00 0.0000000000000e+00 0.0000000000000e+00 0.0000000000000e+00 0.0000000000000e+00 0.0000000000000e+00 0.0000000000000e+00 0.0000000000000e+00
 1  22 0.0000000000000e+00 0.0000000000000e+00 0.0000000000000e+00 0.0000000000000e+00 0.0000000000000e+00 0.0000000000000e+00 0.0000000000000e+00 0.0000000000000e+00 0.0000000000000e+00
 1  23 0.0000000000000e+00 0.0000000000000e+00 0.0000000000000e+00 0.0000000000000e+00 0.0000000000000e+00 0.0000000000000e+00 0.0000000000000e+00 0.0000000000000e+00 0.0000000000000e+00
 1  24 0.0000000000000e+00 0.0000000000000e+00 0.0000000000000e+00 0.0000000000000e+00 0.0000000000000e+00 0.0000000000000e+00 0.0000000000000e+00 0.0000000000000e+00 0.0000000000000e+00
 1  25 0.0000000000000e+00 0.0000000000000e+00 0.0000000000000e+00 0.0000000000000e+00 0.0000000000000e+00 0.0000000000000e+00 0.0000000000000e+00 0.0000000000000e+00 0.0000000000000e+00
 1  26 0.0000000000000e+00 0.0000000000000e+00 0.0000000000000e+00 0.0000000000000e+00 0.0000000000000e+00 0.0000000000000e+00 0.0000000000000e+00 0.0000000000000e+00 0.0000000000000e+00
 1  27 0.0000000000000e+00 0.0000000000000e+00 0.0000000000000e+00 0.0000000000000e+00 0.0000000000000e+00 0.0000000000000e+00 0.0000000000000e+00 0.0000000000000e+00 0.0000000000000e+00
 1  28 0.0000000000000e+00 0.0000000000000e+00 0.0000000000000e+00 0.0000000000000e+00 0.0000000000000e+00 0.0000000000000e+00 0.0000000000000e+00 0.0000000000000e+00 0.0000000000000e+00
 1  29 0.0000000000000e+00 0.0000000000000e+00 0.0000000000000e+00 0.0000000000000e+00 0.0000000000000e+00 0.0000000000000e+00 0.0000000000000e+00 0.0000000000000e+00 0.0000000000000e+00
 1  30 0.0000000000000e+00 0.0000000000000e+00 0.0000000000000e+00 0.0000000000000e+00 0.0000000000000e+00 0.0000000000000e+00 0.0000000000000e+00 0.0000000000000e+00 0.0000000000000e+00
 1  31 0.0000000000000e+00 0.0000000000000e+00 0.0000000000000e+00 0.0000000000000e+00 8.9869194152851e-38 2.7293439953751e-37 6.6693210776562e-37 0.0000000000000e+00 2.0641852812628e-37
1.37779002 1.37788495 1.37797988  7258.0  7257.0  1
1.0000000000000 
 1   1 0.0000000000000e+00 0.0000000000000e+00 0.0000000000000e+00 0.0000000000000e+00 0.0000000000000e+00 0.0000000000000e+00 0.0000000000000e+00 0.0000000000000e+00 0.0000000000000e+00
 1   2 0.0000000000000e+00 0.0000000000000e+00 0.0000000000000e+00 0.0000000000000e+00 0.0000000000000e+00 0.0000000000000e+00 0.0000000000000e+00 0.0000000000000e+00 0.0000000000000e+00
 1   3 0.0000000000000e+00 0.0000000000000e+00 0.0000000000000e+00 0.0000000000000e+00 0.0000000000000e+00 0.0000000000000e+00 0.0000000000000e+00 0.0000000000000e+00 0.0000000000000e+00
 1   4 0.0000000000000e+00 0.0000000000000e+00 0.0000000000000e+00 0.0000000000000e+00 0.0000000000000e+00 0.0000000000000e+00 0.0000000000000e+00 0.0000000000000e+00 0.0000000000000e+00
 1   5 0.0000000000000e+00 0.0000000000000e+00 0.0000000000000e+00 0.0000000000000e+00 0.0000000000000e+00 0.0000000000000e+00 0.0000000000000e+00 0.0000000000000e+00 0.0000000000000e+00
 1   6 0.0000000000000e+00 0.0000000000000e+00 0.0000000000000e+00 0.0000000000000e+00 0.0000000000000e+00 0.0000000000000e+00 0.0000000000000e+00 0.0000000000000e+00 0.0000000000000e+00
 1   7 0.0000000000000e+00 0.0000000000000e+00 0.0000000000000e+00 0.0000000000000e+00 0.0000000000000e+00 0.0000000000000e+00 0.0000000000000e+00 0.0000000000000e+00 0.0000000000000e+00
 1   8 0.0000000000000e+00 0.0000000000000e+00 0.0000000000000e+00 0.0000000000000e+00 0.0000000000000e+00 0.0000000000000e+00 0.0000000000000e+00 0.0000000000000e+00 0.0000000000000e+00
 1   9 0.0000000000000e+00 0.0000000000000e+00 0.0000000000000e+00 0.0000000000000e+00 0.0000000000000e+00 0.0000000000000e+00 0.0000000000000e+00 0.0000000000000e+00 0.0000000000000e+00
 1  10 0.0000000000000e+00 0.0000000000000e+00 0.0000000000000e+00 0.0000000000000e+00 0.0000000000000e+00 0.0000000000000e+00 0.0000000000000e+00 0.0000000000000e+00 0.0000000000000e+00
 1  11 0.0000000000000e+00 0.0000000000000e+00 0.0000000000000e+00 0.0000000000000e+00 0.0000000000000e+00 0.0000000000000e+00 0.0000000000000e+00 0.0000000000000e+00 0.0000000000000e+00
 1  12 0.0000000000000e+00 0.0000000000000e+00 0.0000000000000e+00 0.0000000000000e+00 0.0000000000000e+00 0.0000000000000e+00 0.0000000000000e+00 0.0000000000000e+00 0.0000000000000e+00
 1  13 0.0000000000000e+00 0.0000000000000e+00 0.0000000000000e+00 0.0000000000000e+00 0.0000000000000e+00 0.0000000000000e+00 0.0000000000000e+00 0.0000000000000e+00 0.0000000000000e+00
 1  14 0.0000000000000e+00 0.0000000000000e+00 0.0000000000000e+00 0.0000000000000e+00 0.0000000000000e+00 0.0000000000000e+00 0.0000000000000e+00 0.0000000000000e+00 0.0000000000000e+00
 1  15 0.0000000000000e+00 0.0000000000000e+00 0.0000000000000e+00 0.0000000000000e+00 0.0000000000000e+00 0.0000000000000e+00 0.0000000000000e+00 0.0000000000000e+00 0.0000000000000e+00
 1  16 0.0000000000000e+00 0.0000000000000e+00 0.0000000000000e+00 0.0000000000000e+00 0.0000000000000e+00 0.0000000000000e+00 0.0000000000000e+00 0.0000000000000e+00 0.0000000000000e+00
 1  17 0.0000000000000e+00 0.0000000000000e+00 0.0000000000000e+00 0.0000000000000e+00 0.0000000000000e+00 0.0000000000000e+00 0.0000000000000e+00 0.0000000000000e+00 0.0000000000000e+00
 1  18 0.0000000000000e+00 0.0000000000000e+00 0.0000000000000e+00 0.0000000000000e+00 0.0000000000000e+00 0.0000000000000e+00 0.0000000000000e+00 0.0000000000000e+00 0.0000000000000e+00
 1  19 0.0000000000000e+00 0.0000000000000e+00 0.0000000000000e+00 0.0000000000000e+00 0.0000000000000e+00 0.0000000000000e+00 0.0000000000000e+00 0.0000000000000e+00 0.0000000000000e+00
 1  20 0.0000000000000e+00 0.0000000000000e+00 0.0000000000000e+00 0.0000000000000e+00 0.0000000000000e+00 0.0000000000000e+00 0.0000000000000e+00 0.0000000000000e+00 0.0000000000000e+00
 1  21 0.0000000000000e+00 0.0000000000000e+00 0.0000000000000e+00 0.0000000000000e+00 2.4165672276974e-40 0.0000000000000e+00 0.0000000000000e+00 0.0000000000000e+00 0.0000000000000e+00
 1  22 0.0000000000000e+00 0.0000000000000e+00 7.0469124955678e-38 5.8563065421063e-40 3.8133254849978e-40 0.0000000000000e+00 0.0000000000000e+00 0.0000000000000e+00 0.0000000000000e+00
 1  23 0.0000000000000e+00 2.5053180735719e-36 2.1451975516564e-36 1.3393147060381e-36 1.2494649731183e-39 0.0000000000000e+00 0.0000000000000e+00 0.0000000000000e+00 0.0000000000000e+00
 1  24 3.8648792779211e-36 3.5876311436118e-36 3.7730846772575e-36 7.7607673850918e-36 6.1273704884536e-36 8.6209653663353e-36 0.0000000000000e+00 0.0000000000000e+00 0.0000000000000e+00
 1  25 5.3357660894597e-36 5.3357660894597e-36 9.8820503995768e-36 3.4613670939160e-35 2.7731538946095e-35 4.8592417444032e-36 3.4419212145905e-36 0.0000000000000e+00 0.0000000000000e+00
 1  26 3.2230396320898e-35 3.2230396320898e-35 1.6739092648106e-35 2.3590386568547e-35 3.2094700765747e-35 2.8073013454333e-36 5.4155671895645e-36 0.0000000000000e+00 0.0000000000000e+00
 1  27 4.3721926927547e-35 4.3721926927547e-35 4.1289121408403e-35 6.4553006959375e-35 2.3684034667810e-34 7.3034061664779e-37 5.8459198039978e-36 0.0000000000000e+00 0.0000000000000e+00
 1  28 0.0000000000000e+00 0.0000000000000e+00 0.0000000000000e+00 5.3569292208169e-35 2.0518630419137e-34 1.2017432315116e-34 6.2579961502450e-35 5.3117478786227e-35 0.0000000000000e+00
 1  29 0.0000000000000e+00 0.0000000000000e+00 0.0000000000000e+00 0.0000000000000e+00 1.0434299711892e-34 4.2475556236677e-34 1.1172877276604e-33 5.1566549447674e-35 0.0000000000000e+00
 1  30 0.0000000000000e+00 0.0000000000000e+00 0.0000000000000e+00 0.0000000000000e+00 1.8828778081715e-34 4.7385816545253e-34 1.4083404962660e-33 5.4438116842839e-33 1.4184874920720e-33
 1  31 0.0000000000000e+00 0.0000000000000e+00 0.0000000000000e+00 0.0000000000000e+00 9.1547721021202e-37 2.4669015994867e-36 1.2503917999044e-33 4.6237827843885e-33 3.4054019915444e-33
1.37797988 1.37807484 1.37816979  7257.0  7256.0  1
1.0000000000000 
 1   1 3.0071726932434e-36 3.8819384387973e-36 4.6163042124163e-36 5.2700201250559e-36 5.7252465271166e-36 5.7254456236024e-36 5.7254456236024e-36 5.7254456236024e-36 5.7254456236024e-36
 1   2 5.0294283442775e-36 6.4556163804556e-36 7.7077474528217e-36 8.7870771247999e-36 9.6054648440230e-36 9.7904939972314e-36 9.7904939972314e-36 9.7904939972314e-36 9.7904939972314e-36
 1   3 7.7154271961879e-36 9.8926330055794e-36 1.1811125307927e-35 1.3375012061016e-35 1.4637453102756e-35 1.5304267770500e-35 1.5304267770500e-35 1.5304267770500e-35 1.5304267770500e-35
 1   4 1.2202523887764e-35 1.5650456022564e-35 1.8682097853279e-35 2.1164497410208e-35 2.3052902108127e-35 2.4542258616365e-35 2.4542258616365e-35 2.4542258616365e-35 2.4542258616365e-35
 1   5 2.0644377033209e-35 2.4799372176874e-35 2.9584331560520e-35 3.3517413402367e-35 3.6474943987683e-35 3.8912659836012e-35 3.9437427950074e-35 3.9437427950074e-35 3.9437427950074e-35
 1   6 3.5902849024649e-35 3.9607160035988e-35 4.7232427733823e-35 5.3509381026363e-35 5.8276073755851e-35 6.1921615789368e-35 6.3750950174242e-35 6.3750950174242e-35 6.3750950174242e-35
 1   7 6.0934636753284e-35 6.2466797212310e-35 7.4321772534723e-35 8.4376531064262e-35 9.1922912070897e-35 9.7236846782272e-35 1.0126577331366e-34 1.0126577331366e-34 1.0126577331366e-34
 1   8 1.0313230681419e-34 1.0313230681419e-34 1.1756648204620e-34 1.3333376429932e-34 1.4508743359003e-34 1.5350921924464e-34 1.6013688368743e-34 1.6139174686580e-34 1.6139174686580e-34
 1   9 1.7387079030236e-34 1.7387079030236e-34 1.8662699326632e-34 2.1122313349019e-34 2.3022493079461e-34 2.4342008447133e-34 2.5312826731781e-34 2.5762609441314e-34 2.5762609441314e-34
 1  10 2.9035371680883e-34 2.9035371680883e-34 2.9632892448973e-34 3.3456777868085e-34 3.6512154008811e-34 3.8559043240253e-34 3.9954786661511e-34 4.0921056793211e-34 4.0921056793211e-34
 1  11 4.8230271483074e-34 4.8230271483074e-34 4.8230271483074e-34 5.2978520201103e-34 5.7791664472491e-34 6.1049349619478e-34 6.3133528654135e-34 6.4685066402850e-34 6.4941025705967e-34
 1  12 7.8114565898667e-34 7.8114565898667e-34 7.8114565898667e-34 8.4070795774283e-34 9.1584215873404e-34 9.6776466256482e-34 1.0001794703017e-33 1.0230884776668e-33 1.0297246942902e-33
 1  13 1.1820303749193e-33 1.1820303749193e-33 1.1832404912522e-33 1.3330860826103e-33 1.4543900282820e-33 1.5339890874254e-33 1.5860085695401e-33 1.6265337372847e-33 1.6265337372847e-33
 1  14 1.7786000946109e-33 1.7786000946109e-33 1.8639881879256e-33 2.1052973416823e-33 2.2939829194305e-33 2.4223623309036e-33 2.5133567975878e-33 2.5651119771446e-33 2.5651119771446e-33
 1  15 2.6605534858947e-33 2.6605534858947e-33 2.9467571566321e-33 3.3349983287958e-33 3.6278764197230e-33 3.8337536023520e-33 3.9903492863487e-33 4.0397600893595e-33 4.0397600893595e-33
 1  16 3.9526794678506e-33 3.9526794678506e-33 4.6728192659170e-33 5.2978968358324e-33 5.7521442198466e-33 6.0806757891182e-33 6.3465873049536e-33 6.3510732852700e-33 6.3510732852700e-33
 1  17 5.8278842596060e-33 6.2052465988947e-33 7.3794141104685e-33 8.3560060009240e-33 9.0822462473292e-33 9.6348652434340e-33 9.9665493416177e-33 9.9665493416177e-33 9.9665493416177e-33
 1  18 8.5185320539206e-33 9.8053684949688e-33 1.1685216122068e-32 1.3208618597167e-32 1.4368058633893e-32 1.5292385106775e-32 1.5607279472209e-32 1.5607279472209e-32 1.5607279472209e-32
 1  19 1.2331482344999e-32 1.5537431597884e-32 1.8558430038978e-32 2.0940564932815e-32 2.2788740333999e-32 2.4323671469944e-32 2.4387508160034e-32 2.4387508160034e-32 2.4387508160034e-32
 1  20 1.9203749988956e-32 2.4516459890319e-32 2.9223474286901e-32 3.3051492211505e-32 3.5948597956127e-32 3.7504467585196e-32 3.7504467585196e-32 3.7504467585196e-32 3.7504467585196e-32
 1  21 3.0138628965111e-32 3.8646983442006e-32 4.6186680615313e-32 5.2289074397246e-32 5.6794520900021e-32 5.8290202279592e-32 5.8290202279592e-32 5.8290202279592e-32 5.8290202279592e-32
 1  22 4.7207767905683e-32 6.0909327120131e-32 7.3251189080248e-32 8.2639163041127e-32 8.9527219043584e-32 9.1927878259022e-32 9.1927878259022e-32 9.1927878259022e-32 9.1927878259022e-32
 1  23 8.1138015612825e-32 9.6854445612980e-32 1.1604464949891e-31 1.3156740504982e-31 1.4245471617771e-31 1.5074928643575e-31 1.5266368478056e-31 1.5266368478056e-31 1.5266368478056e-31
 1  24 1.1258787326145e-31 1.2110370682115e-31 1.4549742453009e-31 1.6538333299261e-31 1.7891431916055e-31 1.8740382164679e-31 1.9396278625079e-31 1.9396278625079e-31 1.9396278625079e-31
 1  25 1.5537741928392e-31 1.5537741928392e-31 1.8193757308143e-31 2.0319734056647e-31 2.2645562477207e-31 2.3546987969146e-31 2.4558286918057e-31 2.4656280829119e-31 2.4656280829119e-31
 1  26 2.1122152361394e-31 2.1122152361394e-31 2.2772866164412e-31 2.5641669531549e-31 2.8104099799629e-31 3.0146998484889e-31 3.1034809401257e-31 3.1236244464203e-31 3.1236244464203e-31
 1  27 2.8435556292719e-31 2.8435556292719e-31 2.8646315376855e-31 3.2390909055129e-31 3.5382394065683e-31 3.7941957782960e-31 3.9251554880313e-31 3.9567934482859e-31 3.9567934482859e-31
 1  28 3.8394144598846e-31 3.8394144598846e-31 3.8394144598846e-31 4.0770883679739e-31 4.4272333404511e-31 4.7322910516082e-31 4.8555204753936e-31 4.9391291567879e-31 4.9822933093501e-31
 1  29 5.0034301083711e-31 5.0034301083711e-31 5.0034301083711e-31 5.1218132040469e-31 5.6466615575365e-31 5.9675132107912e-31 6.1888799559494e-31 6.1985641486092e-31 6.3850013142315e-31
 1  30 6.5644235997659e-31 6.5644235997659e-31 6.5644235997659e-31 6.5644235997659e-31 7.0684577098843e-31 7.4762667928400e-31 7.7911680936908e-31 7.7880483316837e-31 7.9478708946102e-31
 1  31 8.4450438793018e-31 8.4450438793018e-31 8.4450438793018e-31 8.4450438793018e-31 8.7127481415716e-31 9.3325994782969e-31 9.7950013400912e-31 1.0128031114820e-30 9.9940144144764e-31
1.37816979 1.37826477 1.37835975  7256.0  7255.0  1
1.0000000000000 
 1   1 2.1891273482295e-35 2.6736544393112e-35 3.0810309605496e-35 3.3857066984907e-35 3.5830118181551e-35 3.5830964790031e-35 3.5830964790031e-35 3.5830964790031e-35 3.5830964790031e-35
 1   2 3.6580523239813e-35 4.4756829743329e-35 5.1433732361355e-35 5.6527910470143e-35 6.0026728079392e-35 6.0795965154085e-35 6.0795965154085e-35 6.0795965154085e-35 6.0795965154085e-35
 1   3 5.6040964231202e-35 6.8492279087635e-35 7.8775960550222e-35 8.6591029259741e-35 9.2023862240048e-35 9.4344298420065e-35 9.4344298420065e-35 9.4344298420065e-35 9.4344298420065e-35
 1   4 8.8652753367644e-35 1.0824058741136e-34 1.2453438552282e-34 1.3680524936902e-34 1.4543776304900e-34 1.5024328497421e-34 1.5024328497421e-34 1.5024328497421e-34 1.5024328497421e-34
 1   5 1.4810860330432e-34 1.7128416319701e-34 1.9696939204926e-34 2.1646354240746e-34 2.3017504116132e-34 2.3831559208838e-34 2.3985459429187e-34 2.3985459429187e-34 2.3985459429187e-34
 1   6 2.5313506314452e-34 2.7333248973230e-34 3.1406745566787e-34 3.4540693862138e-34 3.6727379677607e-34 3.8058252800266e-34 3.8532897674497e-34 3.8532897674497e-34 3.8532897674497e-34
 1   7 4.2280580294784e-34 4.3111223173984e-34 4.9478573015251e-34 5.4432583754196e-34 5.7845048446408e-34 5.9964561188211e-34 6.0848174781595e-34 6.0848174781595e-34 6.0848174781595e-34
 1   8 7.0513020457433e-34 7.0513020457433e-34 7.8172183488956e-34 8.5970835455594e-34 9.1403805041201e-34 9.4765994391042e-34 9.6220631915986e-34 9.6434682090431e-34 9.6434682090431e-34
 1   9 1.1726964905963e-33 1.1726964905963e-33 1.2389300871354e-33 1.3614986075892e-33 1.4485790454271e-33 1.5020179369704e-33 1.5262489163027e-33 1.5311845232082e-33 1.5311845232082e-33
 1  10 1.9337475328332e-33 1.9337475328332e-33 1.9640824502531e-33 2.1557146617310e-33 2.2940007355167e-33 2.3776551583350e-33 2.4168999555921e-33 2.4197995695478e-33 2.4197995695478e-33
 1  11 3.1746307773009e-33 3.1746307773009e-33 3.1746307773009e-33 3.4100477656240e-33 3.6277985432223e-33 3.7608472386621e-33 3.8238647561257e-33 3.8235594949364e-33 3.8216320515431e-33
 1  12 5.1142423739057e-33 5.1142423739057e-33 5.1142423739057e-33 5.4059056648898e-33 5.7468063734679e-33 5.9572599025414e-33 6.0555808214381e-33 6.0557104931587e-33 6.0460978881048e-33
 1  13 7.8272723153440e-33 7.8272723153440e-33 7.8333422742981e-33 8.5844647973743e-33 9.1284270122692e-33 9.4530867970228e-33 9.6048298934025e-33 9.5957278937073e-33 9.5957278937073e-33
 1  14 1.1922359617719e-32 1.1922359617719e-32 1.2360536157247e-32 1.3563686951409e-32 1.4420917676114e-32 1.4939647170084e-32 1.5173755686258e-32 1.5208363709314e-32 1.5208363709314e-32
 1  15 1.8070541108669e-32 1.8070541108669e-32 1.9571737026113e-32 2.1493736411265e-32 2.2837302944368e-32 2.3657792123770e-32 2.4010165657212e-32 2.4076982225481e-32 2.4076982225481e-32
 1  16 2.7231416907809e-32 2.7231416907809e-32 3.1090485515690e-32 3.4157056403397e-32 3.6253080380348e-32 3.7537813421193e-32 3.8052729905363e-32 3.8061231668255e-32 3.8061231668255e-32
 1  17 4.0775013191394e-32 4.2840703536622e-32 4.9120326601829e-32 5.3957594588690e-32 5.7290409069388e-32 5.9300269310424e-32 6.0075995664946e-32 6.0075995664946e-32 6.0075995664946e-32
 1  18 6.0610904369288e-32 6.7807639310799e-32 7.7811919082342e-32 8.5417173575595e-32 9.0691951743624e-32 9.3802797626056e-32 9.4656400481321e-32 9.4656400481321e-32 9.4656400481321e-32
 1  19 8.9370037816464e-32 1.0769591246118e-31 1.2366666066413e-31 1.3561309220211e-31 1.4392194471651e-31 1.4868203856051e-31 1.4887543089111e-31 1.4887543089111e-31 1.4887543089111e-31
 1  20 1.3947273386348e-31 1.7008643887048e-31 1.9521666256493e-31 2.1426422021139e-31 2.2749819422170e-31 2.3430249625166e-31 2.3430249625166e-31 2.3430249625166e-31 2.3430249625166e-31
 1  21 2.2109290199418e-31 2.6945139952345e-31 3.0895659081984e-31 3.3900119199183e-31 3.6001625681787e-31 3.6694266920099e-31 3.6694266920099e-31 3.6694266920099e-31 3.6694266920099e-31
 1  22 3.4641609280738e-31 4.2440654597173e-31 4.8693804941852e-31 5.3444494831040e-31 5.6811905285976e-31 5.7926537241290e-31 5.7926537241290e-31 5.7926537241290e-31 5.7926537241290e-31
 1  23 5.8109025686289e-31 6.6689918156331e-31 7.7098309375800e-31 8.4636195112312e-31 8.9864634117538e-31 9.3295469545667e-31 9.4029598681598e-31 9.4029598681598e-31 9.4029598681598e-31
 1  24 8.0011442985895e-31 8.4209622318331e-31 9.6486955516059e-31 1.0662882925236e-30 1.1309458420730e-30 1.1679329128810e-30 1.1846313273519e-30 1.1846313273519e-30 1.1846313273519e-30
 1  25 1.0825434986045e-30 1.0825434986045e-30 1.2224591117196e-30 1.3334724220530e-30 1.4253189678579e-30 1.4711128423422e-30 1.4936388876068e-30 1.4955812744721e-30 1.4955812744721e-30
 1  26 1.4383151393611e-30 1.4383151393611e-30 1.5268874161814e-30 1.6774263008833e-30 1.7828235694063e-30 1.8488850353688e-30 1.8743439860585e-30 1.8829431504127e-30 1.8829431504127e-30
 1  27 1.9071182731922e-30 1.9071182731922e-30 1.9183981289036e-30 2.1175001647012e-30 2.2519443688307e-30 2.3283208447415e-30 2.3588678992188e-30 2.3720571339141e-30 2.3720571339141e-30
 1  28 2.5161949346583e-30 2.5161949346583e-30 2.5161949346583e-30 2.6518704926302e-30 2.8224920870588e-30 2.9233004137153e-30 2.9742414488234e-30 2.9775550263391e-30 2.9715481561668e-30
 1  29 3.2807035465913e-30 3.2807035465913e-30 3.2807035465913e-30 3.3266181678553e-30 3.5371072644491e-30 3.6808850818033e-30 3.7442541955047e-30 3.7461410049971e-30 3.7186682914252e-30
 1  30 4.2713849828654e-30 4.2713849828654e-30 4.2713849828654e-30 4.2713849828654e-30 4.4400783904005e-30 4.6154628998596e-30 4.7011175056616e-30 4.6966558933432e-30 4.6505682393107e-30
 1  31 5.4781117483913e-30 5.4781117483913e-30 5.4781117483913e-30 5.4781117483913e-30 5.5743883092265e-30 5.7774418868339e-30 5.8471962858489e-30 5.8739050221324e-30 5.8315402057288e-30
1.37835975 1.37845476 1.37854977  7255.0  7254.0  1
1.0000000000000 
 1   1 6.9016028401661e-35 8.1210978730851e-35 9.0576517601443e-35 9.7100700659217e-35 1.0127154747048e-34 1.0127330382434e-34 1.0127330382434e-34 1.0127330382434e-34 1.0127330382434e-34
 1   2 1.1524765872709e-34 1.3564446017702e-34 1.5122272202017e-34 1.6211648964261e-34 1.6928609830710e-34 1.7085224937914e-34 1.7085224937914e-34 1.7085224937914e-34 1.7085224937914e-34
 1   3 1.7658855849622e-34 2.0758027190522e-34 2.3166357975968e-34 2.4863257539776e-34 2.5946516910032e-34 2.6371343323485e-34 2.6371343323485e-34 2.6371343323485e-34 2.6371343323485e-34
 1   4 2.7952328124043e-34 3.2804543807272e-34 3.6623394345307e-34 3.9266254620841e-34 4.0969105124801e-34 4.1782400278776e-34 4.1782400278776e-34 4.1782400278776e-34 4.1782400278776e-34
 1   5 4.6257874614341e-34 5.1907300464393e-34 5.7922387709497e-34 6.2132687049906e-34 6.4819104901268e-34 6.6152997115863e-34 6.6384316955361e-34 6.6384316955361e-34 6.6384316955361e-34
 1   6 7.8027285443118e-34 8.2848364301375e-34 9.2358150333726e-34 9.9163188149682e-34 1.0341429000103e-33 1.0557839346800e-33 1.0616452433868e-33 1.0616452433868e-33 1.0616452433868e-33
 1   7 1.2876658992495e-33 1.3074279796677e-33 1.4573786308334e-33 1.5626964961824e-33 1.6282031229339e-33 1.6621007065917e-33 1.6692737935256e-33 1.6692737935256e-33 1.6692737935256e-33
 1   8 2.1238642749535e-33 2.1238642749535e-33 2.3022521548465e-33 2.4690107221900e-33 2.5721316987999e-33 2.6256255079699e-33 2.6346894877697e-33 2.6347620378117e-33 2.6347620378117e-33
 1   9 3.4963760707484e-33 3.4963760707484e-33 3.6472019141925e-33 3.9125943758036e-33 4.0775988851705e-33 4.1606842952546e-33 4.1766684470319e-33 4.1672839613505e-33 4.1672839613505e-33
 1  10 5.7113821165219e-33 5.7113821165219e-33 5.7787805544943e-33 6.1977498836724e-33 6.4579183749200e-33 6.5835030485741e-33 6.6087901361122e-33 6.5615191001618e-33 6.5615191001618e-33
 1  11 9.2948865632373e-33 9.2948865632373e-33 9.2948865632373e-33 9.8037389659250e-33 1.0216363931687e-32 1.0413182828316e-32 1.0451262967811e-32 1.0348393987803e-32 1.0326414447494e-32
 1  12 1.4914460734250e-32 1.4914460734250e-32 1.4914460734250e-32 1.5535340687307e-32 1.6185101067196e-32 1.6494372161529e-32 1.6547407527902e-32 1.6383777244900e-32 1.6310567456731e-32
 1  13 2.3019535425472e-32 2.3019535425472e-32 2.3032834674684e-32 2.4677091193359e-32 2.5691134333832e-32 2.6163392128010e-32 2.6248797670069e-32 2.5975392377747e-32 2.5975392377747e-32
 1  14 3.5382897177265e-32 3.5382897177265e-32 3.6367826261404e-32 3.8977444291381e-32 4.0587662901760e-32 4.1370033738101e-32 4.1504272254229e-32 4.1317233470598e-32 4.1317233470598e-32
 1  15 5.4158521838076e-32 5.4158521838076e-32 5.7612376972078e-32 6.1731509011399e-32 6.4262365981134e-32 6.5531888125079e-32 6.5719079722976e-32 6.5659200040745e-32 6.5659200040745e-32
 1  16 8.2487824020930e-32 8.2487824020930e-32 9.1561018227074e-32 9.8034400964863e-32 1.0197251275163e-31 1.0399074251244e-31 1.0420649274559e-31 1.0420963131551e-31 1.0420963131551e-31
 1  17 1.2495233410046e-31 1.2991000503494e-31 1.4460284981923e-31 1.5486082478157e-31 1.6122831311076e-31 1.6442574002960e-31 1.6517782131526e-31 1.6517782131526e-31 1.6517782131526e-31
 1  18 1.8810257075375e-31 2.0572183223430e-31 2.2893201521106e-31 2.4510230358007e-31 2.5531765511725e-31 2.6028527073393e-31 2.6141445060733e-31 2.6141445060733e-31 2.6141445060733e-31
 1  19 2.8122942974073e-31 3.2698244404140e-31 3.6363099598619e-31 3.8900698028457e-31 4.0524166223411e-31 4.1278885318391e-31 4.1309010887614e-31 4.1309010887614e-31 4.1309010887614e-31
 1  20 4.4013781071059e-31 5.1637957496877e-31 5.7443352639373e-31 6.1492483990103e-31 6.4070183234224e-31 6.5180531688124e-31 6.5180531688124e-31 6.5180531688124e-31 6.5180531688124e-31
 1  21 6.9532597337015e-31 8.1632807045961e-31 9.0865346564325e-31 9.7209837522041e-31 1.0131396790246e-30 1.0262131510362e-30 1.0262131510362e-30 1.0262131510362e-30 1.0262131510362e-30
 1  22 1.0922980328462e-30 1.2834478963803e-30 1.4314857052619e-30 1.5339102896309e-30 1.5996777879662e-30 1.6208306677500e-30 1.6208306677500e-30 1.6208306677500e-30 1.6208306677500e-30
 1  23 1.8192567472761e-30 2.0395417555129e-30 2.2663756778769e-30 2.4294673376128e-30 2.5290029330258e-30 2.5820702023157e-30 2.5926359216990e-30 2.5926359216990e-30 2.5926359216990e-30
 1  24 2.4584696984736e-30 2.5647676777879e-30 2.8532597583159e-30 3.0527900502154e-30 3.1812781655287e-30 3.2390767525609e-30 3.2537788955055e-30 3.2537788955055e-30 3.2537788955055e-30
 1  25 3.2770984464766e-30 3.2770984464766e-30 3.5866864188222e-30 3.8575500337488e-30 4.0091726302026e-30 4.0787630242459e-30 4.0859092775825e-30 4.0860416852662e-30 4.0860416852662e-30
 1  26 4.3244082416468e-30 4.3244082416468e-30 4.5041862787915e-30 4.8317403187160e-30 5.0384870174550e-30 5.1302444137683e-30 5.1382957037155e-30 5.1189837421247e-30 5.1189837421247e-30
 1  27 5.6645842728837e-30 5.6645842728837e-30 5.6877939856628e-30 6.0946587234767e-30 6.3230236096833e-30 6.4673570126874e-30 6.4762727141604e-30 6.4225362594465e-30 6.4225362594465e-30
 1  28 7.3725636467754e-30 7.3725636467754e-30 7.3725636467754e-30 7.6455288575222e-30 7.9434521643257e-30 8.1061736844004e-30 8.1394982909694e-30 8.0562138579368e-30 8.0124523661653e-30
 1  29 9.5206232791742e-30 9.5206232791742e-30 9.5206232791742e-30 9.6067589913042e-30 9.9929749013121e-30 1.0211008226610e-29 1.0237255040633e-29 1.0126554693916e-29 9.9650293568924e-30
 1  30 1.2227796173073e-29 1.2227796173073e-29 1.2227796173073e-29 1.2227796173073e-29 1.2551784985651e-29 1.2819696887243e-29 1.2861983086584e-29 1.2699615155210e-29 1.2446120644811e-29
 1  31 1.5622757018248e-29 1.5622757018248e-29 1.5622757018248e-29 1.5622757018248e-29 1.5769873991874e-29 1.6093679991571e-29 1.6152807545497e-29 1.5973796871064e-29 1.5655348868658e-29
1.37854977 1.37864480 1.37873983  7254.0  7253.0  1
1.0000000000000 
 1   1 1.5848812658659e-34 1.8022093935519e-34 1.9584463681006e-34 2.0593885016464e-34 2.1117505760795e-34 2.1117714686549e-34 2.1117714686549e-34 2.1117714686549e-34 2.1117714686549e-34
 1   2 2.6452466209016e-34 3.0074623481380e-34 3.2689349952666e-34 3.4380688877182e-34 3.5281976211801e-34 3.5459140659215e-34 3.5459140659215e-34 3.5459140659215e-34 3.5459140659215e-34
 1   3 4.0500477771456e-34 4.6061548690655e-34 5.0071430836023e-34 5.2668093265215e-34 5.4051654707907e-34 5.4491721221947e-34 5.4491721221947e-34 5.4491721221947e-34 5.4491721221947e-34
 1   4 6.4073276694545e-34 7.2835755968685e-34 7.9123709431749e-34 8.3186649535022e-34 8.5325103347909e-34 8.5975767021737e-34 8.5975767021737e-34 8.5975767021737e-34 8.5975767021737e-34
 1   5 1.0514251465258e-33 1.1522619906752e-33 1.2518932184311e-33 1.3163169210119e-33 1.3503326051178e-33 1.3597187438381e-33 1.3606540883665e-33 1.3606540883665e-33 1.3606540883665e-33
 1   6 1.7538979991833e-33 1.8382290659373e-33 1.9976249978828e-33 2.1005630381843e-33 2.1551731996457e-33 2.1701256714591e-33 2.1679758024941e-33 2.1679758024941e-33 2.1679758024941e-33
 1   7 2.8651109924439e-33 2.8982599331371e-33 3.1479599125067e-33 3.3090180669327e-33 3.3936448439843e-33 3.4157176891568e-33 3.3968814942108e-33 3.3968814942108e-33 3.3968814942108e-33
 1   8 4.6818202465664e-33 4.6818202465664e-33 4.9733119888437e-33 5.2276897010456e-33 5.3611876557326e-33 5.3968778682755e-33 5.3550100655770e-33 5.3438248694870e-33 5.3438248694870e-33
 1   9 7.6415919623721e-33 7.6415919623721e-33 7.8809013063644e-33 8.2847063910749e-33 8.4981937975995e-33 8.5552772726434e-33 8.4893518760294e-33 8.4255151859401e-33 8.4255151859401e-33
 1  10 1.2384326693540e-32 1.2384326693540e-32 1.2487652646977e-32 1.3121009003200e-32 1.3454512913576e-32 1.3539004508777e-32 1.3430572501754e-32 1.3226603660735e-32 1.3226603660735e-32
 1  11 2.0007795471758e-32 2.0007795471758e-32 2.0007795471758e-32 2.0756248887974e-32 2.1282473627799e-32 2.1415320652490e-32 2.1242205599444e-32 2.0834010778017e-32 2.0756673535309e-32
 1  12 3.1997761443013e-32 3.1997761443013e-32 3.1997761443013e-32 3.2888809670823e-32 3.3712284605877e-32 3.3916100632630e-32 3.3634575613080e-32 3.2982531835414e-32 3.2741952222839e-32
 1  13 4.9736076991413e-32 4.9736076991413e-32 4.9756042762962e-32 5.2222800025747e-32 5.3503583405572e-32 5.3796510720325e-32 5.3329745423501e-32 5.2288357345692e-32 5.2288357345692e-32
 1  14 7.7032889588694e-32 7.7032889588694e-32 7.8567468076333e-32 8.2510822567904e-32 8.4564387688904e-32 8.5061034052126e-32 8.4345645822631e-32 8.3414818865989e-32 8.3414818865989e-32
 1  15 1.1888634831731e-31 1.1888634831731e-31 1.2443939538553e-31 1.3068490266594e-31 1.3391884043932e-31 1.3470497579632e-31 1.3356342972235e-31 1.3296676054482e-31 1.3296676054482e-31
 1  16 1.8270341940593e-31 1.8270341940593e-31 1.9769722600886e-31 2.0750371710094e-31 2.1250194259052e-31 2.1365587837495e-31 2.1175359937690e-31 2.1172049745598e-31 2.1172049745598e-31
 1  17 2.7947483985291e-31 2.8787193672824e-31 3.1230957090613e-31 3.2793292526359e-31 3.3597909005542e-31 3.3790744151817e-31 3.3673834185661e-31 3.3673834185661e-31 3.3673834185661e-31
 1  18 4.2523879597211e-31 4.5576502068952e-31 4.9447419072142e-31 5.1915505819038e-31 5.3191410897308e-31 5.3495294994905e-31 5.3486187264675e-31 5.3486187264675e-31 5.3486187264675e-31
 1  19 6.4327230934907e-31 7.2424562644840e-31 7.8533964136346e-31 8.2398702741228e-31 8.4385250578299e-31 8.4828261485282e-31 8.4844154168905e-31 8.4844154168905e-31 8.4844154168905e-31
 1  20 1.0081452386268e-30 1.1438755276157e-30 1.2408584194964e-30 1.3025236306264e-30 1.3341745213189e-30 1.3431502200236e-30 1.3431502200236e-30 1.3431502200236e-30 1.3431502200236e-30
 1  21 1.5952656404501e-30 1.8101725269329e-30 1.9636335965514e-30 2.0612665838279e-30 2.1111361323254e-30 2.1238325997888e-30 2.1238325997888e-30 2.1238325997888e-30 2.1238325997888e-30
 1  22 2.5087515163498e-30 2.8517750619310e-30 3.0964168773541e-30 3.2535355211551e-30 3.3348579130568e-30 3.3557042239139e-30 3.3557042239139e-30 3.3557042239139e-30 3.3557042239139e-30
 1  23 4.1345089160229e-30 4.5136000137111e-30 4.8990323862045e-30 5.1485313442852e-30 5.2787456495427e-30 5.3106254324952e-30 5.3128808770160e-30 5.3128808770160e-30 5.3128808770160e-30
 1  24 5.4854118504286e-30 5.6689894614733e-30 6.1603035942413e-30 6.4728481699781e-30 6.6384570803366e-30 6.6765792084897e-30 6.6580158017015e-30 6.6580158017015e-30 6.6580158017015e-30
 1  25 7.2219100338249e-30 7.2219100338249e-30 7.7522306426560e-30 8.1627802261213e-30 8.3601526865510e-30 8.4030572899605e-30 8.3317707986283e-30 8.3240595556869e-30 8.3240595556869e-30
 1  26 9.4454036777838e-30 9.4454036777838e-30 9.7346678230014e-30 1.0233742475434e-29 1.0501142049568e-29 1.0561440207788e-29 1.0470837993283e-29 1.0385630639571e-29 1.0385630639571e-29
 1  27 1.2249195060314e-29 1.2249195060314e-29 1.2285251327675e-29 1.2914919076665e-29 1.3221095294207e-29 1.3304301486335e-29 1.3182841510686e-29 1.2933371892945e-29 1.2933371892945e-29
 1  28 1.5752832521132e-29 1.5752832521132e-29 1.5752832521132e-29 1.6182203555906e-29 1.6598190882198e-29 1.6699386463714e-29 1.6546917511327e-29 1.6218031871402e-29 1.6078683316762e-29
 1  29 2.0244429161387e-29 2.0244429161387e-29 2.0244429161387e-29 2.0369683820879e-29 2.0889143238067e-29 2.0998775295519e-29 2.0810884278483e-29 2.0386149017271e-29 1.9936814514918e-29
 1  30 2.5841565261132e-29 2.5841565261132e-29 2.5841565261132e-29 2.5841565261132e-29 2.6249754075783e-29 2.6393639098222e-29 2.6158573329978e-29 2.5621897904647e-29 2.4880983627245e-29
 1  31 3.2694803403036e-29 3.2694803403036e-29 3.2694803403036e-29 3.2694803403036e-29 3.2866256307070e-29 3.3130545052954e-29 3.2848167611920e-29 3.2188347022239e-29 3.1280259016398e-29
1.37873983 1.37883489 1.37892995  7253.0  7252.0  1
1.0000000000000 
 1   1 3.0402035392282e-34 3.3618075437649e-34 3.5779745263964e-34 3.6982115272737e-34 3.7429168172147e-34 3.7429326588378e-34 3.7429326588378e-34 3.7429326588378e-34 3.7429326588378e-34
 1   2 5.0733188237788e-34 5.6134759267259e-34 5.9729246504631e-34 6.1752938089743e-34 6.2493274533796e-34 6.2602388878556e-34 6.2602388878556e-34 6.2602388878556e-34 6.2602388878556e-34
 1   3 7.7729022118696e-34 8.5963699837542e-34 9.1501664945907e-34 9.4603583316086e-34 9.5740258802682e-34 9.5852794019674e-34 9.5852794019674e-34 9.5852794019674e-34 9.5852794019674e-34
 1   4 1.2299103720448e-33 1.3587188389559e-33 1.4456395748661e-33 1.4941974097886e-33 1.5110799882248e-33 1.5070968072499e-33 1.5070968072499e-33 1.5070968072499e-33 1.5070968072499e-33
 1   5 2.0042498269047e-33 2.1497690480388e-33 2.2871270323003e-33 2.3647664137912e-33 2.3919589042036e-33 2.3814586172438e-33 2.3773903047640e-33 2.3773903047640e-33 2.3773903047640e-33
 1   6 3.3120850051624e-33 3.4307618127954e-33 3.6491040109889e-33 3.7741119577271e-33 3.8186933156660e-33 3.8011773478128e-33 3.7763582539631e-33 3.7763582539631e-33 3.7763582539631e-33
 1   7 5.3643218175455e-33 5.4099188760719e-33 5.7502597554654e-33 5.9445010133892e-33 6.0132762491200e-33 5.9822325453407e-33 5.8997947591755e-33 5.8997947591755e-33 5.8997947591755e-33
 1   8 8.6971719304151e-33 8.6971719304151e-33 9.0849800063789e-33 9.3913189769909e-33 9.4993792339261e-33 9.4532329991327e-33 9.2919683985113e-33 9.2557984373365e-33 9.2557984373365e-33
 1   9 1.4093394093248e-32 1.4093394093248e-32 1.4399256253964e-32 1.4883539355352e-32 1.5060573212689e-32 1.4988575653069e-32 1.4732021072267e-32 1.4555455943301e-32 1.4555455943301e-32
 1  10 2.2689095147248e-32 2.2689095147248e-32 2.2814593862878e-32 2.3566676617902e-32 2.3842911912873e-32 2.3719649575246e-32 2.3304654519000e-32 2.2793060275739e-32 2.2793060275739e-32
 1  11 3.6431461648086e-32 3.6431461648086e-32 3.6431461648086e-32 3.7280629950912e-32 3.7715192579996e-32 3.7522699502577e-32 3.6862483100438e-32 3.5867042158067e-32 3.5685372444883e-32
 1  12 5.8101253317641e-32 5.8101253317641e-32 5.8101253317641e-32 5.9068091543721e-32 5.9736030943745e-32 5.9424783549534e-32 5.8367902456182e-32 5.6779956525015e-32 5.6229437255694e-32
 1  13 9.0846552760644e-32 9.0846552760644e-32 9.0870003872943e-32 9.3762989509865e-32 9.4790618426297e-32 9.4230342553865e-32 9.2518916818616e-32 9.0004028939636e-32 9.0004028939636e-32
 1  14 1.4160933590542e-31 1.4160933590542e-31 1.4351870313441e-31 1.4819411436537e-31 1.4984424982517e-31 1.4900908459879e-31 1.4635163276495e-31 1.4392940910564e-31 1.4392940910564e-31
 1  15 2.2006923449371e-31 2.2006923449371e-31 2.2729455158037e-31 2.3473738214169e-31 2.3727990589286e-31 2.3594988105468e-31 2.3174967516998e-31 2.3001410478077e-31 2.3001410478077e-31
 1  16 3.4075930836270e-31 3.4075930836270e-31 3.6098841415588e-31 3.7266130815842e-31 3.7639646496804e-31 3.7411927380174e-31 3.6734718031700e-31 3.6723120604434e-31 3.6723120604434e-31
 1  17 5.2554965341931e-31 5.3722908317043e-31 5.7046106078456e-31 5.8904416885807e-31 5.9517075137500e-31 5.9179139319549e-31 5.8573327146954e-31 5.8573327146954e-31 5.8573327146954e-31
 1  18 8.0688236209369e-31 8.5047825022106e-31 9.0329847761820e-31 9.3246446729261e-31 9.4217010096938e-31 9.3689636311385e-31 9.3314860500478e-31 9.3314860500478e-31 9.3314860500478e-31
 1  19 1.2327149707921e-30 1.3511181909312e-30 1.4344643139073e-30 1.4795159342387e-30 1.4942001156297e-30 1.4853576709646e-30 1.4849459658231e-30 1.4849459658231e-30 1.4849459658231e-30
 1  20 1.9350386150129e-30 2.1342461631835e-30 2.2659336920010e-30 2.3389777824865e-30 2.3636938207465e-30 2.3619014269603e-30 2.3619014269603e-30 2.3619014269603e-30 2.3619014269603e-30
 1  21 3.0615139110104e-30 3.3772821624548e-30 3.5863162791610e-30 3.7043310219271e-30 3.7441120077080e-30 3.7482640418342e-30 3.7482640418342e-30 3.7482640418342e-30 3.7482640418342e-30
 1  22 4.8200139632304e-30 5.3289894754415e-30 5.6612537682494e-30 5.8493836457370e-30 5.9163984846378e-30 5.9240360005735e-30 5.9240360005735e-30 5.9240360005735e-30 5.9240360005735e-30
 1  23 7.8871179611360e-30 8.4342385471499e-30 8.9601618667135e-30 9.2526195949834e-30 9.3623863170677e-30 9.3066186081155e-30 9.2831794388392e-30 9.2831794388392e-30 9.2831794388392e-30
 1  24 1.0366765553913e-29 1.0614798247360e-29 1.1267100939411e-29 1.1643183147720e-29 1.1783879853321e-29 1.1712794230463e-29 1.1590071867921e-29 1.1590071867921e-29 1.1590071867921e-29
 1  25 1.3500792984279e-29 1.3500792984279e-29 1.4197495132395e-29 1.4672560359732e-29 1.4836252367943e-29 1.4747518155021e-29 1.4465458191501e-29 1.4437172600076e-29 1.4437172600076e-29
 1  26 1.7433575032638e-29 1.7433575032638e-29 1.7814587170215e-29 1.8412914923258e-29 1.8630948248556e-29 1.8535495850320e-29 1.8191258442252e-29 1.7951401923272e-29 1.7951401923272e-29
 1  27 2.2417637978204e-29 2.2417637978204e-29 2.2462451960598e-29 2.3236477186716e-29 2.3458794201507e-29 2.3332687919867e-29 2.2913321188375e-29 2.2316665082338e-29 2.2316665082338e-29
 1  28 2.8688959396677e-29 2.8688959396677e-29 2.8688959396677e-29 2.9143220066716e-29 2.9462458001326e-29 2.9299328725771e-29 2.8760248897275e-29 2.7975221796349e-29 2.7661331326601e-29
 1  29 3.6551845247068e-29 3.6551845247068e-29 3.6551845247068e-29 3.6663552193108e-29 3.7075294950359e-29 3.6873015130153e-29 3.6185109065204e-29 3.5166740505189e-29 3.4239263801486e-29
 1  30 4.6339845530884e-29 4.6339845530884e-29 4.6339845530884e-29 4.6339845530884e-29 4.6589361792242e-29 4.6347750871453e-29 4.5497458819537e-29 4.4241388374666e-29 4.2682829567171e-29
 1  31 5.8376669951327e-29 5.8376669951327e-29 5.8376669951327e-29 5.8376669951327e-29 5.8400364908174e-29 5.8155200044785e-29 5.7115950191200e-29 5.5506197758370e-29 5.3543735330351e-29
1.37892995 1.37902504 1.37912012  7252.0  7251.0  1
1.0000000000000 
 1   1 5.2407161069981e-34 5.6558304575540e-34 5.9044925121460e-34 6.0157617768235e-34 6.0211823669842e-34 6.0211782343869e-34 6.0211782343869e-34 6.0211782343869e-34 6.0211782343869e-34
 1   2 8.7455301149690e-34 9.4403115611523e-34 9.8578581748239e-34 1.0045663601177e-33 1.0047068684268e-33 1.0036572805412e-33 1.0036572805412e-33 1.0036572805412e-33 1.0036572805412e-33
 1   3 1.3394185074124e-33 1.4460731302434e-33 1.5103606407834e-33 1.5391527218679e-33 1.5396309092964e-33 1.5318781567107e-33 1.5318781567107e-33 1.5318781567107e-33 1.5318781567107e-33
 1   4 2.1183227374443e-33 2.2853784844534e-33 2.3857078456511e-33 2.4300125950755e-33 2.4298348015550e-33 2.4013470633048e-33 2.4013470633048e-33 2.4013470633048e-33 2.4013470633048e-33
 1   5 3.4304785921253e-33 3.6157919704546e-33 3.7751757801146e-33 3.8460595588371e-33 3.8463049432829e-33 3.7920452260749e-33 3.7774026072254e-33 3.7774026072254e-33 3.7774026072254e-33
 1   6 5.6230631851828e-33 5.7696583509899e-33 6.0247409924603e-33 6.1389233709114e-33 6.1399067454043e-33 6.0537694581119e-33 5.9843036194500e-33 5.9843036194500e-33 5.9843036194500e-33
 1   7 9.0398593904065e-33 9.0942260041320e-33 9.4932482962026e-33 9.6677798199410e-33 9.6653729952577e-33 9.5270540443643e-33 9.3258365948104e-33 9.3258365948104e-33 9.3258365948104e-33
 1   8 1.4557050207515e-32 1.4557050207515e-32 1.4998058953745e-32 1.5275638720380e-32 1.5271642039587e-32 1.5055271733167e-32 1.4676934468251e-32 1.4596003151565e-32 1.4596003151565e-32
 1   9 2.3442390130822e-32 2.3442390130822e-32 2.3769052664075e-32 2.4214767795813e-32 2.4212948718305e-32 2.3870641824609e-32 2.3273694936535e-32 2.2901808196869e-32 2.2901808196869e-32
 1  10 3.7523842670833e-32 3.7523842670833e-32 3.7646270407471e-32 3.8340349863122e-32 3.8325000845636e-32 3.7767907624158e-32 3.6816577107302e-32 3.5786606018376e-32 3.5786606018376e-32
 1  11 5.9932426662409e-32 5.9932426662409e-32 5.9932426662409e-32 6.0648843449461e-32 6.0626538444154e-32 5.9742913463169e-32 5.8235917950471e-32 5.6268522442859e-32 5.5915016026736e-32
 1  12 9.5350835524012e-32 9.5350835524012e-32 9.5350835524012e-32 9.6077714210787e-32 9.6024464316694e-32 9.4608851734830e-32 9.2203966617200e-32 8.9078462320214e-32 8.8022686191551e-32
 1  13 1.4985394765356e-31 1.4985394765356e-31 1.4987530638592e-31 1.5250191324800e-31 1.5232279141882e-31 1.5000094322213e-31 1.4613964411372e-31 1.4117294538262e-31 1.4117294538262e-31
 1  14 2.3488389575758e-31 2.3488389575758e-31 2.3683002069491e-31 2.4106981722935e-31 2.4086027360637e-31 2.3726876220641e-31 2.3119044548752e-31 2.2622600370558e-31 2.2622600370558e-31
 1  15 3.6721888686355e-31 3.6721888686355e-31 3.7515533101267e-31 3.8180902870640e-31 3.8143056654521e-31 3.7574324275729e-31 3.6605961433477e-31 3.6232593864802e-31 3.6232593864802e-31
 1  16 5.7232896832779e-31 5.7232896832779e-31 5.9578797994873e-31 6.0591801410593e-31 6.0496233719871e-31 5.9571368870576e-31 5.8008093039350e-31 5.7981432827473e-31 5.7981432827473e-31
 1  17 8.8899967029525e-31 9.0312196538648e-31 9.4167451255107e-31 9.5802648532694e-31 9.5688014323602e-31 9.4240529387909e-31 9.2706565683815e-31 9.2706565683815e-31 9.2706565683815e-31
 1  18 1.3755617966204e-30 1.4300840457980e-30 1.4909450307129e-30 1.5167090456965e-30 1.5149597220234e-30 1.4918510077190e-30 1.4807589489851e-30 1.4807589489851e-30 1.4807589489851e-30
 1  19 2.1195692228377e-30 2.2718988086139e-30 2.3667472848722e-30 2.4061148727998e-30 2.4023594974874e-30 2.3644886430067e-30 2.3628410701246e-30 2.3628410701246e-30 2.3628410701246e-30
 1  20 3.3328597607395e-30 3.5900090241345e-30 3.7412547100796e-30 3.8050345885270e-30 3.8004063381294e-30 3.7681255705439e-30 3.7681255705439e-30 3.7681255705439e-30 3.7681255705439e-30
 1  21 5.2753489410666e-30 5.6821376949257e-30 5.9209891192162e-30 6.0214805325956e-30 6.0152641423103e-30 5.9984498711161e-30 5.9984498711161e-30 5.9984498711161e-30 5.9984498711161e-30
 1  22 8.3128086641563e-30 8.9634998945116e-30 9.3493531880222e-30 9.5137591444818e-30 9.5079625467391e-30 9.4827185704563e-30 9.4827185704563e-30 9.4827185704563e-30 9.4827185704563e-30
 1  23 1.3509468696825e-29 1.4196778927197e-29 1.4802243153464e-29 1.5063868699347e-29 1.5044923868152e-29 1.4822045625338e-29 1.4756610650844e-29 1.4756610650844e-29 1.4756610650844e-29
 1  24 1.7554347391112e-29 1.7855850219273e-29 1.8615251919509e-29 1.8942754801919e-29 1.8928672943834e-29 1.8651880699639e-29 1.8363234958489e-29 1.8363234958489e-29 1.8363234958489e-29
 1  25 2.2651053164300e-29 2.2651053164300e-29 2.3468214707274e-29 2.3853483450954e-29 2.3823407346533e-29 2.3472769230666e-29 2.2861548279425e-29 2.2801603709906e-29 2.2801603709906e-29
 1  26 2.9071524315271e-29 2.9071524315271e-29 2.9463613559293e-29 2.9970984756814e-29 2.9929787911597e-29 2.9488828195237e-29 2.8734591899297e-29 2.8268381435806e-29 2.8268381435806e-29
 1  27 3.7102808665174e-29 3.7102808665174e-29 3.7140869855700e-29 3.7782938787972e-29 3.7685775622278e-29 3.7110494329358e-29 3.6162533555137e-29 3.4959787295602e-29 3.4959787295602e-29
 1  28 4.7087235747725e-29 4.7087235747725e-29 4.7087235747725e-29 4.7410722765274e-29 4.7351358984004e-29 4.6619589864572e-29 4.5428588768432e-29 4.3855374837766e-29 4.3224777225725e-29
 1  29 5.9643426298123e-29 5.9643426298123e-29 5.9643426298123e-29 5.9653675856546e-29 5.9537560336493e-29 5.8654316826935e-29 5.7170772990773e-29 5.5178254018559e-29 5.3376877574794e-29
 1  30 7.5069745985207e-29 7.5069745985207e-29 7.5069745985207e-29 7.5069745985207e-29 7.4828204277526e-29 7.3719187611706e-29 7.1862314292887e-29 6.9386416997287e-29 6.6494801704660e-29
 1  31 9.4339258876316e-29 9.4339258876316e-29 9.4339258876316e-29 9.4339258876316e-29 9.3973193760668e-29 9.2564081098326e-29 9.0212809525721e-29 8.7171537439352e-29 8.3589747095561e-29
1.37912012 1.37921523 1.37931034  7251.0  7250.0  1
1.0000000000000 
 1   1 8.3473534441470e-34 8.8206735913453e-34 9.0661700763848e-34 9.1209894391064e-34 9.0507490598699e-34 9.0507077338967e-34 9.0507077338967e-34 9.0507077338967e-34 9.0507077338967e-34
 1   2 1.3932190471396e-33 1.4731469691948e-33 1.5139391945622e-33 1.5233050376379e-33 1.5091247186761e-33 1.5042764473274e-33 1.5042764473274e-33 1.5042764473274e-33 1.5042764473274e-33
 1   3 2.1342367269026e-33 2.2567281973750e-33 2.3199067942989e-33 2.3344588633491e-33 2.3123404677705e-33 2.2897768537064e-33 2.2897768537064e-33 2.2897768537064e-33 2.2897768537064e-33
 1   4 3.3745735501681e-33 3.5654033030806e-33 3.6637319361589e-33 3.6850208735363e-33 3.6479505571572e-33 3.5802266541865e-33 3.5802266541865e-33 3.5802266541865e-33 3.5802266541865e-33
 1   5 5.4360089731884e-33 5.6417601575166e-33 5.7980917226264e-33 5.8332647176549e-33 5.7748521993106e-33 5.6493777282519e-33 5.6183395346024e-33 5.6183395346024e-33 5.6183395346024e-33
 1   6 8.8487688246849e-33 9.0040339960133e-33 9.2536178953158e-33 9.3120436379715e-33 9.2194624375847e-33 9.0176440165439e-33 8.8806864350456e-33 8.8806864350456e-33 8.8806864350456e-33
 1   7 1.4135707481774e-32 1.4190287153850e-32 1.4580120753517e-32 1.4663075389855e-32 1.4511579147289e-32 1.4187060421857e-32 1.3809967711585e-32 1.3809967711585e-32 1.3809967711585e-32
 1   8 2.2631249070244e-32 2.2631249070244e-32 2.3035913000515e-32 2.3170504164948e-32 2.2933910947590e-32 2.2420040653392e-32 2.1716633650068e-32 2.1570557905827e-32 2.1570557905827e-32
 1   9 3.6251305383879e-32 3.6251305383879e-32 3.6511271837035e-32 3.6734101484913e-32 3.6364035292123e-32 3.5553296838360e-32 3.4432568769343e-32 3.3780539685357e-32 3.3780539685357e-32
 1  10 5.7742792192830e-32 5.7742792192830e-32 5.7816854214403e-32 5.8155043939135e-32 5.7550022874238e-32 5.6250325790308e-32 5.4454311481574e-32 5.2690170702162e-32 5.2690170702162e-32
 1  11 9.1808900598304e-32 9.1808900598304e-32 9.1808900598304e-32 9.1994299567316e-32 9.1040809079590e-32 8.8983329562402e-32 8.6133613872534e-32 8.2778717730457e-32 8.2184458316342e-32
 1  12 1.4576540197725e-31 1.4576540197725e-31 1.4576540197725e-31 1.4572537639460e-31 1.4419222613260e-31 1.4090899988109e-31 1.3637543555344e-31 1.3103380114421e-31 1.2927356888352e-31
 1  13 2.3008783178645e-31 2.3008783178645e-31 2.3009740031047e-31 2.3125347549461e-31 2.2867850809936e-31 2.2337079845709e-31 2.1609994271929e-31 2.0768077006006e-31 2.0768077006006e-31
 1  14 3.6235076508871e-31 3.6235076508871e-31 3.6371116470092e-31 3.6564586383316e-31 3.6168110946694e-31 3.5336260614391e-31 3.4197723805958e-31 3.3339246175621e-31 3.3339246175621e-31
 1  15 5.6940979267673e-31 5.6940979267673e-31 5.7616089183238e-31 5.7911067735633e-31 5.7277875948619e-31 5.5955247320893e-31 5.4157808313006e-31 5.3496178966657e-31 5.3496178966657e-31
 1  16 8.9241067278269e-31 8.9241067278269e-31 9.1476791705849e-31 9.1878491039367e-31 9.0826743329844e-31 8.8689327845812e-31 8.5825033675005e-31 8.5776311785152e-31 8.5776311785152e-31
 1  17 1.3946328288890e-30 1.4091441655906e-30 1.4462196335737e-30 1.4530669351870e-30 1.4368012907163e-30 1.4035146761247e-30 1.3743359911113e-30 1.3743359911113e-30 1.3743359911113e-30
 1  18 2.1723378225230e-30 2.2314868174654e-30 2.2898219941589e-30 2.3005475807740e-30 2.2746537912140e-30 2.2222863642408e-30 2.2000061383549e-30 2.2000061383549e-30 2.2000061383549e-30
 1  19 3.3718515666331e-30 3.5441233670512e-30 3.6338780971489e-30 3.6488390369298e-30 3.6060235830119e-30 3.5223370368717e-30 3.5187567631978e-30 3.5187567631978e-30 3.5187567631978e-30
 1  20 5.3094642321557e-30 5.6010221900297e-30 5.7436482109991e-30 5.7710099579044e-30 5.7056712799083e-30 5.6228589254069e-30 5.6228589254069e-30 5.6228589254069e-30 5.6228589254069e-30
 1  21 8.4009244730104e-30 8.8615219039563e-30 9.0922024199945e-30 9.1357705664551e-30 9.0340671713802e-30 8.9745717347427e-30 8.9745717347427e-30 8.9745717347427e-30 8.9745717347427e-30
 1  22 1.3243243488567e-29 1.3991774217047e-29 1.4364825342642e-29 1.4437748874427e-29 1.4283093690627e-29 1.4190429376912e-29 1.4190429376912e-29 1.4190429376912e-29 1.4190429376912e-29
 1  23 2.1404109821806e-29 2.2166939075490e-29 2.2749319225814e-29 2.2855579401230e-29 2.2603323203600e-29 2.2084236935339e-29 2.1942678075161e-29 2.1942678075161e-29 2.1942678075161e-29
 1  24 2.7563072788251e-29 2.7875985246699e-29 2.8610369417884e-29 2.8748606048908e-29 2.8428215565597e-29 2.7776086658631e-29 2.7220907259506e-29 2.7220907259506e-29 2.7220907259506e-29
 1  25 3.5285732883096e-29 3.5285732883096e-29 3.6015512878008e-29 3.6199412104307e-29 3.5783251745246e-29 3.4949591903959e-29 3.3818791164909e-29 3.3709542788813e-29 3.3709542788813e-29
 1  26 4.4951051429456e-29 4.4951051429456e-29 4.5237849481565e-29 4.5463923564380e-29 4.4971553555567e-29 4.3937922000742e-29 4.2519853764158e-29 4.1687499944115e-29 4.1687499944115e-29
 1  27 5.7009831451264e-29 5.7009831451264e-29 5.7025425465283e-29 5.7259907436012e-29 5.6674502973822e-29 5.5341476581346e-29 5.3513263507512e-29 5.1497422727377e-29 5.1497422727377e-29
 1  28 7.1929691748285e-29 7.1929691748285e-29 7.1929691748285e-29 7.1876818952781e-29 7.1160457272904e-29 6.9540587689335e-29 6.7243278266359e-29 6.4560277297895e-29 6.3532125615615e-29
 1  29 9.0643501628065e-29 9.0643501628065e-29 9.0643501628065e-29 9.0499183271389e-29 8.9548472028466e-29 8.7467926020731e-29 8.4606818662129e-29 8.1182539295133e-29 7.8282473984875e-29
 1  30 1.1383553196278e-28 1.1383553196278e-28 1.1383553196278e-28 1.1383553196278e-28 1.1256919691316e-28 1.0996100628598e-28 1.0638524049179e-28 1.0213728903583e-28 9.7432639404742e-29
 1  31 1.4228836632975e-28 1.4228836632975e-28 1.4228836632975e-28 1.4228836632975e-28 1.4131155873608e-28 1.3806630659448e-28 1.3356271201252e-28 1.2823409719064e-28 1.2238690165711e-28
