-----------------------------------------------------------------------------------------------
Content :
Spectral range definition: line 1 (3 values)  ==> max, min and step of the wavenumber (in cm-1)
Temperatures definition :  line 2 (1 value)   ==> NT = number of T values
Temperatures definition :  line 3 (NT values) ==> list of T values (in K)
Pressures definition :     line 4 (1 value)   ==> NP = number of P values
Pressures definition :     line 5 (NP values) ==> list of P values (in mbar)
For each spectral range: 
    First line of the block (6 values): 
    --> min, mean and max wavelengths (in microns), min and max wavenumbers (in cm-1)
        of the spectral range, nmaxai (number of exponentials for the CKD expansion) 
    If nmaxai not null, second line of the block (nmaxnai values): 
    --> coefs kdis_ai for nai = 1 to nmaxai 
    If nmaxai not null, following lines of the block : 
    --> for nai = 1 to nmaxai 
    -->     for pressure index ip = 1 to NP 
    -->         line : nai, ip, kdis_ki(T,P,nai) for temperature index it = 1 to IT 
-----------------------------------------------------------------------------------------------
5150 5100  1
9
  160.00  180.00  200.00  220.00  240.00  260.00  280.00  300.00  320.00
31
    0.007    0.011    0.017    0.028    0.044    0.069    0.110    0.174    0.276    0.438    0.694    1.100    1.743    2.763    4.379    6.941   11.000   17.434   27.631   43.792   69.405  110.000  174.338  219.479  276.308  347.851  437.918  551.306  694.053  873.761 1098.900
1.94174757 1.94193612 1.94212468  5150.0  5149.0  0
1.94212468 1.94231331 1.94250194  5149.0  5148.0  0
1.94250194 1.94269064 1.94287935  5148.0  5147.0  0
1.94287935 1.94306812 1.94325690  5147.0  5146.0  0
1.94325690 1.94344575 1.94363460  5146.0  5145.0  0
1.94363460 1.94382352 1.94401244  5145.0  5144.0  0
1.94401244 1.94420144 1.94439043  5144.0  5143.0  0
1.94439043 1.94457950 1.94476857  5143.0  5142.0  0
1.94476857 1.94495772 1.94514686  5142.0  5141.0  0
1.94514686 1.94533608 1.94552529  5141.0  5140.0  0
1.94552529 1.94571458 1.94590387  5140.0  5139.0  0
1.94590387 1.94609324 1.94628260  5139.0  5138.0  0
1.94628260 1.94647204 1.94666148  5138.0  5137.0  0
1.94666148 1.94685099 1.94704050  5137.0  5136.0  0
1.94704050 1.94723008 1.94741967  5136.0  5135.0  0
1.94741967 1.94760933 1.94779899  5135.0  5134.0  0
1.94779899 1.94798872 1.94817845  5134.0  5133.0  0
1.94817845 1.94836826 1.94855807  5133.0  5132.0  0
1.94855807 1.94874795 1.94893783  5132.0  5131.0  0
1.94893783 1.94912778 1.94931774  5131.0  5130.0  0
1.94931774 1.94950777 1.94969780  5130.0  5129.0  0
1.94969780 1.94988790 1.95007800  5129.0  5128.0  0
1.95007800 1.95026818 1.95045836  5128.0  5127.0  0
1.95045836 1.95064861 1.95083886  5127.0  5126.0  0
1.95083886 1.95102918 1.95121951  5126.0  5125.0  0
1.95121951 1.95140991 1.95160031  5125.0  5124.0  0
1.95160031 1.95179078 1.95198126  5124.0  5123.0  0
1.95198126 1.95217181 1.95236236  5123.0  5122.0  0
1.95236236 1.95255298 1.95274360  5122.0  5121.0  0
1.95274360 1.95293430 1.95312500  5121.0  5120.0  0
1.95312500 1.95331577 1.95350654  5120.0  5119.0  0
1.95350654 1.95369739 1.95388824  5119.0  5118.0  0
1.95388824 1.95407916 1.95427008  5118.0  5117.0  0
1.95427008 1.95446108 1.95465207  5117.0  5116.0  0
1.95465207 1.95484314 1.95503421  5116.0  5115.0  0
1.95503421 1.95522536 1.95541650  5115.0  5114.0  0
1.95541650 1.95560772 1.95579894  5114.0  5113.0  0
1.95579894 1.95599024 1.95618153  5113.0  5112.0  0
1.95618153 1.95637290 1.95656427  5112.0  5111.0  1
1.0000000000000 
 1   1 0.0000000000000e+00 0.0000000000000e+00 0.0000000000000e+00 0.0000000000000e+00 0.0000000000000e+00 0.0000000000000e+00 0.0000000000000e+00 0.0000000000000e+00 0.0000000000000e+00
 1   2 0.0000000000000e+00 0.0000000000000e+00 0.0000000000000e+00 0.0000000000000e+00 0.0000000000000e+00 0.0000000000000e+00 0.0000000000000e+00 0.0000000000000e+00 0.0000000000000e+00
 1   3 0.0000000000000e+00 0.0000000000000e+00 0.0000000000000e+00 0.0000000000000e+00 0.0000000000000e+00 0.0000000000000e+00 0.0000000000000e+00 0.0000000000000e+00 0.0000000000000e+00
 1   4 0.0000000000000e+00 0.0000000000000e+00 0.0000000000000e+00 0.0000000000000e+00 0.0000000000000e+00 0.0000000000000e+00 0.0000000000000e+00 0.0000000000000e+00 0.0000000000000e+00
 1   5 0.0000000000000e+00 0.0000000000000e+00 0.0000000000000e+00 0.0000000000000e+00 0.0000000000000e+00 0.0000000000000e+00 0.0000000000000e+00 0.0000000000000e+00 0.0000000000000e+00
 1   6 0.0000000000000e+00 0.0000000000000e+00 0.0000000000000e+00 0.0000000000000e+00 0.0000000000000e+00 0.0000000000000e+00 0.0000000000000e+00 0.0000000000000e+00 0.0000000000000e+00
 1   7 0.0000000000000e+00 0.0000000000000e+00 0.0000000000000e+00 0.0000000000000e+00 0.0000000000000e+00 0.0000000000000e+00 0.0000000000000e+00 0.0000000000000e+00 0.0000000000000e+00
 1   8 0.0000000000000e+00 0.0000000000000e+00 0.0000000000000e+00 0.0000000000000e+00 0.0000000000000e+00 0.0000000000000e+00 0.0000000000000e+00 0.0000000000000e+00 0.0000000000000e+00
 1   9 0.0000000000000e+00 0.0000000000000e+00 0.0000000000000e+00 0.0000000000000e+00 0.0000000000000e+00 0.0000000000000e+00 0.0000000000000e+00 0.0000000000000e+00 0.0000000000000e+00
 1  10 0.0000000000000e+00 0.0000000000000e+00 0.0000000000000e+00 0.0000000000000e+00 0.0000000000000e+00 0.0000000000000e+00 0.0000000000000e+00 0.0000000000000e+00 0.0000000000000e+00
 1  11 0.0000000000000e+00 0.0000000000000e+00 0.0000000000000e+00 0.0000000000000e+00 0.0000000000000e+00 0.0000000000000e+00 0.0000000000000e+00 0.0000000000000e+00 0.0000000000000e+00
 1  12 0.0000000000000e+00 0.0000000000000e+00 0.0000000000000e+00 0.0000000000000e+00 0.0000000000000e+00 0.0000000000000e+00 0.0000000000000e+00 0.0000000000000e+00 0.0000000000000e+00
 1  13 0.0000000000000e+00 0.0000000000000e+00 0.0000000000000e+00 0.0000000000000e+00 0.0000000000000e+00 0.0000000000000e+00 0.0000000000000e+00 0.0000000000000e+00 0.0000000000000e+00
 1  14 0.0000000000000e+00 0.0000000000000e+00 0.0000000000000e+00 0.0000000000000e+00 0.0000000000000e+00 0.0000000000000e+00 0.0000000000000e+00 0.0000000000000e+00 0.0000000000000e+00
 1  15 0.0000000000000e+00 0.0000000000000e+00 0.0000000000000e+00 0.0000000000000e+00 0.0000000000000e+00 0.0000000000000e+00 0.0000000000000e+00 0.0000000000000e+00 0.0000000000000e+00
 1  16 0.0000000000000e+00 0.0000000000000e+00 0.0000000000000e+00 0.0000000000000e+00 0.0000000000000e+00 0.0000000000000e+00 0.0000000000000e+00 0.0000000000000e+00 0.0000000000000e+00
 1  17 0.0000000000000e+00 0.0000000000000e+00 0.0000000000000e+00 0.0000000000000e+00 0.0000000000000e+00 0.0000000000000e+00 0.0000000000000e+00 0.0000000000000e+00 0.0000000000000e+00
 1  18 0.0000000000000e+00 0.0000000000000e+00 0.0000000000000e+00 0.0000000000000e+00 0.0000000000000e+00 0.0000000000000e+00 0.0000000000000e+00 0.0000000000000e+00 0.0000000000000e+00
 1  19 0.0000000000000e+00 0.0000000000000e+00 0.0000000000000e+00 0.0000000000000e+00 0.0000000000000e+00 0.0000000000000e+00 0.0000000000000e+00 0.0000000000000e+00 0.0000000000000e+00
 1  20 0.0000000000000e+00 0.0000000000000e+00 0.0000000000000e+00 0.0000000000000e+00 0.0000000000000e+00 0.0000000000000e+00 0.0000000000000e+00 0.0000000000000e+00 0.0000000000000e+00
 1  21 0.0000000000000e+00 0.0000000000000e+00 0.0000000000000e+00 0.0000000000000e+00 0.0000000000000e+00 0.0000000000000e+00 0.0000000000000e+00 0.0000000000000e+00 0.0000000000000e+00
 1  22 0.0000000000000e+00 0.0000000000000e+00 0.0000000000000e+00 0.0000000000000e+00 0.0000000000000e+00 0.0000000000000e+00 0.0000000000000e+00 0.0000000000000e+00 0.0000000000000e+00
 1  23 0.0000000000000e+00 0.0000000000000e+00 0.0000000000000e+00 0.0000000000000e+00 0.0000000000000e+00 0.0000000000000e+00 0.0000000000000e+00 0.0000000000000e+00 0.0000000000000e+00
 1  24 0.0000000000000e+00 0.0000000000000e+00 0.0000000000000e+00 0.0000000000000e+00 0.0000000000000e+00 0.0000000000000e+00 0.0000000000000e+00 0.0000000000000e+00 0.0000000000000e+00
 1  25 0.0000000000000e+00 0.0000000000000e+00 0.0000000000000e+00 0.0000000000000e+00 0.0000000000000e+00 0.0000000000000e+00 0.0000000000000e+00 0.0000000000000e+00 0.0000000000000e+00
 1  26 0.0000000000000e+00 0.0000000000000e+00 0.0000000000000e+00 0.0000000000000e+00 0.0000000000000e+00 0.0000000000000e+00 0.0000000000000e+00 0.0000000000000e+00 0.0000000000000e+00
 1  27 0.0000000000000e+00 0.0000000000000e+00 0.0000000000000e+00 0.0000000000000e+00 0.0000000000000e+00 0.0000000000000e+00 0.0000000000000e+00 0.0000000000000e+00 0.0000000000000e+00
 1  28 0.0000000000000e+00 0.0000000000000e+00 0.0000000000000e+00 0.0000000000000e+00 0.0000000000000e+00 0.0000000000000e+00 0.0000000000000e+00 0.0000000000000e+00 0.0000000000000e+00
 1  29 0.0000000000000e+00 0.0000000000000e+00 0.0000000000000e+00 0.0000000000000e+00 0.0000000000000e+00 0.0000000000000e+00 0.0000000000000e+00 0.0000000000000e+00 0.0000000000000e+00
 1  30 0.0000000000000e+00 0.0000000000000e+00 0.0000000000000e+00 0.0000000000000e+00 0.0000000000000e+00 0.0000000000000e+00 0.0000000000000e+00 0.0000000000000e+00 0.0000000000000e+00
 1  31 0.0000000000000e+00 0.0000000000000e+00 0.0000000000000e+00 0.0000000000000e+00 5.8398357920605e-37 0.0000000000000e+00 0.0000000000000e+00 0.0000000000000e+00 2.9081093220272e-37
1.95656427 1.95675572 1.95694716  5111.0  5110.0  1
1.0000000000000 
 1   1 8.6749483381724e-40 5.5157461737245e-39 1.7091216979830e-39 1.2943181547539e-38 3.1127743437279e-39 3.1140761500013e-39 3.1140761500013e-39 3.1140761500013e-39 3.1140761500013e-39
 1   2 9.0726228293632e-40 7.3442080541233e-39 2.4228422422207e-39 1.6511295215564e-38 1.2812332500836e-38 5.0586874562126e-39 5.0586874562126e-39 5.0586874562126e-39 5.0586874562126e-39
 1   3 3.3968259502374e-39 6.2399176019091e-39 8.3756253809988e-39 1.3957553479895e-38 2.4956710865280e-38 7.5109597687810e-39 7.5109597687810e-39 7.5109597687810e-39 7.5109597687810e-39
 1   4 8.3561361219570e-39 3.5057026370200e-39 2.0185604886408e-38 8.3183823387311e-39 4.7175727341583e-38 1.1490647407463e-38 1.1490647407463e-38 1.1490647407463e-38 1.1490647407463e-38
 1   5 1.8917529268385e-39 4.8563049255025e-39 2.6945840022404e-38 1.1442455351977e-38 5.9694557879066e-38 4.3768767200852e-38 1.7642347665849e-38 1.7642347665849e-38 1.7642347665849e-38
 1   6 2.4662852972117e-38 1.3516794666120e-38 1.2843298394301e-38 1.9046392675164e-39 5.3779733113090e-38 8.9207915802342e-38 2.7297294085047e-38 2.7297294085047e-38 2.7297294085047e-38
 1   7 3.7975188383203e-38 3.3154727271119e-38 1.1793784699057e-38 8.2534797990575e-40 3.0340861100219e-38 1.6868110085612e-37 4.1604551405804e-38 4.1604551405804e-38 4.1604551405804e-38
 1   8 5.8686379685923e-38 5.8686379685923e-38 2.0670238355101e-38 5.0849831021553e-38 1.6125372013295e-39 2.2299741357198e-37 1.5451711229036e-37 6.3717041172849e-38 6.3717041172849e-38
 1   9 9.0874211016658e-38 9.0874211016658e-38 4.7532923925333e-38 4.8761447894201e-38 6.5527266555034e-39 2.0391439656015e-37 3.1454892818838e-37 9.7908723702375e-38 9.7908723702375e-38
 1  10 1.4012984643248e-37 1.4012984643248e-37 1.1883892113949e-37 4.1736228619899e-38 3.5598375992938e-39 1.0628963197858e-37 6.0001169830332e-37 1.4993893568276e-37 1.4993893568276e-37
 1  11 2.1598213230638e-37 2.1598213230638e-37 2.1598213230638e-37 7.5326552321251e-38 1.8946147146143e-37 5.0927908569389e-39 8.3065161433352e-37 5.4395702439573e-37 2.2977090919534e-37
 1  12 3.3799318959515e-37 3.3799318959515e-37 3.3799318959515e-37 1.1739528104077e-37 2.4437656461628e-37 1.4558358795176e-38 1.0707053861847e-36 9.7376145086985e-37 3.5842412120500e-37
 1  13 5.5000960240594e-37 5.5000960240594e-37 5.4557459365984e-37 1.9120827407512e-37 7.3863983482872e-40 1.1334205325868e-37 2.5501775610506e-36 5.8595297527820e-37 5.8595297527820e-37
 1  14 8.9414052411638e-37 8.9414052411638e-37 5.9633500502379e-37 3.3371978979834e-37 4.9878512583216e-38 1.3940163758316e-36 3.4125607607505e-36 9.5777346496059e-37 9.5777346496059e-37
 1  15 1.4524319125504e-36 1.4524319125504e-36 5.0844076729539e-37 1.0283097625595e-36 6.8610218464844e-38 4.5008766795207e-36 4.3443312381500e-36 1.5657828332257e-36 1.5657828332257e-36
 1  16 2.3564374881725e-36 2.3564374881725e-36 8.3533163731351e-37 8.4572106591499e-37 5.5528287349859e-39 1.0986185700025e-35 2.9738493225047e-36 2.5595277418694e-36 2.5595277418694e-36
 1  17 3.8178656023391e-36 2.6417206902970e-36 1.3466017271019e-36 2.0162463002789e-37 5.6247942785457e-36 1.5140216570980e-35 4.1837306856520e-36 4.1837306856520e-36 4.1837306856520e-36
 1  18 6.1747798458804e-36 2.2657522674771e-36 4.3111549476981e-36 3.2086329117251e-37 1.8880575884421e-35 1.0943580486991e-35 7.0064923216241e-45 7.0064923216241e-45 7.0064923216241e-45
 1  19 9.9673096132521e-36 7.1036779528981e-36 3.1094310697998e-37 5.9850399083881e-38 4.6666778474675e-35 8.0079483627196e-36 1.1210387714599e-44 1.1210387714599e-44 1.1210387714599e-44
 1  20 6.3619958318410e-36 4.3719484677321e-35 1.4888770121542e-34 9.6640696658962e-35 8.1132879816017e-36 1.8216880036223e-44 1.8216880036223e-44 1.8216880036223e-44 1.8216880036223e-44
 1  21 1.9674488726453e-36 1.5293687747371e-34 2.3232660908306e-34 8.6209825854908e-35 1.1361178011966e-35 2.9427267750821e-44 2.9427267750821e-44 2.9427267750821e-44 2.9427267750821e-44
 1  22 2.5562034404014e-35 1.2629158599532e-35 2.7445764101207e-35 1.1197413080907e-35 1.0013627706697e-33 1.6533886404132e-33 1.6533886404132e-33 1.6533886404132e-33 1.6533886404132e-33
 1  23 2.6283165175961e-34 2.3806763624876e-34 2.5721643922365e-33 8.3177814960292e-34 1.7102725339651e-34 1.8227239281079e-33 2.4121504074018e-33 2.4121504074018e-33 2.4121504074018e-33
 1  24 3.1901254458836e-34 3.1964409729544e-34 1.3633953779268e-33 2.7600750620681e-33 1.5705138320807e-34 1.5990615159510e-33 4.8362221642309e-33 4.8362221642309e-33 4.8362221642309e-33
 1  25 4.1941675745510e-35 4.1941675745510e-35 6.5918118650890e-34 9.2500402369331e-35 4.7776438828161e-34 2.5393231004555e-34 5.2805311108509e-33 5.8307003032602e-33 5.8307003032602e-33
 1  26 5.0866194734817e-35 5.0866194734817e-35 4.2159770699588e-34 4.5555636125870e-34 3.0520225379950e-34 3.2978556001279e-34 4.5980585598887e-33 9.5664793902070e-33 9.5664793902070e-33
 1  27 0.0000000000000e+00 0.0000000000000e+00 7.9366474269955e-35 1.4231724799085e-33 2.7690991852626e-33 4.4681013411231e-32 2.1325565046649e-33 3.8325897160079e-32 3.8325897160079e-32
 1  28 5.9937328473852e-32 5.9937328473852e-32 5.9937328473852e-32 2.2138289351180e-32 9.1547123516506e-34 1.1517209877674e-33 2.3625933288127e-32 1.3837330281337e-32 0.0000000000000e+00
 1  29 2.2436072926970e-31 2.2436072926970e-31 2.2436072926970e-31 2.2558310233523e-31 1.9439488621921e-31 4.4230901930622e-32 2.8996665590646e-32 1.2944951687795e-31 8.4812652095797e-32
 1  30 0.0000000000000e+00 0.0000000000000e+00 0.0000000000000e+00 0.0000000000000e+00 1.7982049067420e-34 1.2810083694442e-31 3.5995788176840e-32 8.0919946303808e-35 1.2679027829269e-31
 1  31 0.0000000000000e+00 0.0000000000000e+00 0.0000000000000e+00 0.0000000000000e+00 1.9436979174515e-36 3.7881845352848e-32 2.0869985313256e-31 3.7223086563703e-31 2.1211259535164e-31
1.95694716 1.95713868 1.95733020  5110.0  5109.0  1
1.0000000000000 
 1   1 1.1381943309084e-34 1.0364024894344e-34 9.3868033797271e-35 8.4893926509897e-35 7.7095824408293e-35 7.7092305960846e-35 7.7092305960846e-35 7.7092305960846e-35 7.7092305960846e-35
 1   2 1.9022249069415e-34 1.7327049610228e-34 1.5694177754341e-34 1.4191286415884e-34 1.2798923688828e-34 1.2459644335935e-34 1.2459644335935e-34 1.2459644335935e-34 1.2459644335935e-34
 1   3 2.9169081867401e-34 2.6570027123535e-34 2.4067202204318e-34 2.1750516356375e-34 1.9631545443999e-34 1.8468312279858e-34 1.8468312279858e-34 1.8468312279858e-34 1.8468312279858e-34
 1   4 4.5993714401417e-34 4.1868229733485e-34 3.7910806319410e-34 3.4232425060410e-34 3.0921748536252e-34 2.8143997988074e-34 2.8143997988074e-34 2.8143997988074e-34 2.8143997988074e-34
 1   5 7.1404710982704e-34 6.6333743147627e-34 6.0069823033908e-34 5.4238044030910e-34 4.8981637370215e-34 4.4156637136273e-34 4.3099284559483e-34 4.3099284559483e-34 4.3099284559483e-34
 1   6 1.1064609655119e-33 1.0598438901296e-33 9.5967478187277e-34 8.6655707851742e-34 7.8202085126505e-34 7.0556229058376e-34 6.6546953027282e-34 6.6546953027282e-34 6.6546953027282e-34
 1   7 1.6868384341918e-33 1.6665855848821e-33 1.5084928904625e-33 1.3619842336928e-33 1.2281170084758e-33 1.1088200357372e-33 1.0118028135439e-33 1.0118028135439e-33 1.0118028135439e-33
 1   8 2.5836148092395e-33 2.5836148092395e-33 2.3851245065795e-33 2.1534542228286e-33 1.9416029575035e-33 1.7527127702699e-33 1.5801858317417e-33 1.5465850604074e-33 1.5465850604074e-33
 1   9 3.9683881131394e-33 3.9683881131394e-33 3.7853096434447e-33 3.4171356292175e-33 3.0813567699311e-33 2.7797541231978e-33 2.5081335619083e-33 2.3722357620357e-33 2.3722357620357e-33
 1  10 6.0739868589201e-33 6.0739868589201e-33 5.9840534595585e-33 5.4002548431402e-33 4.8693409828814e-33 4.3894821483566e-33 3.9633852826507e-33 3.6269499832378e-33 3.6269499832378e-33
 1  11 9.2983792508271e-33 9.2983792508271e-33 9.2983792508271e-33 8.5447749653028e-33 7.7042627090022e-33 6.9433137878371e-33 6.2689216585108e-33 5.6541851328048e-33 5.5494037704244e-33
 1  12 1.4506239464200e-32 1.4506239464200e-32 1.4506239464200e-32 1.3531590078159e-32 1.2198060062761e-32 1.0992373139538e-32 9.9204971463724e-33 8.9499987247579e-33 8.6508655345164e-33
 1  13 2.3760568533598e-32 2.3760568533598e-32 2.3741785603240e-32 2.1414153974346e-32 1.9302065397723e-32 1.7389321561216e-32 1.5701633465014e-32 1.4162908421052e-32 1.4162908421052e-32
 1  14 3.8903317617618e-32 3.8903317617618e-32 3.7639223318838e-32 3.3955952829859e-32 3.0603213719915e-32 2.7585114341763e-32 2.4886443798504e-32 2.3186445337713e-32 2.3186445337713e-32
 1  15 6.3689447666959e-32 6.3689447666959e-32 5.9628390926040e-32 5.3797057325199e-32 4.8475144772437e-32 4.3717563547618e-32 3.9403840173462e-32 3.7971544388023e-32 3.7971544388023e-32
 1  16 1.0422184470181e-31 1.0422184470181e-31 9.4383750444119e-32 8.5138510884789e-32 7.6689186795457e-32 6.9197908234460e-32 6.2306025997891e-32 6.2189463978064e-32 6.2189463978064e-32
 1  17 1.7046598248647e-31 1.6548249769605e-31 1.4965386676011e-31 1.3498881066227e-31 1.2165687095276e-31 1.0968935104613e-31 1.0186725898746e-31 1.0186725898746e-31 1.0186725898746e-31
 1  18 2.7860838296692e-31 2.6212402601726e-31 2.3708075363994e-31 2.1381287740045e-31 1.9280279667046e-31 1.7340263773853e-31 1.6643368421485e-31 1.6643368421485e-31 1.6643368421485e-31
 1  19 4.5500551027957e-31 4.1627259526178e-31 3.7534994585739e-31 3.3832149764830e-31 3.0522152804977e-31 2.7397488986451e-31 2.7266759908708e-31 2.7266759908708e-31 2.7266759908708e-31
 1  20 7.2397140712624e-31 6.5929415629146e-31 5.9521725393152e-31 5.3739600336825e-31 4.8268558105499e-31 4.4673242805825e-31 4.4673242805825e-31 4.4673242805825e-31 4.4673242805825e-31
 1  21 1.1501422290592e-30 1.0433016415525e-30 9.4374836670457e-31 8.5038627954305e-31 7.6417980265318e-31 7.3196161838697e-31 7.3196161838697e-31 7.3196161838697e-31 7.3196161838697e-31
 1  22 1.8215738817404e-30 1.6546091091779e-30 1.4963339670148e-30 1.3495290166084e-30 1.2123646245115e-30 1.1596554578207e-30 1.1596554578207e-30 1.1596554578207e-30 1.1596554578207e-30
 1  23 2.8051306937740e-30 2.6190826638016e-30 2.3731961409203e-30 2.1393495013779e-30 1.9209052232550e-30 1.7248222331084e-30 1.6783798619007e-30 1.6783798619007e-30 1.6783798619007e-30
 1  24 3.3887489687878e-30 3.2878223403799e-30 2.9845107555513e-30 2.6921976601063e-30 2.4206863007726e-30 2.1746833569308e-30 2.0268876058460e-30 2.0268876058460e-30 2.0268876058460e-30
 1  25 4.0813351939646e-30 4.0813351939646e-30 3.7608420194671e-30 3.4068060666492e-30 3.0368296581177e-30 2.7474387475893e-30 2.4655442936746e-30 2.4389350512330e-30 2.4389350512330e-30
 1  26 4.9199810120898e-30 4.9199810120898e-30 4.7114216070223e-30 4.2802653254684e-30 3.8430856227817e-30 3.4517761546924e-30 3.1085613326704e-30 2.9235830965968e-30 2.9235830965968e-30
 1  27 6.0534001883165e-30 6.0534001883165e-30 6.0196008701089e-30 5.4120617552536e-30 4.8115109072943e-30 4.3584381448263e-30 3.8842267965859e-30 3.5420853419656e-30 3.5420853419656e-30
 1  28 7.2798451662808e-30 7.2798451662808e-30 7.2798451662808e-30 6.8227557866359e-30 6.1480972609024e-30 5.5055491030932e-30 4.8732941380571e-30 4.4284110917511e-30 4.3035235626542e-30
 1  29 8.8841899489385e-30 8.8841899489385e-30 8.8841899489385e-30 8.6983091212825e-30 7.7602668862755e-30 6.7361716939408e-30 6.0021753418523e-30 5.6505595908434e-30 5.2040173107513e-30
 1  30 1.0775408767660e-29 1.0775408767660e-29 1.0775408767660e-29 1.0775408767660e-29 9.9195510791315e-30 8.8871789019342e-30 7.5845626423530e-30 6.9158496730064e-30 6.4266273559455e-30
 1  31 1.3227669034775e-29 1.3227669034775e-29 1.3227669034775e-29 1.3227669034775e-29 1.2672500168079e-29 1.1196423072034e-29 9.7691005916047e-30 8.4109859523370e-30 7.7798293692223e-30
1.95733020 1.95752180 1.95771339  5109.0  5108.0  1
1.0000000000000 
 1   1 5.8647998331741e-34 5.2670967716244e-34 4.7207265381848e-34 4.2294745920067e-34 3.8228428566422e-34 3.8226598744161e-34 3.8226598744161e-34 3.8226598744161e-34 3.8226598744161e-34
 1   2 9.8077462996354e-34 8.8100381225353e-34 7.8969591102096e-34 7.0752215190727e-34 6.3439593403956e-34 6.1680971203179e-34 6.1680971203179e-34 6.1680971203179e-34 6.1680971203179e-34
 1   3 1.5043749868148e-33 1.3513251631603e-33 1.2112921945667e-33 1.0852113337268e-33 9.7286493051495e-34 9.1289102506500e-34 9.1289102506500e-34 9.1289102506500e-34 9.1289102506500e-34
 1   4 2.3704952957125e-33 2.1285629462789e-33 1.9076726804090e-33 1.7088616881965e-33 1.5317159752245e-33 1.3891966524079e-33 1.3891966524079e-33 1.3891966524079e-33 1.3891966524079e-33
 1   5 3.6665031640910e-33 3.3736669501500e-33 3.0237382612866e-33 2.7087344279410e-33 2.4277402175586e-33 2.1786235772606e-33 2.1246143872861e-33 2.1246143872861e-33 2.1246143872861e-33
 1   6 5.6554899315342e-33 5.3910981094893e-33 4.8311825995438e-33 4.3277591440469e-33 3.8791166640342e-33 3.4804525303986e-33 3.2764855260897e-33 3.2764855260897e-33 3.2764855260897e-33
 1   7 8.5870486808942e-33 8.4738588604856e-33 7.5932894301289e-33 6.8004956323160e-33 6.0950340852715e-33 5.4677355657171e-33 4.9759950546994e-33 4.9759950546994e-33 4.9759950546994e-33
 1   8 1.3104023109831e-32 1.3104023109831e-32 1.2008881144727e-32 1.0755103278244e-32 9.6392035522725e-33 8.6467204475618e-33 7.7676328747711e-33 7.5979025107719e-33 7.5979025107719e-33
 1   9 2.0060751492263e-32 2.0060751492263e-32 1.9061864882076e-32 1.7072120288119e-32 1.5298851795073e-32 1.3724305030137e-32 1.2326733347822e-32 1.1642404617811e-32 1.1642404617811e-32
 1  10 3.0612106334679e-32 3.0612106334679e-32 3.0126218683502e-32 2.6980046257093e-32 2.4172438244239e-32 2.1684016620568e-32 1.9472782442293e-32 1.7783523591765e-32 1.7783523591765e-32
 1  11 4.6733544097202e-32 4.6733544097202e-32 4.6733544097202e-32 4.2697234451104e-32 3.8252076114847e-32 3.4311237181187e-32 3.0810535658569e-32 2.7710286857711e-32 2.7185569689391e-32
 1  12 7.2817801945515e-32 7.2817801945515e-32 7.2817801945515e-32 6.7617967419822e-32 6.0571213802533e-32 5.4320669528829e-32 4.8773538135921e-32 4.3857999857711e-32 4.2361862974079e-32
 1  13 1.1958775404150e-31 1.1958775404150e-31 1.1948673205699e-31 1.0696942168754e-31 9.5801190919699e-32 8.5914730946939e-32 7.7128586583794e-32 6.9413035455604e-32 6.9413035455604e-32
 1  14 1.9636885861772e-31 1.9636885861772e-31 1.8950796828971e-31 1.6963776443171e-31 1.5192798988615e-31 1.3622452558869e-31 1.2228916936407e-31 1.1374160921184e-31 1.1374160921184e-31
 1  15 3.2250221189245e-31 3.2250221189245e-31 3.0023230684691e-31 2.6871215463611e-31 2.4065935811193e-31 2.1574503746489e-31 1.9367423765250e-31 1.8645135383915e-31 1.8645135383915e-31
 1  16 5.2959420034207e-31 5.2959420034207e-31 4.7500621752039e-31 4.2502151759631e-31 3.8063767209570e-31 3.4116774562983e-31 3.0627453588923e-31 3.0568486090309e-31 3.0568486090309e-31
 1  17 8.6956263610553e-31 8.4153527727910e-31 7.5330807858039e-31 6.7406193884061e-31 6.0358113133649e-31 5.4098102603939e-31 5.0127033482059e-31 5.0127033482059e-31 5.0127033482059e-31
 1  18 1.4273111956837e-30 1.3331403684088e-30 1.1932333128926e-30 1.0677346207728e-30 9.5592883916779e-31 8.5696274725793e-31 8.2235431277877e-31 8.2235431277877e-31 8.2235431277877e-31
 1  19 2.3421390159343e-30 2.1096593352626e-30 1.8876714588894e-30 1.6890008765383e-30 1.5118186130389e-30 1.3554773941818e-30 1.3489574442353e-30 1.3489574442353e-30 1.3489574442353e-30
 1  20 3.7304266203571e-30 3.3445970248127e-30 2.9930096737473e-30 2.6772139627548e-30 2.3970601808748e-30 2.2130900487564e-30 2.2130900487564e-30 2.2130900487564e-30 2.2130900487564e-30
 1  21 5.9088907432784e-30 5.2982791683087e-30 4.7407517897476e-30 4.2409944101961e-30 3.7971044215177e-30 3.6313698743229e-30 3.6313698743229e-30 3.6313698743229e-30 3.6313698743229e-30
 1  22 9.3598480015863e-30 8.3944515428379e-30 7.5126389390431e-30 6.7217249624087e-30 6.0167420678477e-30 5.7515795064830e-30 5.7515795064830e-30 5.7515795064830e-30 5.7515795064830e-30
 1  23 1.4412601946957e-29 1.3280295070505e-29 1.1884475838678e-29 1.0634132026126e-29 9.5173085731840e-30 8.5283691254983e-30 8.2943355353343e-30 8.2943355353343e-30 8.2943355353343e-30
 1  24 1.7309657991678e-29 1.6710224333549e-29 1.4955556204834e-29 1.3379310439138e-29 1.1977049874427e-29 1.0730387898261e-29 9.9652663365536e-30 9.9652663365536e-30 9.9652663365536e-30
 1  25 2.0773053296771e-29 2.0773053296771e-29 1.8782121712128e-29 1.6806391432350e-29 1.5027942582720e-29 1.3472987370707e-29 1.2101546199004e-29 1.1973734416120e-29 1.1973734416120e-29
 1  26 2.4927093098452e-29 2.4927093098452e-29 2.3657669037757e-29 2.1162074594577e-29 1.8935600273102e-29 1.6969472559657e-29 1.5228612445863e-29 1.4366345021738e-29 1.4366345021738e-29
 1  27 2.9914181860517e-29 2.9914181860517e-29 2.9739181032414e-29 2.6609559919112e-29 2.3766956534304e-29 2.1347543152854e-29 1.9145251289244e-29 1.7238204486108e-29 1.7238204486108e-29
 1  28 3.5624160904043e-29 3.5624160904043e-29 3.5624160904043e-29 3.3271231226126e-29 2.9798863795831e-29 2.6803422823608e-29 2.4093594252872e-29 2.1650553623050e-29 2.0793874405029e-29
 1  29 4.3038873828578e-29 4.3038873828578e-29 4.3038873828578e-29 4.2108234386794e-29 3.7681680011880e-29 3.3725843980233e-29 3.0191106512395e-29 2.7061268731975e-29 2.4874390326451e-29
 1  30 5.1276049117332e-29 5.1276049117332e-29 5.1276049117332e-29 5.1276049117332e-29 4.7150276851483e-29 4.2322936455141e-29 3.7892439942372e-29 3.4112540620411e-29 3.0773056337747e-29
 1  31 6.1084942731780e-29 6.1084942731780e-29 6.1084942731780e-29 6.1084942731780e-29 5.8752743884155e-29 5.2698914123183e-29 4.7670485575789e-29 4.3028907141115e-29 3.8653696854812e-29
1.95771339 1.95790506 1.95809673  5108.0  5107.0  1
1.0000000000000 
 1   1 1.5698818890728e-33 1.4016078523717e-33 1.2514820709148e-33 1.1185247517937e-33 1.0091968895050e-33 1.0091477575145e-33 1.0091477575145e-33 1.0091477575145e-33 1.0091477575145e-33
 1   2 2.6263451309178e-33 2.3448968858424e-33 2.0936887839549e-33 1.8711620095435e-33 1.6747222098417e-33 1.6275564173699e-33 1.6275564173699e-33 1.6275564173699e-33 1.6275564173699e-33
 1   3 4.0291912931197e-33 3.5971023449604e-33 3.2114362401091e-33 2.8698746833006e-33 2.5683207093803e-33 2.4078214657839e-33 2.4078214657839e-33 2.4078214657839e-33 2.4078214657839e-33
 1   4 6.3468363628192e-33 5.6648542134065e-33 5.0567085375887e-33 4.5183479206174e-33 4.0434246929982e-33 3.6627610512936e-33 3.6627610512936e-33 3.6627610512936e-33 3.6627610512936e-33
 1   5 9.8003836642374e-33 8.9804822320106e-33 8.0160868301288e-33 7.1622305088946e-33 6.4087408340694e-33 5.7439580037191e-33 5.5999503948518e-33 5.5999503948518e-33 5.5999503948518e-33
 1   6 1.5087677173683e-32 1.4352872716249e-32 1.2810221521155e-32 1.1444684263951e-32 1.0239560843332e-32 9.1765326492087e-33 8.6335174419501e-33 8.6335174419501e-33 8.6335174419501e-33
 1   7 2.2869161780011e-32 2.2556640443798e-32 2.0130420103700e-32 1.7982743435606e-32 1.6086700435088e-32 1.4415752847810e-32 1.3108401826288e-32 1.3108401826288e-32 1.3108401826288e-32
 1   8 3.4846354535776e-32 3.4846354535776e-32 3.1839810267093e-32 2.8441032920899e-32 2.5441767900984e-32 2.2796760144208e-32 2.0461602412733e-32 2.0010903184948e-32 2.0010903184948e-32
 1   9 5.3275320035058e-32 5.3275320035058e-32 5.0546486306757e-32 4.5145889100887e-32 4.0382744849053e-32 3.6181783709235e-32 3.2472252676458e-32 3.0657083687277e-32 3.0657083687277e-32
 1  10 8.1202038912642e-32 8.1202038912642e-32 7.9880313064578e-32 7.1337343217787e-32 6.3803958449144e-32 5.7160064378297e-32 5.1296357663033e-32 4.6820031094064e-32 4.6820031094064e-32
 1  11 1.2383891760630e-31 1.2383891760630e-31 1.2383891760630e-31 1.1290011982586e-31 1.0096860531120e-31 9.0446573175362e-32 8.1160920120250e-32 7.2952049277851e-32 7.1562826544162e-32
 1  12 1.9287276209422e-31 1.9287276209422e-31 1.9287276209422e-31 1.7880406954539e-31 1.5987988003105e-31 1.4319646486802e-31 1.2847558454346e-31 1.1546500147958e-31 1.1150543104344e-31
 1  13 3.1705840351424e-31 3.1705840351424e-31 3.1678413717231e-31 2.8280287594908e-31 2.5285755702996e-31 2.2645861052772e-31 2.0317150320064e-31 1.8273536934239e-31 1.8273536934239e-31
 1  14 5.2119529320544e-31 5.2119529320544e-31 5.0249440059798e-31 4.4856168534723e-31 4.0102050904009e-31 3.5911310099824e-31 3.2214246360132e-31 2.9948184774346e-31 2.9948184774346e-31
 1  15 8.5703844909413e-31 8.5703844909413e-31 7.9606132533731e-31 7.1058252647038e-31 6.3521453067305e-31 5.6878847338266e-31 5.1018509589813e-31 4.9101677971701e-31 4.9101677971701e-31
 1  16 1.4093689201105e-30 1.4093689201105e-30 1.2591210878098e-30 1.1238222522675e-30 1.0045456868455e-30 8.9946100578028e-31 8.0675155308233e-31 8.0518485421156e-31 8.0518485421156e-31
 1  17 2.3178318616293e-30 2.2402232795598e-30 1.9972459641375e-30 1.7824756230784e-30 1.5931409109011e-30 1.4263182320957e-30 1.3206782474991e-30 1.3206782474991e-30 1.3206782474991e-30
 1  18 3.8115263266091e-30 3.5489291641156e-30 3.1638970239388e-30 2.8234678414096e-30 2.5233850104243e-30 2.2588987814893e-30 2.1663999773790e-30 2.1663999773790e-30 2.1663999773790e-30
 1  19 6.2676971342906e-30 5.6144559275500e-30 5.0045225658010e-30 4.4655597225026e-30 3.9907453926801e-30 3.5722174939568e-30 3.5547641299940e-30 3.5547641299940e-30 3.5547641299940e-30
 1  20 9.9883699727224e-30 8.9026043970825e-30 7.9354482703107e-30 7.0802887313869e-30 6.3264857696849e-30 5.8339393426790e-30 5.8339393426790e-30 5.8339393426790e-30 5.8339393426790e-30
 1  21 1.5823822599809e-29 1.4103824219358e-29 1.2571141333908e-29 1.1215706445602e-29 1.0021035550139e-29 9.5764203284654e-30 9.5764203284654e-30 9.5764203284654e-30 9.5764203284654e-30
 1  22 2.5071882405186e-29 2.2349154617721e-29 1.9922943305420e-29 1.7776259659689e-29 1.5882327235768e-29 1.5173079459623e-29 1.5173079459623e-29 1.5173079459623e-29 1.5173079459623e-29
 1  23 3.8526726913963e-29 3.5361409892849e-29 3.1524069710295e-29 2.8122877428508e-29 2.5125354044532e-29 2.2485081637444e-29 2.1860492024050e-29 2.1860492024050e-29 2.1860492024050e-29
 1  24 4.6154228013963e-29 4.4495045385404e-29 3.9666143180249e-29 3.5390205554783e-29 3.1614913418360e-29 2.8291597919433e-29 2.6250527457026e-29 2.6250527457026e-29 2.6250527457026e-29
 1  25 5.5283475997364e-29 5.5283475997364e-29 4.9849247992157e-29 4.4471696494094e-29 3.9737863005819e-29 3.5563021656105e-29 3.1875557943677e-29 3.1531899819226e-29 3.1531899819226e-29
 1  26 6.6223642805552e-29 6.6223642805552e-29 6.2779399970976e-29 5.6012837704366e-29 5.0044907428179e-29 4.4779676766326e-29 4.0135194390408e-29 3.7885843632313e-29 3.7885843632313e-29
 1  27 7.9375276727976e-29 7.9375276727976e-29 7.8895647949450e-29 7.0336827313655e-29 6.2860914955872e-29 5.6256425712613e-29 5.0424162154681e-29 4.5514244502709e-29 4.5514244502709e-29
 1  28 9.5122149398710e-29 9.5122149398710e-29 9.5122149398710e-29 8.8631518726350e-29 7.9171543432515e-29 7.0838014470496e-29 6.3511782980578e-29 5.7040580126533e-29 5.4755157302432e-29
 1  29 1.1402652402796e-28 1.1402652402796e-28 1.1402652402796e-28 1.1151056137098e-28 9.9592473540875e-29 8.9147415173141e-29 7.9883637973859e-29 7.1657738403076e-29 6.5767558520597e-29
 1  30 1.3651784688213e-28 1.3651784688213e-28 1.3651784688213e-28 1.3651784688213e-28 1.2506446187348e-28 1.1189453161658e-28 1.0044081558872e-28 9.0233134105165e-29 8.1159759155010e-29
 1  31 1.6359136633411e-28 1.6359136633411e-28 1.6359136633411e-28 1.6359136633411e-28 1.5743154422235e-28 1.4091943939940e-28 1.2617973179308e-28 1.1304442012694e-28 1.0179477443228e-28
1.95809673 1.95828848 1.95848022  5107.0  5106.0  1
1.0000000000000 
 1   1 3.0006359402021e-33 2.6676501656958e-33 2.3754389841417e-33 2.1194798646959e-33 1.9103478484121e-33 1.9102539925351e-33 1.9102539925351e-33 1.9102539925351e-33 1.9102539925351e-33
 1   2 5.0211729760214e-33 4.4637315143424e-33 3.9744606434874e-33 3.5458551993684e-33 3.1701451643265e-33 3.0800820932444e-33 3.0800820932444e-33 3.0800820932444e-33 3.0800820932444e-33
 1   3 7.7036125136894e-33 6.8477637295305e-33 6.0965045552360e-33 5.4384690624595e-33 4.8617392078514e-33 4.5557392938911e-33 4.5557392938911e-33 4.5557392938911e-33 4.5557392938911e-33
 1   4 1.2131078925283e-32 1.0782171974408e-32 9.5984917747997e-33 8.5619195504095e-33 7.6536966154497e-33 6.9289338185067e-33 6.9289338185067e-33 6.9289338185067e-33 6.9289338185067e-33
 1   5 1.8708728746674e-32 1.7095052713535e-32 1.5217231344823e-32 1.3572579566173e-32 1.2131408798385e-32 1.0865892886125e-32 1.0592039436582e-32 1.0592039436582e-32 1.0592039436582e-32
 1   6 2.8761140603780e-32 2.7322973224058e-32 2.4319163449109e-32 2.1688393867657e-32 1.9383312628516e-32 1.7359546289310e-32 1.6328002976689e-32 1.6328002976689e-32 1.6328002976689e-32
 1   7 4.3541198252692e-32 4.2932436177024e-32 3.8212053470937e-32 3.4076026639059e-32 3.0450555207310e-32 2.7270037774705e-32 2.4788804298989e-32 2.4788804298989e-32 2.4788804298989e-32
 1   8 6.6274442029022e-32 6.6274442029022e-32 6.0442256194776e-32 5.3895969297349e-32 4.8159953594679e-32 4.3125058558822e-32 3.8693967951208e-32 3.7839280702405e-32 3.7839280702405e-32
 1   9 1.0123157515242e-31 1.0123157515242e-31 9.5957043838203e-32 8.5554947390983e-32 7.6443961041460e-32 6.8446826119002e-32 6.1407436973821e-32 5.7967676017086e-32 5.7967676017086e-32
 1  10 1.5417423028619e-31 1.5417423028619e-31 1.5162743949053e-31 1.3518167402041e-31 1.2077496807100e-31 1.0812975216124e-31 9.7003856822441e-32 8.8526467805483e-32 8.8526467805483e-32
 1  11 2.3496547506553e-31 2.3496547506553e-31 2.3496547506553e-31 2.1394516753469e-31 1.9112741159201e-31 1.7109952692179e-31 1.5348045352034e-31 1.3793707979851e-31 1.3530756946538e-31
 1  12 3.6583845682760e-31 3.6583845682760e-31 3.6583845682760e-31 3.3883608205532e-31 3.0264660767429e-31 2.7088956984191e-31 2.4295707340959e-31 2.1832143896325e-31 2.1082857936235e-31
 1  13 6.0177684154753e-31 6.0177684154753e-31 6.0124909160378e-31 5.3586607396077e-31 4.7861545537515e-31 4.2838075131254e-31 3.8420141831909e-31 3.4550950454426e-31 3.4550950454426e-31
 1  14 9.8996118737551e-31 9.8996118737551e-31 9.5387341676571e-31 8.5003062197227e-31 7.5910904916215e-31 6.7934282370179e-31 6.0919129567523e-31 5.6626290026003e-31 5.6626290026003e-31
 1  15 1.6292584920476e-30 1.6292584920476e-30 1.5111981401007e-30 1.3465776794319e-30 1.2024374336595e-30 1.0759953367935e-30 9.6479272484982e-31 9.2845603155630e-31 9.2845603155630e-31
 1  16 2.6819123666553e-30 2.6819123666553e-30 2.3899009500805e-30 2.1294516508649e-30 1.9014446791783e-30 1.7014622451316e-30 1.5255732134972e-30 1.5226009995410e-30 1.5226009995410e-30
 1  17 4.4156976971690e-30 4.2641988567604e-30 3.7913917070518e-30 3.3777726727376e-30 3.0157192842097e-30 2.6981763184142e-30 2.4975954166837e-30 2.4975954166837e-30 2.4975954166837e-30
 1  18 7.2709610620960e-30 6.7557341768876e-30 6.0062280702158e-30 5.3505674139825e-30 4.7766692547359e-30 4.2732894717929e-30 4.0975397127291e-30 4.0975397127291e-30 4.0975397127291e-30
 1  19 1.1974772612731e-29 1.0684860719935e-29 9.4989670997293e-30 8.4616341482925e-30 7.5538470690055e-30 6.7575690765495e-30 6.7243701068167e-30 6.7243701068167e-30 6.7243701068167e-30
 1  20 1.9093153379615e-29 1.6945035818855e-29 1.5062692076521e-29 1.3416408664692e-29 1.1975576086629e-29 1.1037535356255e-29 1.1037535356255e-29 1.1037535356255e-29 1.1037535356255e-29
 1  21 3.0250747146095e-29 2.6846566663628e-29 2.3863055924631e-29 2.1253499090890e-29 1.8969612496847e-29 1.8121643597926e-29 1.8121643597926e-29 1.8121643597926e-29 1.8121643597926e-29
 1  22 4.7935884740657e-29 4.2546530903154e-29 3.7820232615786e-29 3.3684349217728e-29 3.0064717359795e-29 2.8712994400530e-29 2.8712994400530e-29 2.8712994400530e-29 2.8712994400530e-29
 1  23 7.3550722908352e-29 6.7314862674980e-29 5.9832961878775e-29 5.3288946835770e-29 4.7561817987943e-29 4.2537286439421e-29 4.1349842295147e-29 4.1349842295147e-29 4.1349842295147e-29
 1  24 8.7953121940502e-29 8.4707418409068e-29 7.5294038582825e-29 6.7054037593730e-29 5.9845227645109e-29 5.3519769539605e-29 4.9640025796355e-29 4.9640025796355e-29 4.9640025796355e-29
 1  25 1.0519280096672e-28 1.0519280096672e-28 9.4627823367296e-29 8.4260554513722e-29 7.5216712495557e-29 6.7264150532131e-29 6.0272531314458e-29 5.9621278103763e-29 5.9621278103763e-29
 1  26 1.2585524870864e-28 1.2585524870864e-28 1.1919083295146e-28 1.0614362054321e-28 9.4725955516494e-29 8.4710993416527e-29 7.5891191217675e-29 7.1618954988821e-29 7.1618954988821e-29
 1  27 1.5049156400131e-28 1.5049156400131e-28 1.4958161025084e-28 1.3333377912744e-28 1.1897817417441e-28 1.0640815905813e-28 9.5327904920612e-29 8.6094124080213e-29 8.6094124080213e-29
 1  28 1.8033778460892e-28 1.8033778460892e-28 1.8033778460892e-28 1.6788368640116e-28 1.4978492826765e-28 1.3401848333386e-28 1.2006329125333e-28 1.0775123037897e-28 1.0343104451303e-28
 1  29 2.1577502799332e-28 2.1577502799332e-28 2.1577502799332e-28 2.1103170328154e-28 1.8849460348001e-28 1.6851802753953e-28 1.5097273352379e-28 1.3550091976030e-28 1.2446853100043e-28
 1  30 2.5861038218429e-28 2.5861038218429e-28 2.5861038218429e-28 2.5861038218429e-28 2.3715585964156e-28 2.1201674422572e-28 1.8991492866574e-28 1.7043069264143e-28 1.5327460499332e-28
 1  31 3.0966668871350e-28 3.0966668871350e-28 3.0966668871350e-28 3.0966668871350e-28 2.9796288466383e-28 2.6644983187467e-28 2.3848073092443e-28 2.1410122635278e-28 1.9264551214089e-28
1.95848022 1.95867204 1.95886386  5106.0  5105.0  1
1.0000000000000 
 1   1 4.8987573616687e-33 4.3448706683750e-33 3.8638142989803e-33 3.4451098233732e-33 3.1043332763858e-33 3.1041804621202e-33 3.1041804621202e-33 3.1041804621202e-33 3.1041804621202e-33
 1   2 8.1988387327993e-33 7.2709174512556e-33 6.4651373796020e-33 5.7638554496587e-33 5.1516480735168e-33 5.0050367446624e-33 5.0050367446624e-33 5.0050367446624e-33 5.0050367446624e-33
 1   3 1.2579363246861e-32 1.1154487769511e-32 9.9171293550572e-33 8.8404455899971e-33 7.9006437339865e-33 7.4029306096407e-33 7.4029306096407e-33 7.4029306096407e-33 7.4029306096407e-33
 1   4 1.9805047675497e-32 1.7561225855081e-32 1.5612657358864e-32 1.3917119899135e-32 1.2437528098490e-32 1.1259534352805e-32 1.1259534352805e-32 1.1259534352805e-32 1.1259534352805e-32
 1   5 3.0521255315040e-32 2.7845468708055e-32 2.4753186820159e-32 2.2062494944807e-32 1.9714370041274e-32 1.7657613453112e-32 1.7212774064666e-32 1.7212774064666e-32 1.7212774064666e-32
 1   6 4.6882778982511e-32 4.4506514213588e-32 3.9559731295532e-32 3.5255570567920e-32 3.1499472326435e-32 2.8210336277079e-32 2.6535571271896e-32 2.6535571271896e-32 2.6535571271896e-32
 1   7 7.0927830373320e-32 6.9924998510218e-32 6.2154886811734e-32 5.5390492814984e-32 4.9483692476820e-32 4.4315211324199e-32 4.0288505466947e-32 4.0288505466947e-32 4.0288505466947e-32
 1   8 1.0789989599588e-31 1.0789989599588e-31 9.8317124988651e-32 8.7609582211842e-32 7.8263708581137e-32 7.0081139424837e-32 6.2890622848442e-32 6.1504068486930e-32 6.1504068486930e-32
 1   9 1.6473731656223e-31 1.6473731656223e-31 1.5608994518467e-31 1.3907374757093e-31 1.2422928752527e-31 1.1123142331026e-31 9.9808180797952e-32 9.4229449178158e-32 9.4229449178158e-32
 1  10 2.5079863165472e-31 2.5079863165472e-31 2.4663117504263e-31 2.1973560568706e-31 1.9626903563745e-31 1.7571782088225e-31 1.5766461390715e-31 1.4391880614660e-31 1.4391880614660e-31
 1  11 3.8210805095937e-31 3.8210805095937e-31 3.8210805095937e-31 3.4776718250433e-31 3.1059986139263e-31 2.7805030526893e-31 2.4945993166823e-31 2.2425822616230e-31 2.1999534291882e-31
 1  12 5.9486484072515e-31 5.9486484072515e-31 5.9486484072515e-31 5.5078196879812e-31 4.9183172644054e-31 4.4022103571063e-31 3.9489326824631e-31 3.5494926490876e-31 3.4280285827183e-31
 1  13 9.7877330234212e-31 9.7877330234212e-31 9.7791039544907e-31 8.7101225573896e-31 7.7777839150123e-31 6.9614289492420e-31 6.2446101431218e-31 5.6172868941050e-31 5.6172868941050e-31
 1  14 1.6106894428865e-30 1.6106894428865e-30 1.5515826717012e-30 1.3817408532051e-30 1.2336241451428e-30 1.1039837632471e-30 9.9014860819480e-31 9.2053319963176e-31 9.2053319963176e-31
 1  15 2.6519442196359e-30 2.6519442196359e-30 2.4581853228802e-30 2.1889194398752e-30 1.9540737241742e-30 1.7485762467917e-30 1.5681207487427e-30 1.5091797692806e-30 1.5091797692806e-30
 1  16 4.3675629902542e-30 4.3675629902542e-30 3.8871841522935e-30 3.4613422336799e-30 3.0899117856562e-30 2.7649583153940e-30 2.4795539293872e-30 2.4747312052042e-30 2.4747312052042e-30
 1  17 7.1954826638692e-30 6.9455691794607e-30 6.1672079778603e-30 5.4906551194705e-30 4.9007551907251e-30 4.3847015098101e-30 4.0591144010730e-30 4.0591144010730e-30 4.0591144010730e-30
 1  18 1.1856929021942e-29 1.1004265668782e-29 9.7701959642606e-30 8.6975522909997e-30 7.7624659070674e-30 6.9443767579912e-30 6.6589772620409e-30 6.6589772620409e-30 6.6589772620409e-30
 1  19 1.9544761382083e-29 1.7402093601212e-29 1.5450535246869e-29 1.3753959484734e-29 1.2275229721117e-29 1.0981301963461e-29 1.0927360878690e-29 1.0927360878690e-29 1.0927360878690e-29
 1  20 3.1174967824485e-29 2.7600739764991e-29 2.4501766516562e-29 2.1808409160749e-29 1.9461613870632e-29 1.7935872608462e-29 1.7935872608462e-29 1.7935872608462e-29 1.7935872608462e-29
 1  21 4.9396218111723e-29 4.3731149347088e-29 3.8817434002006e-29 3.4548751715752e-29 3.0827442793817e-29 2.9447164913861e-29 2.9447164913861e-29 2.9447164913861e-29 2.9447164913861e-29
 1  22 7.8282010557982e-29 6.9307243220979e-29 6.1523434850399e-29 5.4758262864468e-29 4.8859945927974e-29 4.6660145736229e-29 4.6660145736229e-29 4.6660145736229e-29 4.6660145736229e-29
 1  23 1.1999322351454e-28 1.0964734452041e-28 9.7332569288538e-29 8.6631627053568e-29 7.7295747851992e-29 6.9128619237168e-29 6.7200053176170e-29 6.7200053176170e-29 6.7200053176170e-29
 1  24 1.4334355927215e-28 1.3798258882721e-28 1.2247725184562e-28 1.0900728577752e-28 9.7261683029523e-29 8.6978553240394e-29 8.0685203998182e-29 8.0685203998182e-29 8.0685203998182e-29
 1  25 1.7128445738577e-28 1.7128445738577e-28 1.5392050171136e-28 1.3699772843896e-28 1.2223847264370e-28 1.0932145309969e-28 9.7974632202279e-29 9.6917729997048e-29 9.6917729997048e-29
 1  26 2.0480351065676e-28 2.0480351065676e-28 1.9388217583231e-28 1.7256322672060e-28 1.5396337772675e-28 1.3767877337848e-28 1.2338171669575e-28 1.1645591613393e-28 1.1645591613393e-28
 1  27 2.4496723890300e-28 2.4496723890300e-28 2.4346982837124e-28 2.1674733372575e-28 1.9339314610824e-28 1.7294970067513e-28 1.5500593175389e-28 1.3997576983784e-28 1.3997576983784e-28
 1  28 2.9309110042476e-28 2.9309110042476e-28 2.9309110042476e-28 2.7301462890548e-28 2.4365322505019e-28 2.1786068975247e-28 1.9524108792695e-28 1.7529525464321e-28 1.6826184274574e-28
 1  29 3.5091071921380e-28 3.5091071921380e-28 3.5091071921380e-28 3.4314744005272e-28 3.0633391509299e-28 2.7396127162140e-28 2.4548839554595e-28 2.2047451372475e-28 2.0246148354789e-28
 1  30 4.2052521446475e-28 4.2052521446475e-28 4.2052521446475e-28 4.2052521446475e-28 3.8532263360700e-28 3.4463329500481e-28 3.0881523508509e-28 2.7726570999761e-28 2.4940583334933e-28
 1  31 5.0361108412008e-28 5.0361108412008e-28 5.0361108412008e-28 5.0361108412008e-28 4.8426304745402e-28 4.3286171057527e-28 3.8831076206397e-28 3.4870382016465e-28 3.1351992082736e-28
1.95886386 1.95905576 1.95924765  5105.0  5104.0  1
1.0000000000000 
 1   1 7.3227009161452e-33 6.4873542228325e-33 5.7668048384533e-33 5.1422646898614e-33 4.6350910400434e-33 4.6348632880129e-33 4.6348632880129e-33 4.6348632880129e-33 4.6348632880129e-33
 1   2 1.2257175673664e-32 1.0857009822253e-32 9.6496764722543e-33 8.6033917257905e-33 7.6922065450666e-33 7.4741126700547e-33 7.4741126700547e-33 7.4741126700547e-33 7.4741126700547e-33
 1   3 1.8806400572284e-32 1.6656148102193e-32 1.4802129024718e-32 1.3195591181024e-32 1.1796769801277e-32 1.1056671945844e-32 1.1056671945844e-32 1.1056671945844e-32 1.1056671945844e-32
 1   4 2.9605198444916e-32 2.6220944331427e-32 2.3302381406799e-32 2.0773120170645e-32 1.8570743342303e-32 1.6819590306099e-32 1.6819590306099e-32 1.6819590306099e-32 1.6819590306099e-32
 1   5 4.5606350809255e-32 4.1578948471601e-32 3.6945960831761e-32 3.2931559461627e-32 2.9436071256455e-32 2.6378357718681e-32 2.5717218553476e-32 2.5717218553476e-32 2.5717218553476e-32
 1   6 7.0027431087948e-32 6.6458982887157e-32 5.9046115676832e-32 5.2623843433417e-32 4.7032754429260e-32 4.2142401117516e-32 3.9653667987842e-32 3.9653667987842e-32 3.9653667987842e-32
 1   7 1.0591162958607e-31 1.0440858373439e-31 9.2768268557784e-32 8.2676073563743e-32 7.3885144938590e-32 6.6200462292053e-32 6.0217254821085e-32 6.0217254821085e-32 6.0217254821085e-32
 1   8 1.6108504385928e-31 1.6108504385928e-31 1.4674567022629e-31 1.3076788081217e-31 1.1685725698869e-31 1.0469087870274e-31 9.4005734970782e-32 9.1945545939115e-32 9.1945545939115e-32
 1   9 2.4590262715388e-31 2.4590262715388e-31 2.3298055881461e-31 2.0758623680437e-31 1.8548813025820e-31 1.6616302664057e-31 1.4918633739195e-31 1.4089725669253e-31 1.4089725669253e-31
 1  10 3.7433342536258e-31 3.7433342536258e-31 3.6811292084701e-31 3.2798095596276e-31 2.9304782643401e-31 2.6249646964738e-31 2.3566538791189e-31 2.1524046826975e-31 2.1524046826975e-31
 1  11 5.7029992401895e-31 5.7029992401895e-31 5.7029992401895e-31 5.1908974772425e-31 4.6375579618754e-31 4.1536501958340e-31 3.7287313224044e-31 3.3542218785177e-31 3.2908747230508e-31
 1  12 8.8783912823257e-31 8.8783912823257e-31 8.8783912823257e-31 8.2212701919109e-31 7.3435882752649e-31 6.5762476623419e-31 5.9025826644337e-31 5.3089622490481e-31 5.1284556875245e-31
 1  13 1.4608486137499e-30 1.4608486137499e-30 1.4595613063765e-30 1.3000790725744e-30 1.1612952254203e-30 1.0399444296866e-30 9.3340711972242e-31 8.4018881902989e-31 8.4018881902989e-31
 1  14 2.4041518912735e-30 2.4041518912735e-30 2.3158773436623e-30 2.0624317338285e-30 1.8419377697159e-30 1.6491969451076e-30 1.4800126511316e-30 1.3765713111689e-30 1.3765713111689e-30
 1  15 3.9588118191061e-30 3.9588118191061e-30 3.6690782284645e-30 3.2672592766416e-30 2.9176792937692e-30 2.6121297557758e-30 2.3439496533928e-30 2.2563706222791e-30 2.2563706222791e-30
 1  16 6.5210490807347e-30 6.5210490807347e-30 5.8016600797263e-30 5.1663804266663e-30 4.6136310094633e-30 4.1304708578290e-30 3.7063799556003e-30 3.6992137658795e-30 3.6992137658795e-30
 1  17 1.0746041345274e-29 1.0371125227361e-29 9.2049505719106e-30 8.1955157689612e-30 7.3174797934168e-30 6.5501674863977e-30 6.0663389016558e-30 6.0663389016558e-30 6.0663389016558e-30
 1  18 1.7713697029151e-29 1.6431871785173e-29 1.4582783436301e-29 1.2982410884154e-29 1.1590425456622e-29 1.0373971992560e-29 9.9497475541736e-30 9.9497475541736e-30 9.9497475541736e-30
 1  19 2.9211966737934e-29 2.5983103056452e-29 2.3060016864827e-29 2.0529585659145e-29 1.8328473427626e-29 1.6404692098833e-29 1.6324498181508e-29 1.6324498181508e-29 1.6324498181508e-29
 1  20 4.6603788211232e-29 4.1212845481524e-29 3.6570352230127e-29 3.2552483198677e-29 2.9058208315265e-29 2.6789896175014e-29 2.6789896175014e-29 2.6789896175014e-29 2.6789896175014e-29
 1  21 7.3847731398432e-29 6.5299960785693e-29 5.7939074593838e-29 5.1569181673399e-29 4.6029265253228e-29 4.3976509812737e-29 4.3976509812737e-29 4.3976509812737e-29 4.3976509812737e-29
 1  22 1.1703613864086e-28 1.0349361316210e-28 9.1829982807367e-29 8.1733770537872e-29 7.2952186011354e-29 6.9679230571207e-29 6.9679230571207e-29 6.9679230571207e-29 6.9679230571207e-29
 1  23 1.7929104168414e-28 1.6372805921191e-28 1.4527625404547e-28 1.2930285590209e-28 1.1540704264915e-28 1.0326435527635e-28 1.0039739188701e-28 1.0039739188701e-28 1.0039739188701e-28
 1  24 2.1407715222848e-28 2.0603586507992e-28 1.8280795828146e-28 1.6270362096330e-28 1.4521425113832e-28 1.2992995072904e-28 1.2058033122102e-28 1.2058033122102e-28 1.2058033122102e-28
 1  25 2.5571811689031e-28 2.5571811689031e-28 2.2973103859408e-28 2.0445739697163e-28 1.8249250299363e-28 1.6329569997646e-28 1.4644628056081e-28 1.4487697265681e-28 1.4487697265681e-28
 1  26 3.0569438598083e-28 3.0569438598083e-28 2.8937940008769e-28 2.5755504479714e-28 2.2985251662533e-28 2.0566300504269e-28 1.8442866444085e-28 1.7412855035702e-28 1.7412855035702e-28
 1  27 3.6563755920067e-28 3.6563755920067e-28 3.6339943601230e-28 3.2346951566131e-28 2.8875730064153e-28 2.5837171131594e-28 2.3163912961236e-28 2.0931639785070e-28 2.0931639785070e-28
 1  28 4.3749068319661e-28 4.3749068319661e-28 4.3749068319661e-28 4.0754064292794e-28 3.6375084600478e-28 3.2543548087442e-28 2.9178281621354e-28 2.6216548034276e-28 2.5175366232216e-28
 1  29 5.2401549336063e-28 5.2401549336063e-28 5.2401549336063e-28 5.1235995793020e-28 4.5718553169740e-28 4.0906790537384e-28 3.6683635429456e-28 3.2965336374912e-28 3.0292749872623e-28
 1  30 6.2739690906641e-28 6.2739690906641e-28 6.2739690906641e-28 6.2739690906641e-28 5.7530724482554e-28 5.1475730737672e-28 4.6159788534824e-28 4.1473562831068e-28 3.7336682162411e-28
 1  31 7.5181737607767e-28 7.5181737607767e-28 7.5181737607767e-28 7.5181737607767e-28 7.2317614965096e-28 6.4668919006058e-28 5.7994416190790e-28 5.2121485418376e-28 4.6904035272884e-28
1.95924765 1.95943962 1.95963159  5104.0  5103.0  1
1.0000000000000 
 1   1 1.0284402279396e-32 9.1072144820247e-33 8.0965677855418e-33 7.2228977723405e-33 6.5142113300129e-33 6.5138932118543e-33 6.5138932118543e-33 6.5138932118543e-33 6.5138932118543e-33
 1   2 1.7216084550632e-32 1.5242175334948e-32 1.3548384953697e-32 1.2084530083674e-32 1.0811286030742e-32 1.0506606711216e-32 1.0506606711216e-32 1.0506606711216e-32 1.0506606711216e-32
 1   3 2.6415253547618e-32 2.3383640392535e-32 2.0782569675857e-32 1.8534768807064e-32 1.6580171494196e-32 1.5546391803573e-32 1.5546391803573e-32 1.5546391803573e-32 1.5546391803573e-32
 1   4 4.1579448056700e-32 3.6809929686748e-32 3.2716491015200e-32 2.9178185428300e-32 2.6101079172473e-32 2.3655233954189e-32 2.3655233954189e-32 2.3655233954189e-32 2.3655233954189e-32
 1   5 6.4039833145580e-32 5.8372204765506e-32 5.1872825970148e-32 4.6256325716863e-32 4.1372226035065e-32 3.7101378817355e-32 3.6177969230067e-32 3.6177969230067e-32 3.6177969230067e-32
 1   6 9.8316166960755e-32 9.3302278008947e-32 8.2901868396120e-32 7.3916260274056e-32 6.6103960083322e-32 5.9273520936471e-32 5.5797396061993e-32 5.5797396061993e-32 5.5797396061993e-32
 1   7 1.4868317879003e-31 1.4657409507084e-31 1.3024569095670e-31 1.1612721622211e-31 1.0384487541845e-31 9.3112323999326e-32 8.4754617939697e-32 8.4754617939697e-32 8.4754617939697e-32
 1   8 2.2613135290045e-31 2.2613135290045e-31 2.0603239784179e-31 1.8367788071288e-31 1.6424161059449e-31 1.4724965167426e-31 1.3232334195695e-31 1.2944521456862e-31 1.2944521456862e-31
 1   9 3.4520587435344e-31 3.4520587435344e-31 3.2710972656970e-31 2.9157711843192e-31 2.6070000865079e-31 2.3370976498020e-31 2.0999527141705e-31 1.9841350173659e-31 1.9841350173659e-31
 1  10 5.2553512430913e-31 5.2553512430913e-31 5.1683021248310e-31 4.6068131422285e-31 4.1187304904507e-31 3.6920570741531e-31 3.3172760910714e-31 3.0318394965194e-31 3.0318394965194e-31
 1  11 8.0073753590443e-31 8.0073753590443e-31 8.0073753590443e-31 7.2911607570205e-31 6.5179948642926e-31 5.8421697779653e-31 5.2486401107436e-31 4.7252263305597e-31 4.6366815132874e-31
 1  12 1.2466573682278e-30 1.2466573682278e-30 1.2466573682278e-30 1.1547745231574e-30 1.0321325644288e-30 9.2496236830611e-31 8.3086301108776e-31 7.4789859463723e-31 7.2266505674429e-31
 1  13 2.0510089380040e-30 2.0510089380040e-30 2.0492078925794e-30 1.8260960555278e-30 1.6321964756083e-30 1.4627236682988e-30 1.3139105033435e-30 1.1836240697526e-30 1.1836240697526e-30
 1  14 3.3751128581601e-30 3.3751128581601e-30 3.2515366165214e-30 2.8969172423472e-30 2.5888275080815e-30 2.3196342236076e-30 2.0832992976233e-30 1.9387507321332e-30 1.9387507321332e-30
 1  15 5.5574104092187e-30 5.5574104092187e-30 5.1514808006707e-30 4.5892567109210e-30 4.1007885910357e-30 3.6740262133256e-30 3.2993854432100e-30 3.1770219355832e-30 3.1770219355832e-30
 1  16 9.1543302116614e-30 9.1543302116614e-30 8.1454363241925e-30 7.2567618426544e-30 6.4844895137122e-30 5.8096869193910e-30 5.2172328765201e-30 5.2072218023912e-30 5.2072218023912e-30
 1  17 1.5086316315628e-29 1.4559888944087e-29 1.2923874650907e-29 1.1511585708789e-29 1.0284712662802e-29 9.2129619890895e-30 8.5371110418864e-30 8.5371110418864e-30 8.5371110418864e-30
 1  18 2.4871260690291e-29 2.3068823480424e-29 2.0474639479685e-29 1.8235460039108e-29 1.6290368596407e-29 1.4591239472463e-29 1.3998712078745e-29 1.3998712078745e-29 1.3998712078745e-29
 1  19 4.1023896707652e-29 3.6475867310761e-29 3.2376200423455e-29 2.8836320120813e-29 2.5760862777931e-29 2.3073823375116e-29 2.2961813997889e-29 2.2961813997889e-29 2.2961813997889e-29
 1  20 6.5457110650624e-29 5.7857902665213e-29 5.1345490928889e-29 4.5724179894443e-29 4.0841192159772e-29 3.7672992262272e-29 3.7672992262272e-29 3.7672992262272e-29 3.7672992262272e-29
 1  21 1.0372674698187e-28 9.1675252391929e-29 8.1348728993741e-29 7.2435723822642e-29 6.4694051188126e-29 6.1826600297770e-29 6.1826600297770e-29 6.1826600297770e-29 6.1826600297770e-29
 1  22 1.6439691060747e-28 1.4530111057881e-28 1.2893508754215e-28 1.1480634509950e-28 1.0253470467985e-28 9.7963172919110e-29 9.7963172919110e-29 9.7963172919110e-29 9.7963172919110e-29
 1  23 2.5175972900149e-28 2.2987411111483e-28 2.0398089782926e-28 1.8162588266691e-28 1.6220529862726e-28 1.4524468083144e-28 1.4124067247706e-28 1.4124067247706e-28 1.4124067247706e-28
 1  24 3.0054849376242e-28 2.8926283317780e-28 2.5668303186657e-28 2.2854165648280e-28 2.0409970363271e-28 1.8275096279217e-28 1.6969611888651e-28 1.6969611888651e-28 1.6969611888651e-28
 1  25 3.5903563987018e-28 3.5903563987018e-28 3.2256661562926e-28 2.8721082704443e-28 2.5651205743576e-28 2.2969456629576e-28 2.0615108383885e-28 2.0395824407829e-28 2.0395824407829e-28
 1  26 4.2920918443574e-28 4.2920918443574e-28 4.0634127005507e-28 3.6179337895755e-28 3.2308225929774e-28 2.8928389803657e-28 2.5960842315560e-28 2.4521017089136e-28 2.4521017089136e-28
 1  27 5.1346505653229e-28 5.1346505653229e-28 5.1033152036452e-28 4.5442822594427e-28 4.0585502089236e-28 3.6340153046112e-28 3.2613702493078e-28 2.9493101352301e-28 2.9493101352301e-28
 1  28 6.1453492297056e-28 6.1453492297056e-28 6.1453492297056e-28 5.7251792048709e-28 5.1130247794598e-28 4.5777679219033e-28 4.1079320156627e-28 3.6940999855337e-28 3.5484289038125e-28
 1  29 7.3592282069139e-28 7.3592282069139e-28 7.3592282069139e-28 7.1969093867535e-28 6.4280670788569e-28 5.7555280089345e-28 5.1646599242338e-28 4.6451335809806e-28 4.2702026875745e-28
 1  30 8.8178818059566e-28 8.8178818059566e-28 8.8178818059566e-28 8.8178818059566e-28 8.0867102062898e-28 7.2406905892143e-28 6.4978425577771e-28 5.8431366361748e-28 5.2641053169123e-28
 1  31 1.0561676555503e-27 1.0561676555503e-27 1.0561676555503e-27 1.0561676555503e-27 1.0164547875041e-27 9.1011379525274e-28 8.1659497049567e-28 7.3433388033902e-28 6.6168241023289e-28
1.95963159 1.95982364 1.96001568  5103.0  5102.0  1
1.0000000000000 
 1   1 1.3847107455600e-32 1.2265134505103e-32 1.0910499223319e-32 9.7407971209102e-33 8.7923252593783e-33 8.7918998773601e-33 8.7918998773601e-33 8.7918998773601e-33 8.7918998773601e-33
 1   2 2.3181146796927e-32 2.0527829764458e-32 1.8257196387268e-32 1.6297171229235e-32 1.4592961559932e-32 1.4185173753424e-32 1.4185173753424e-32 1.4185173753424e-32 1.4185173753424e-32
 1   3 3.5567902355669e-32 3.1492666214144e-32 2.8005565161166e-32 2.4995852935207e-32 2.2379565444158e-32 2.0995795534889e-32 2.0995795534889e-32 2.0995795534889e-32 2.0995795534889e-32
 1   4 5.5983617877050e-32 4.9574140889644e-32 4.4087056686912e-32 3.9349696903663e-32 3.5231117346687e-32 3.1956751383849e-32 3.1956751383849e-32 3.1956751383849e-32 3.1956751383849e-32
 1   5 8.6224520728155e-32 7.8614634787160e-32 6.9901606172636e-32 6.2381192984155e-32 5.5843645887226e-32 5.0125518269840e-32 4.8889071598192e-32 4.8889071598192e-32 4.8889071598192e-32
 1   6 1.3238379763141e-31 1.2565774826039e-31 1.1171495115653e-31 9.9683002404533e-32 8.9225581315691e-32 8.0080299918483e-32 7.5424742787108e-32 7.5424742787108e-32 7.5424742787108e-32
 1   7 2.0022658422330e-31 1.9739928521070e-31 1.7551321433554e-31 1.5660965474706e-31 1.4016887337298e-31 1.2579901917147e-31 1.1460282339302e-31 1.1460282339302e-31 1.1460282339302e-31
 1   8 3.0457002206077e-31 3.0457002206077e-31 2.7764106866563e-31 2.4770907985245e-31 2.2169134616819e-31 1.9893991161678e-31 1.7894186099319e-31 1.7508519333252e-31 1.7508519333252e-31
 1   9 4.6503393470507e-31 4.6503393470507e-31 4.4079820343688e-31 3.9322108051249e-31 3.5188764285227e-31 3.1574793890206e-31 2.8397514944538e-31 2.6845114787045e-31 2.6845114787045e-31
 1  10 7.0810825192122e-31 7.0810825192122e-31 6.9645341351191e-31 6.2127904514406e-31 5.5594426978919e-31 4.9881214103415e-31 4.4859812567210e-31 4.1032680377600e-31 4.1032680377600e-31
 1  11 1.0791677609475e-30 1.0791677609475e-30 1.0791677609475e-30 9.8329321918035e-31 8.7979648992379e-31 7.8930044606867e-31 7.0977585522707e-31 6.3958633522308e-31 6.2771050387582e-31
 1  12 1.6803400222406e-30 1.6803400222406e-30 1.6803400222406e-30 1.5573492708281e-30 1.3931770966850e-30 1.2496676682010e-30 1.1235837679736e-30 1.0123261428943e-30 9.7847660756797e-31
 1  13 2.7638399970884e-30 2.7638399970884e-30 2.7614288230760e-30 2.4627328873456e-30 2.2031790327066e-30 1.9762454284216e-30 1.7768539388950e-30 1.6021359817527e-30 1.6021359817527e-30
 1  14 4.5471307549695e-30 4.5471307549695e-30 4.3816489860799e-30 3.9068297662008e-30 3.4943963825086e-30 3.1339298173148e-30 2.8172702590338e-30 2.6234842788884e-30 2.6234842788884e-30
 1  15 7.4857579223076e-30 7.4857579223076e-30 6.9419821349393e-30 6.1891458997913e-30 5.5352309937283e-30 4.9637741011495e-30 4.4618003975291e-30 4.2978029488663e-30 4.2978029488663e-30
 1  16 1.2328680295605e-29 1.2328680295605e-29 1.0976536039165e-29 9.7866611606523e-30 8.7528716193867e-30 7.8493118058644e-30 7.0554991542004e-30 7.0420853530643e-30 7.0420853530643e-30
 1  17 2.0314909169555e-29 1.9608941492846e-29 1.7415781245512e-29 1.5524641420010e-29 1.3882255007053e-29 1.2447163355320e-29 1.1541820551967e-29 1.1541820551967e-29 1.1541820551967e-29
 1  18 3.3488009687694e-29 3.1068930334719e-29 2.7590995763179e-29 2.4592495872536e-29 2.1988641596990e-29 1.9713468331313e-29 1.8919918990383e-29 1.8919918990383e-29 1.8919918990383e-29
 1  19 5.5234424969093e-29 4.9124514535553e-29 4.3628996819131e-29 3.8889189938762e-29 3.4772406349075e-29 3.1174504397593e-29 3.1024522603173e-29 3.1024522603173e-29 3.1024522603173e-29
 1  20 8.8135561673015e-29 7.7922096381094e-29 6.9191308256858e-29 6.1664021717808e-29 5.5127662246332e-29 5.0885831636475e-29 5.0885831636475e-29 5.0885831636475e-29 5.0885831636475e-29
 1  21 1.3966744049080e-28 1.2346792613489e-28 1.0962266854300e-28 9.7687626510848e-29 8.7324137294790e-29 8.3485409840823e-29 8.3485409840823e-29 8.3485409840823e-29 8.3485409840823e-29
 1  22 2.2135618037916e-28 1.9568509903856e-28 1.7374278658916e-28 1.5482409989302e-28 1.3839631469045e-28 1.3227605840199e-28 1.3227605840199e-28 1.3227605840199e-28 1.3227605840199e-28
 1  23 3.3897243319340e-28 3.0957573667188e-28 2.7487300685707e-28 2.4493989069779e-28 2.1894087163591e-28 1.9622671868717e-28 1.9086358157104e-28 1.9086358157104e-28 1.9086358157104e-28
 1  24 4.0470379626810e-28 3.8956146096985e-28 3.4588002168019e-28 3.0821111900978e-28 2.7548795628832e-28 2.4689622626117e-28 2.2939941753178e-28 2.2939941753178e-28 2.2939941753178e-28
 1  25 4.8355753116714e-28 4.8355753116714e-28 4.3465556987372e-28 3.8734259708092e-28 3.4624122984126e-28 3.1032834194590e-28 2.7876547979355e-28 2.7582533106632e-28 2.7582533106632e-28
 1  26 5.7820384346190e-28 5.7820384346190e-28 5.4755738692534e-28 4.8790570320258e-28 4.3609775436433e-28 3.9082614694196e-28 3.5106115841658e-28 3.3176541074851e-28 3.3176541074851e-28
 1  27 6.9184170279002e-28 6.9184170279002e-28 6.8764784589137e-28 6.1282700829588e-28 5.4780770966987e-28 4.9097669479541e-28 4.4102890539394e-28 3.9916535137878e-28 3.9916535137878e-28
 1  28 8.2827997265425e-28 8.2827997265425e-28 8.2827997265425e-28 7.7206891462889e-28 6.9010398434945e-28 6.1842838294614e-28 5.5549910349577e-28 4.9999539139073e-28 4.8044484319102e-28
 1  29 9.9232798901524e-28 9.9232798901524e-28 9.9232798901524e-28 9.7058472142559e-28 8.6759802506191e-28 7.7753484825581e-28 6.9841783873338e-28 6.2870875624803e-28 5.7841839205771e-28
 1  30 1.1894165854266e-27 1.1894165854266e-27 1.1894165854266e-27 1.1894165854266e-27 1.0915149218951e-27 9.7818617432309e-28 8.7867684077050e-28 7.9083652415796e-28 7.1314855465427e-28
 1  31 1.4250180029360e-27 1.4250180029360e-27 1.4250180029360e-27 1.4250180029360e-27 1.3718700401907e-27 1.2296079507676e-27 1.1044876008145e-27 9.9410456309244e-28 8.9642081853413e-28
1.96001568 1.96020780 1.96039992  5102.0  5101.0  1
1.0000000000000 
 1   1 1.8067262948798e-32 1.6011189616728e-32 1.4253353895140e-32 1.2736228559874e-32 1.1505987029030e-32 1.1505434546685e-32 1.1505434546685e-32 1.1505434546685e-32 1.1505434546685e-32
 1   2 3.0246853791256e-32 2.6797771164319e-32 2.3850975804120e-32 2.1308666580672e-32 1.9097992231581e-32 1.8568984508880e-32 1.8568984508880e-32 1.8568984508880e-32 1.8568984508880e-32
 1   3 4.6409228144546e-32 4.1111610121280e-32 3.6585909850840e-32 3.2682093111759e-32 2.9288208760801e-32 2.7492782199242e-32 2.7492782199242e-32 2.7492782199242e-32 2.7492782199242e-32
 1   4 7.3045965399010e-32 6.4715495543489e-32 5.7594738679344e-32 5.1450417952652e-32 4.6107793189429e-32 4.1858457518339e-32 4.1858457518339e-32 4.1858457518339e-32 4.1858457518339e-32
 1   5 1.1251203036593e-31 1.0262661658314e-31 9.1318507865028e-32 8.1564032397978e-32 7.3083334364422e-32 6.5661827270619e-32 6.4056830793893e-32 6.4056830793893e-32 6.4056830793893e-32
 1   6 1.7277096233923e-31 1.6403829709157e-31 1.4594227861222e-31 1.3033543995039e-31 1.1676998828809e-31 1.0490016371696e-31 9.8855301567288e-32 9.8855301567288e-32 9.8855301567288e-32
 1   7 2.6135997819912e-31 2.5769064907314e-31 2.2928835456857e-31 2.0476864737511e-31 1.8344224111531e-31 1.6479110718372e-31 1.5024960729710e-31 1.5024960729710e-31 1.5024960729710e-31
 1   8 3.9764637005549e-31 3.9764637005549e-31 3.6270745709453e-31 3.2388132537472e-31 2.9013102528154e-31 2.6060100851656e-31 2.3462451117413e-31 2.2961401352352e-31 2.2961401352352e-31
 1   9 6.0729009813198e-31 6.0729009813198e-31 5.7585150171924e-31 5.1413654366830e-31 4.6051627481599e-31 4.1361000651762e-31 3.7233797668228e-31 3.5216313170833e-31 3.5216313170833e-31
 1  10 9.2495493918181e-31 9.2495493918181e-31 9.0983789375114e-31 8.1233063735043e-31 7.2757279267874e-31 6.5342157459384e-31 5.8819315796785e-31 5.3843951321336e-31 5.3843951321336e-31
 1  11 1.4100206141786e-30 1.4100206141786e-30 1.4100206141786e-30 1.2856698628220e-30 1.1514020768847e-30 1.0339453647968e-30 9.3064216893019e-31 8.3937989083743e-31 8.2393586989814e-31
 1  12 2.1957910977315e-30 2.1957910977315e-30 2.1957910977315e-30 2.0362676746074e-30 1.8232805114587e-30 1.6370096077574e-30 1.4732233719195e-30 1.3285597960621e-30 1.2845322664091e-30
 1  13 3.6106781644829e-30 3.6106781644829e-30 3.6075507852725e-30 3.2201240220437e-30 2.8833984930755e-30 2.5888560961041e-30 2.3298318721998e-30 2.1026533889317e-30 2.1026533889317e-30
 1  14 5.9388287976424e-30 5.9388287976424e-30 5.7241718682783e-30 5.1082493157921e-30 4.5731872329475e-30 4.1053133979304e-30 3.6939565789844e-30 3.4420645024846e-30 3.4420645024846e-30
 1  15 9.7744773968049e-30 9.7744773968049e-30 9.0690009826957e-30 8.0924062945636e-30 7.2440777884113e-30 6.5023209166583e-30 5.8502341394097e-30 5.6371284864304e-30 5.6371284864304e-30
 1  16 1.6094487979368e-29 1.6094487979368e-29 1.4339830383082e-29 1.2796381097854e-29 1.1455319214074e-29 1.0282462484496e-29 9.2512654254912e-30 9.2338402733928e-30 9.2338402733928e-30
 1  17 2.6514807175114e-29 2.5598365448139e-29 2.2751895157115e-29 2.0298708788530e-29 1.8168053995688e-29 1.6305247909860e-29 1.5129482725140e-29 1.5129482725140e-29 1.5129482725140e-29
 1  18 4.3700674514983e-29 4.0558935089360e-29 3.6044729837117e-29 3.2155097647308e-29 2.8777004487791e-29 2.5823729344288e-29 2.4793404972289e-29 2.4793404972289e-29 2.4793404972289e-29
 1  19 7.2069008705637e-29 6.4128778712387e-29 5.6996921702106e-29 5.0849058411599e-29 4.5508177823384e-29 4.0837990301239e-29 4.0643305867251e-29 4.0643305867251e-29 4.0643305867251e-29
 1  20 1.1499872142682e-28 1.0172245576287e-28 9.0391397398345e-29 8.0626854339398e-29 7.2146792201266e-29 6.6641918678286e-29 6.6641918678286e-29 6.6641918678286e-29 6.6641918678286e-29
 1  21 1.8223962839194e-28 1.6118092056396e-28 1.4321083862486e-28 1.2772798687538e-28 1.1428273289587e-28 1.0930190491076e-28 1.0930190491076e-28 1.0930190491076e-28 1.0930190491076e-28
 1  22 2.8882665819365e-28 2.5545183300137e-28 2.2697086802016e-28 2.0242953718494e-28 1.8111666678961e-28 1.7317515484924e-28 1.7317515484924e-28 1.7317515484924e-28 1.7317515484924e-28
 1  23 4.4232072290414e-28 4.0413362470807e-28 3.5908347515518e-28 3.2025484969464e-28 2.8652493116886e-28 2.5704115853973e-28 2.5007858475303e-28 2.5007858475303e-28 2.5007858475303e-28
 1  24 5.2820458358267e-28 5.0854719441929e-28 4.5184897241450e-28 4.0297736859183e-28 3.6052732076036e-28 3.2341534888162e-28 3.0069739222125e-28 3.0069739222125e-28 3.0069739222125e-28
 1  25 6.3126128749983e-28 6.3126128749983e-28 5.6781296992945e-28 5.0643974557765e-28 4.5312254173847e-28 4.0650468521085e-28 3.6551437190661e-28 3.6169585467999e-28 3.6169585467999e-28
 1  26 7.5504523466447e-28 7.5504523466447e-28 7.1529355912983e-28 6.3791730138763e-28 5.7070581300241e-28 5.1194390891396e-28 4.6028570112888e-28 4.3520677102381e-28 4.3520677102381e-28
 1  27 9.0374310788620e-28 9.0374310788620e-28 8.9830341505477e-28 8.0125575700885e-28 7.1690426249057e-28 6.4315645676359e-28 5.7825030652181e-28 5.2384138929366e-28 5.2384138929366e-28
 1  28 1.0823886139642e-27 1.0823886139642e-27 1.0823886139642e-27 1.0094479654769e-27 9.0312093621766e-28 8.1009206803845e-28 7.2832560483977e-28 6.5614993572640e-28 6.3072024563020e-28
 1  29 1.2972127140474e-27 1.2972127140474e-27 1.2972127140474e-27 1.2690057366749e-27 1.1354059986592e-27 1.0185402807443e-27 9.1571555508898e-28 8.2507195114589e-28 7.5962615533369e-28
 1  30 1.5556425643736e-27 1.5556425643736e-27 1.5556425643736e-27 1.5556425643736e-27 1.4284766842266e-27 1.2813771402657e-27 1.1521124779618e-27 1.0379161952463e-27 9.3674025821638e-28
 1  31 1.8648417576672e-27 1.8648417576672e-27 1.8648417576672e-27 1.8648417576672e-27 1.7957318801358e-27 1.6108095757761e-27 1.4482511699306e-27 1.3046924481725e-27 1.1774600271459e-27
1.96039992 1.96059212 1.96078431  5101.0  5100.0  1
1.0000000000000 
 1   1 2.3117949281891e-32 2.0500913882560e-32 1.8265520356640e-32 1.6336425393713e-32 1.4771519151822e-32 1.4770816793947e-32 1.4770816793947e-32 1.4770816793947e-32 1.4770816793947e-32
 1   2 3.8702948728048e-32 3.4312289248631e-32 3.0564625179113e-32 2.7331830573992e-32 2.4519599929604e-32 2.3846542721049e-32 2.3846542721049e-32 2.3846542721049e-32 2.3846542721049e-32
 1   3 5.9383676512086e-32 5.2639683219794e-32 4.6883945660654e-32 4.1919812445980e-32 3.7602421529450e-32 3.5317545568831e-32 3.5317545568831e-32 3.5317545568831e-32 3.5317545568831e-32
 1   4 9.3466065514319e-32 8.2862501090311e-32 7.3807045093921e-32 6.5994210053257e-32 5.9197772080504e-32 5.3788611398288e-32 5.3788611398288e-32 5.3788611398288e-32 5.3788611398288e-32
 1   5 1.4398328201174e-31 1.3140464610201e-31 1.1702315450642e-31 1.0461936162643e-31 9.3830833166323e-32 8.4382762056758e-32 8.2339088720721e-32 8.2339088720721e-32 8.2339088720721e-32
 1   6 2.2114497639393e-31 2.1003650775888e-31 1.8702155088391e-31 1.6717559747437e-31 1.4991854106814e-31 1.3480746714877e-31 1.2710808494538e-31 1.2710808494538e-31 1.2710808494538e-31
 1   7 3.3461709177089e-31 3.2995049674756e-31 2.9382967123663e-31 2.6265097662485e-31 2.3552115475505e-31 2.1177689767493e-31 1.9324933170951e-31 1.9324933170951e-31 1.9324933170951e-31
 1   8 5.0923318057283e-31 5.0923318057283e-31 4.6480353781231e-31 4.1543141150433e-31 3.7249664490976e-31 3.3490264285859e-31 3.0180149776571e-31 2.9541538960600e-31 2.9541538960600e-31
 1   9 7.7791644155779e-31 7.7791644155779e-31 7.3793975947729e-31 6.5945896059944e-31 5.9124718633083e-31 5.3153226138815e-31 4.7894059711259e-31 4.5321800654993e-31 4.5321800654993e-31
 1  10 1.1851671646968e-30 1.1851671646968e-30 1.1659442585580e-30 1.0419485064954e-30 9.3412708650241e-31 8.3972717888844e-31 7.5660759718360e-31 6.9314994524768e-31 6.9314994524768e-31
 1  11 1.8072189328073e-30 1.8072189328073e-30 1.8072189328073e-30 1.6490824049381e-30 1.4782750824020e-30 1.3287438314576e-30 1.1971060495610e-30 1.0806894148748e-30 1.0609845560522e-30
 1  12 2.8147400309536e-30 2.8147400309536e-30 2.8147400309536e-30 2.6118611788265e-30 2.3409022077981e-30 2.1037607986497e-30 1.8950471687233e-30 1.7105075331019e-30 1.6543232289518e-30
 1  13 4.6270914542152e-30 4.6270914542152e-30 4.6231147098066e-30 4.1304339943261e-30 3.7020699350334e-30 3.3270808424318e-30 2.9969954459525e-30 2.7071883163844e-30 2.7071883163844e-30
 1  14 7.6084426690306e-30 7.6084426690306e-30 7.3354789629166e-30 6.5522009975851e-30 5.8715047567076e-30 5.2758383228747e-30 4.7516310369843e-30 4.4304069871192e-30 4.4304069871192e-30
 1  15 1.2518975715805e-29 1.2518975715805e-29 1.1621851216636e-29 1.0379902502620e-29 9.3006504822371e-30 8.3562775048543e-30 7.5252898913653e-30 7.2536179124835e-30 7.2536179124835e-30
 1  16 2.0608125985057e-29 2.0608125985057e-29 1.8376597602111e-29 1.6413889918950e-29 1.4707782308223e-29 1.3214524562904e-29 1.1900384320945e-29 1.1878177445907e-29 1.1878177445907e-29
 1  17 3.3942444895135e-29 3.2776736675842e-29 2.9156364538587e-29 2.6036646918171e-29 2.3325950174327e-29 2.0954254716515e-29 1.9456316058652e-29 1.9456316058652e-29 1.9456316058652e-29
 1  18 5.5929986605571e-29 5.1932682894809e-29 4.6191067442680e-29 4.1244484899392e-29 3.6946666904198e-29 3.3186562530946e-29 3.1874318126276e-29 3.1874318126276e-29 3.1874318126276e-29
 1  19 9.2218454914212e-29 8.2112528735560e-29 7.3042132958288e-29 6.5223886552889e-29 5.8428898764006e-29 5.2482764598112e-29 5.2234879358676e-29 5.2234879358676e-29 5.2234879358676e-29
 1  20 1.4714896813808e-28 1.3024800602230e-28 1.1583592317365e-28 1.0341799633766e-28 9.2629243734288e-29 8.5621892076381e-29 8.5621892076381e-29 8.5621892076381e-29 8.5621892076381e-29
 1  21 2.3319058655319e-28 2.0638038987285e-28 1.8352347736699e-28 1.6383303443094e-28 1.4672680429427e-28 1.4038807532774e-28 1.4038807532774e-28 1.4038807532774e-28 1.4038807532774e-28
 1  22 3.6957170444632e-28 3.2708123616014e-28 2.9085557724181e-28 2.5964489545392e-28 2.3252927035853e-28 2.2242285667886e-28 2.2242285667886e-28 2.2242285667886e-28 2.2242285667886e-28
 1  23 5.6604886624864e-28 5.1745413892960e-28 4.6015526752340e-28 4.1077495338005e-28 3.6786196013819e-28 3.3032279292367e-28 3.2145590775620e-28 3.2145590775620e-28 3.2145590775620e-28
 1  24 6.7614994782688e-28 6.5114434750444e-28 5.7902823777460e-28 5.1687727476301e-28 4.6286976948352e-28 4.1562020793413e-28 3.8667848828785e-28 3.8667848828785e-28 3.8667848828785e-28
 1  25 8.0834650143335e-28 8.0834650143335e-28 7.2765027750477e-28 6.4958713684790e-28 5.8176103606919e-28 5.2240652333684e-28 4.7016865878675e-28 4.6530188196554e-28 4.6530188196554e-28
 1  26 9.6719238842155e-28 9.6719238842155e-28 9.1663846071833e-28 8.1822180351969e-28 7.3270762509398e-28 6.5789150602686e-28 5.9205936866781e-28 5.6008946122172e-28 5.6008946122172e-28
 1  27 1.1581044312048e-27 1.1581044312048e-27 1.1511860093621e-27 1.0277545073773e-27 9.2043331308075e-28 8.2652275417300e-28 7.4382423717773e-28 6.7440674048597e-28 6.7440674048597e-28
 1  28 1.3875685840568e-27 1.3875685840568e-27 1.3875685840568e-27 1.2947961534497e-27 1.1594934118807e-27 1.0410391869477e-27 9.3684916955473e-28 8.4478018485980e-28 8.1232595418094e-28
 1  29 1.6636820342429e-27 1.6636820342429e-27 1.6636820342429e-27 1.6277880926833e-27 1.4577665157103e-27 1.3089651237541e-27 1.1779151243918e-27 1.0622529200991e-27 9.7870396058864e-28
 1  30 1.9956998381106e-27 1.9956998381106e-27 1.9956998381106e-27 1.9956998381106e-27 1.8340688638298e-27 1.6467222951526e-27 1.4819356846579e-27 1.3362644103438e-27 1.2071102001222e-27
 1  31 2.3930245782415e-27 2.3930245782415e-27 2.3930245782415e-27 2.3930245782415e-27 2.3052378024814e-27 2.0700232080014e-27 1.8627542422005e-27 1.6797240677146e-27 1.5172430842529e-27
