-----------------------------------------------------------------------------------------------
Content :
Spectral range definition: line 1 (3 values)  ==> max, min and step of the wavenumber (in cm-1)
Temperatures definition :  line 2 (1 value)   ==> NT = number of T values
Temperatures definition :  line 3 (NT values) ==> list of T values (in K)
Pressures definition :     line 4 (1 value)   ==> NP = number of P values
Pressures definition :     line 5 (NP values) ==> list of P values (in mbar)
For each spectral range: 
    First line of the block (6 values): 
    --> min, mean and max wavelengths (in microns), min and max wavenumbers (in cm-1)
        of the spectral range, nmaxai (number of exponentials for the CKD expansion) 
    If nmaxai not null, second line of the block (nmaxnai values): 
    --> coefs kdis_ai for nai = 1 to nmaxai 
    If nmaxai not null, following lines of the block : 
    --> for nai = 1 to nmaxai 
    -->     for pressure index ip = 1 to NP 
    -->         line : nai, ip, kdis_ki(T,P,nai) for temperature index it = 1 to IT 
-----------------------------------------------------------------------------------------------
6950 6900  1
9
  160.00  180.00  200.00  220.00  240.00  260.00  280.00  300.00  320.00
31
    0.007    0.011    0.017    0.028    0.044    0.069    0.110    0.174    0.276    0.438    0.694    1.100    1.743    2.763    4.379    6.941   11.000   17.434   27.631   43.792   69.405  110.000  174.338  219.479  276.308  347.851  437.918  551.306  694.053  873.761 1098.900
1.43884892 1.43895245 1.43905598  6950.0  6949.0  0
1.43905598 1.43915954 1.43926310  6949.0  6948.0  0
1.43926310 1.43936668 1.43947027  6948.0  6947.0  0
1.43947027 1.43957389 1.43967751  6947.0  6946.0  0
1.43967751 1.43978116 1.43988481  6946.0  6945.0  0
1.43988481 1.43998849 1.44009217  6945.0  6944.0  0
1.44009217 1.44019588 1.44029958  6944.0  6943.0  0
1.44029958 1.44040332 1.44050706  6943.0  6942.0  0
1.44050706 1.44061082 1.44071459  6942.0  6941.0  0
1.44071459 1.44081839 1.44092219  6941.0  6940.0  0
1.44092219 1.44102602 1.44112985  6940.0  6939.0  0
1.44112985 1.44123370 1.44133756  6939.0  6938.0  0
1.44133756 1.44144145 1.44154534  6938.0  6937.0  0
1.44154534 1.44164926 1.44175317  6937.0  6936.0  0
1.44175317 1.44185712 1.44196107  6936.0  6935.0  0
1.44196107 1.44206504 1.44216902  6935.0  6934.0  0
1.44216902 1.44227303 1.44237704  6934.0  6933.0  0
1.44237704 1.44248108 1.44258511  6933.0  6932.0  0
1.44258511 1.44268918 1.44279325  6932.0  6931.0  0
1.44279325 1.44289734 1.44300144  6931.0  6930.0  0
1.44300144 1.44310557 1.44320970  6930.0  6929.0  0
1.44320970 1.44331386 1.44341801  6929.0  6928.0  0
1.44341801 1.44352220 1.44362639  6928.0  6927.0  0
1.44362639 1.44373061 1.44383483  6927.0  6926.0  0
1.44383483 1.44393907 1.44404332  6926.0  6925.0  0
1.44404332 1.44414760 1.44425188  6925.0  6924.0  0
1.44425188 1.44435618 1.44446049  6924.0  6923.0  0
1.44446049 1.44456483 1.44466917  6923.0  6922.0  0
1.44466917 1.44477354 1.44487791  6922.0  6921.0  0
1.44487791 1.44498231 1.44508671  6921.0  6920.0  0
1.44508671 1.44519114 1.44529556  6920.0  6919.0  0
1.44529556 1.44540002 1.44550448  6919.0  6918.0  0
1.44550448 1.44560897 1.44571346  6918.0  6917.0  0
1.44571346 1.44581798 1.44592250  6917.0  6916.0  0
1.44592250 1.44602705 1.44613160  6916.0  6915.0  0
1.44613160 1.44623618 1.44634076  6915.0  6914.0  0
1.44634076 1.44644537 1.44654998  6914.0  6913.0  0
1.44654998 1.44665462 1.44675926  6913.0  6912.0  0
1.44675926 1.44686393 1.44696860  6912.0  6911.0  0
1.44696860 1.44707330 1.44717800  6911.0  6910.0  1
1.0000000000000 
 1   1 0.0000000000000e+00 0.0000000000000e+00 0.0000000000000e+00 0.0000000000000e+00 0.0000000000000e+00 0.0000000000000e+00 0.0000000000000e+00 0.0000000000000e+00 0.0000000000000e+00
 1   2 0.0000000000000e+00 0.0000000000000e+00 0.0000000000000e+00 0.0000000000000e+00 0.0000000000000e+00 0.0000000000000e+00 0.0000000000000e+00 0.0000000000000e+00 0.0000000000000e+00
 1   3 0.0000000000000e+00 0.0000000000000e+00 0.0000000000000e+00 0.0000000000000e+00 0.0000000000000e+00 0.0000000000000e+00 0.0000000000000e+00 0.0000000000000e+00 0.0000000000000e+00
 1   4 0.0000000000000e+00 0.0000000000000e+00 0.0000000000000e+00 0.0000000000000e+00 0.0000000000000e+00 0.0000000000000e+00 0.0000000000000e+00 0.0000000000000e+00 0.0000000000000e+00
 1   5 0.0000000000000e+00 0.0000000000000e+00 0.0000000000000e+00 0.0000000000000e+00 0.0000000000000e+00 0.0000000000000e+00 0.0000000000000e+00 0.0000000000000e+00 0.0000000000000e+00
 1   6 0.0000000000000e+00 0.0000000000000e+00 0.0000000000000e+00 0.0000000000000e+00 0.0000000000000e+00 0.0000000000000e+00 0.0000000000000e+00 0.0000000000000e+00 0.0000000000000e+00
 1   7 0.0000000000000e+00 0.0000000000000e+00 0.0000000000000e+00 0.0000000000000e+00 0.0000000000000e+00 0.0000000000000e+00 0.0000000000000e+00 0.0000000000000e+00 0.0000000000000e+00
 1   8 0.0000000000000e+00 0.0000000000000e+00 0.0000000000000e+00 0.0000000000000e+00 0.0000000000000e+00 0.0000000000000e+00 0.0000000000000e+00 0.0000000000000e+00 0.0000000000000e+00
 1   9 0.0000000000000e+00 0.0000000000000e+00 0.0000000000000e+00 0.0000000000000e+00 0.0000000000000e+00 0.0000000000000e+00 0.0000000000000e+00 0.0000000000000e+00 0.0000000000000e+00
 1  10 0.0000000000000e+00 0.0000000000000e+00 0.0000000000000e+00 0.0000000000000e+00 0.0000000000000e+00 0.0000000000000e+00 0.0000000000000e+00 0.0000000000000e+00 0.0000000000000e+00
 1  11 0.0000000000000e+00 0.0000000000000e+00 0.0000000000000e+00 0.0000000000000e+00 0.0000000000000e+00 0.0000000000000e+00 0.0000000000000e+00 0.0000000000000e+00 0.0000000000000e+00
 1  12 0.0000000000000e+00 0.0000000000000e+00 0.0000000000000e+00 0.0000000000000e+00 0.0000000000000e+00 0.0000000000000e+00 0.0000000000000e+00 0.0000000000000e+00 0.0000000000000e+00
 1  13 0.0000000000000e+00 0.0000000000000e+00 0.0000000000000e+00 0.0000000000000e+00 0.0000000000000e+00 0.0000000000000e+00 0.0000000000000e+00 0.0000000000000e+00 0.0000000000000e+00
 1  14 0.0000000000000e+00 0.0000000000000e+00 0.0000000000000e+00 0.0000000000000e+00 0.0000000000000e+00 0.0000000000000e+00 0.0000000000000e+00 0.0000000000000e+00 0.0000000000000e+00
 1  15 0.0000000000000e+00 0.0000000000000e+00 0.0000000000000e+00 0.0000000000000e+00 0.0000000000000e+00 0.0000000000000e+00 0.0000000000000e+00 0.0000000000000e+00 0.0000000000000e+00
 1  16 0.0000000000000e+00 0.0000000000000e+00 0.0000000000000e+00 0.0000000000000e+00 0.0000000000000e+00 0.0000000000000e+00 0.0000000000000e+00 0.0000000000000e+00 0.0000000000000e+00
 1  17 0.0000000000000e+00 0.0000000000000e+00 0.0000000000000e+00 0.0000000000000e+00 0.0000000000000e+00 0.0000000000000e+00 0.0000000000000e+00 0.0000000000000e+00 0.0000000000000e+00
 1  18 0.0000000000000e+00 0.0000000000000e+00 0.0000000000000e+00 0.0000000000000e+00 0.0000000000000e+00 0.0000000000000e+00 0.0000000000000e+00 0.0000000000000e+00 0.0000000000000e+00
 1  19 0.0000000000000e+00 0.0000000000000e+00 0.0000000000000e+00 0.0000000000000e+00 0.0000000000000e+00 0.0000000000000e+00 0.0000000000000e+00 0.0000000000000e+00 0.0000000000000e+00
 1  20 0.0000000000000e+00 0.0000000000000e+00 0.0000000000000e+00 0.0000000000000e+00 0.0000000000000e+00 0.0000000000000e+00 0.0000000000000e+00 0.0000000000000e+00 0.0000000000000e+00
 1  21 0.0000000000000e+00 0.0000000000000e+00 0.0000000000000e+00 0.0000000000000e+00 0.0000000000000e+00 0.0000000000000e+00 0.0000000000000e+00 0.0000000000000e+00 0.0000000000000e+00
 1  22 0.0000000000000e+00 0.0000000000000e+00 0.0000000000000e+00 0.0000000000000e+00 0.0000000000000e+00 0.0000000000000e+00 0.0000000000000e+00 0.0000000000000e+00 0.0000000000000e+00
 1  23 0.0000000000000e+00 0.0000000000000e+00 0.0000000000000e+00 0.0000000000000e+00 0.0000000000000e+00 0.0000000000000e+00 0.0000000000000e+00 0.0000000000000e+00 0.0000000000000e+00
 1  24 0.0000000000000e+00 0.0000000000000e+00 0.0000000000000e+00 0.0000000000000e+00 0.0000000000000e+00 0.0000000000000e+00 0.0000000000000e+00 0.0000000000000e+00 0.0000000000000e+00
 1  25 0.0000000000000e+00 0.0000000000000e+00 0.0000000000000e+00 0.0000000000000e+00 0.0000000000000e+00 0.0000000000000e+00 0.0000000000000e+00 0.0000000000000e+00 0.0000000000000e+00
 1  26 0.0000000000000e+00 0.0000000000000e+00 0.0000000000000e+00 0.0000000000000e+00 0.0000000000000e+00 0.0000000000000e+00 0.0000000000000e+00 0.0000000000000e+00 0.0000000000000e+00
 1  27 0.0000000000000e+00 0.0000000000000e+00 0.0000000000000e+00 0.0000000000000e+00 0.0000000000000e+00 0.0000000000000e+00 0.0000000000000e+00 0.0000000000000e+00 0.0000000000000e+00
 1  28 0.0000000000000e+00 0.0000000000000e+00 0.0000000000000e+00 0.0000000000000e+00 0.0000000000000e+00 0.0000000000000e+00 0.0000000000000e+00 0.0000000000000e+00 0.0000000000000e+00
 1  29 0.0000000000000e+00 0.0000000000000e+00 0.0000000000000e+00 0.0000000000000e+00 0.0000000000000e+00 0.0000000000000e+00 0.0000000000000e+00 0.0000000000000e+00 0.0000000000000e+00
 1  30 0.0000000000000e+00 0.0000000000000e+00 0.0000000000000e+00 0.0000000000000e+00 0.0000000000000e+00 0.0000000000000e+00 0.0000000000000e+00 0.0000000000000e+00 0.0000000000000e+00
 1  31 0.0000000000000e+00 0.0000000000000e+00 0.0000000000000e+00 0.0000000000000e+00 2.3128572684826e-38 5.8713961723856e-37 1.4548430427400e-36 0.0000000000000e+00 0.0000000000000e+00
1.44717800 1.44728274 1.44738747  6910.0  6909.0  1
1.0000000000000 
 1   1 4.7352202386025e-37 6.0265152040236e-37 7.2725610088889e-37 8.4941538192401e-37 8.6669704657553e-37 8.6670314502645e-37 8.6670314502645e-37 8.6670314502645e-37 8.6670314502645e-37
 1   2 8.1333882964571e-37 1.0153750378482e-36 1.2083389034809e-36 1.4132508003399e-36 1.4772987048958e-36 1.4814387459203e-36 1.4814387459203e-36 1.4814387459203e-36 1.4814387459203e-36
 1   3 1.2340737385679e-36 1.5759656319608e-36 1.8463725599050e-36 2.1378932217539e-36 2.3123195005787e-36 2.3147768175658e-36 2.3147768175658e-36 2.3147768175658e-36 2.3147768175658e-36
 1   4 1.9283479371278e-36 2.5289572836210e-36 2.9116544501965e-36 3.3341171040732e-36 3.7333112978433e-36 3.7104700880333e-36 3.7104700880333e-36 3.7104700880333e-36 3.7104700880333e-36
 1   5 3.2254667438082e-36 3.9963898608138e-36 4.6429479857392e-36 5.2457016551944e-36 5.9008359957707e-36 5.9798686910600e-36 5.9599324962808e-36 5.9599324962808e-36 5.9599324962808e-36
 1   6 5.6080246147219e-36 6.3051030245063e-36 7.5064253911582e-36 8.3510916941139e-36 9.3015022661067e-36 9.7488961047959e-36 9.6302554057319e-36 9.6302554057319e-36 9.6302554057319e-36
 1   7 9.5147887710040e-36 9.8127569304015e-36 1.2078652152743e-35 1.3658310217367e-35 1.4339755427593e-35 1.4808788005064e-35 1.5290927229753e-35 1.5290927229753e-35 1.5290927229753e-35
 1   8 1.6097373464616e-35 1.6097373464616e-35 1.8958887168840e-35 2.1673436815548e-35 2.2907261055727e-35 2.3525421564593e-35 2.4215869523301e-35 2.4359807314232e-35 2.4359807314232e-35
 1   9 2.7126334416836e-35 2.7126334416836e-35 2.9709781718131e-35 3.4290453040573e-35 3.6749945380928e-35 3.7627522512355e-35 3.8381437408486e-35 3.8869175728581e-35 3.8869175728581e-35
 1  10 4.5277143835827e-35 4.5277143835827e-35 4.6516641787753e-35 5.4241654313852e-35 5.8941485062419e-35 6.0126513085686e-35 6.0746488780530e-35 6.1714388992287e-35 6.1714388992287e-35
 1  11 7.5170005355267e-35 7.5170005355267e-35 7.5170005355267e-35 8.5289668621716e-35 9.3724827820450e-35 9.6133162049726e-35 9.6543626539523e-35 9.7672101116312e-35 9.7900243447643e-35
 1  12 1.2171288913605e-34 1.2171288913605e-34 1.2171288913605e-34 1.3459404577197e-34 1.4843760396931e-34 1.5312119131449e-34 1.5352341930823e-34 1.5465859787624e-34 1.5520194258926e-34
 1  13 1.8426209148700e-34 1.8426209148700e-34 1.8451647581136e-34 2.1597208474977e-34 2.3594134604734e-34 2.4011203214648e-34 2.4140050711645e-34 2.4524191704412e-34 2.4524191704412e-34
 1  14 2.7737389441172e-34 2.7737389441172e-34 2.9487700529547e-34 3.4152314661224e-34 3.6795255292817e-34 3.7585006121465e-34 3.8149964318504e-34 3.8689045568614e-34 3.8689045568614e-34
 1  15 4.1505323403318e-34 4.1505323403318e-34 4.7241611857411e-34 5.4166816420089e-34 5.7544700456223e-34 5.8963701216883e-34 6.0400559389771e-34 6.0950383097044e-34 6.0950383097044e-34
 1  16 6.1675621785528e-34 6.1675621785528e-34 7.5821451926701e-34 8.6144762701767e-34 9.0258542935714e-34 9.2712203722063e-34 9.5796572328927e-34 9.5849001213683e-34 9.5849001213683e-34
 1  17 9.0936610321597e-34 9.8216235614598e-34 1.1993624881092e-33 1.3436010632494e-33 1.4119538556978e-33 1.4641586618438e-33 1.5044291697575e-33 1.5044291697575e-33 1.5044291697575e-33
 1  18 1.3288231707142e-33 1.5730391934307e-33 1.9009639137437e-33 2.1028148445501e-33 2.2150820855643e-33 2.3166348792418e-33 2.3560504905218e-33 2.3560504905218e-33 2.3560504905218e-33
 1  19 1.9221402608028e-33 2.5215922375412e-33 3.0212212340079e-33 3.2990476707858e-33 3.4782488458328e-33 3.6727795692404e-33 3.6809731322077e-33 3.6809731322077e-33 3.6809731322077e-33
 1  20 2.9512772997530e-33 3.8115092084726e-33 4.7137235305897e-33 5.1489679463970e-33 5.4829152385480e-33 5.7345647018301e-33 5.7345647018301e-33 5.7345647018301e-33 5.7345647018301e-33
 1  21 4.6193250894050e-33 6.1629743526712e-33 7.3510486970992e-33 8.3935013319794e-33 9.0322994923628e-33 9.1483567843034e-33 9.1483567843034e-33 9.1483567843034e-33 9.1483567843034e-33
 1  22 7.6771220138097e-33 9.8818564430089e-33 1.1751023969247e-32 1.3329719494557e-32 1.4215983460359e-32 1.4408037196765e-32 1.4408037196765e-32 1.4408037196765e-32 1.4408037196765e-32
 1  23 1.2250184421012e-32 1.5022424012901e-32 1.7355459977073e-32 2.0587583081047e-32 2.2207921228418e-32 2.3220994586052e-32 2.3472744333696e-32 2.3472744333696e-32 2.3472744333696e-32
 1  24 1.7116199856907e-32 1.8602809358825e-32 2.2253536286702e-32 2.5030891483069e-32 2.8301598719741e-32 2.9198686049778e-32 2.9883423264076e-32 2.9883423264076e-32 2.9883423264076e-32
 1  25 2.5426712757086e-32 2.5426712757086e-32 2.8564215912658e-32 3.0752545583508e-32 3.5744153039896e-32 3.8405965957785e-32 3.8744981467298e-32 3.8756833389090e-32 3.8756833389090e-32
 1  26 3.4486585673499e-32 3.4486585673499e-32 3.7019255843271e-32 3.9983353010946e-32 4.3715747408846e-32 4.8294462474508e-32 4.9073465519534e-32 4.8968041308680e-32 4.8968041308680e-32
 1  27 4.4848327399656e-32 4.4848327399656e-32 4.5430438079655e-32 5.5342144732335e-32 5.6160641448812e-32 6.0977928970445e-32 6.4837417817557e-32 6.9668335196187e-32 6.9668335196187e-32
 1  28 5.9627526937692e-32 5.9627526937692e-32 5.9627526937692e-32 6.4240860311986e-32 7.0185035493035e-32 7.8919117211382e-32 8.2004831024593e-32 8.5276402249612e-32 8.7507243673659e-32
 1  29 7.5155613355487e-32 7.5155613355487e-32 7.5155613355487e-32 8.1920354123071e-32 1.0413082617423e-31 9.3848447949170e-32 1.0951106381794e-31 9.7372415443726e-32 9.6976256215084e-32
 1  30 1.3257222937585e-31 1.3257222937585e-31 1.3257222937585e-31 1.3257222937585e-31 1.4529177179341e-31 1.2237368740789e-31 1.3683037537710e-31 1.6738644589607e-31 1.5503362245114e-31
 1  31 2.4787132158275e-31 2.4787132158275e-31 2.4787132158275e-31 2.4787132158275e-31 2.3471276728999e-31 2.2017528759405e-31 2.1282917670790e-31 1.6132606722098e-31 1.8469657587224e-31
1.44738747 1.44749223 1.44759699  6909.0  6908.0  1
1.0000000000000 
 1   1 1.6024187748827e-35 1.9456596814917e-35 2.2219756137685e-35 2.4263793302999e-35 2.5612609933664e-35 2.5613186775374e-35 2.5613186775374e-35 2.5613186775374e-35 2.5613186775374e-35
 1   2 2.6767125613333e-35 3.2479436967323e-35 3.7092531959627e-35 4.0516053071605e-35 4.2874913797186e-35 4.3397371674547e-35 4.3397371674547e-35 4.3397371674547e-35 4.3397371674547e-35
 1   3 4.0972753863858e-35 4.9731050605119e-35 5.6806636940701e-35 6.2084124439538e-35 6.5683105876503e-35 6.7253779846730e-35 6.7253779846730e-35 6.7253779846730e-35 6.7253779846730e-35
 1   4 6.4787520378252e-35 7.8643487847014e-35 8.9798682428422e-35 9.8132908677159e-35 1.0373664177610e-34 1.0696118119663e-34 1.0696118119663e-34 1.0696118119663e-34 1.0696118119663e-34
 1   5 1.0793934402509e-34 1.2439690778507e-34 1.4206886970794e-34 1.5528593762993e-34 1.6419330347047e-34 1.6952278133957e-34 1.7054349844106e-34 1.7054349844106e-34 1.7054349844106e-34
 1   6 1.8405357899298e-34 1.9834430717999e-34 2.2664357603319e-34 2.4776927581613e-34 2.6211163851086e-34 2.7055272109909e-34 2.7364987320702e-34 2.7364987320702e-34 2.7364987320702e-34
 1   7 3.0674173813935e-34 3.1260003923364e-34 3.5719799643847e-34 3.8990738948817e-34 4.1299634850798e-34 4.2596889294201e-34 4.3162517890363e-34 4.3162517890363e-34 4.3162517890363e-34
 1   8 5.1048946224228e-34 5.1048946224228e-34 5.6430919558819e-34 6.1603783468658e-34 6.5242213990942e-34 6.7318766087643e-34 6.8198201165951e-34 6.8329250418968e-34 6.8329250418968e-34
 1   9 8.4728879756202e-34 8.4728879756202e-34 8.9365598855921e-34 9.7658114570247e-34 1.0334559704991e-33 1.0674478692115e-33 1.0810754303219e-33 1.0837595063681e-33 1.0837595063681e-33
 1  10 1.3944838055927e-33 1.3944838055927e-33 1.4156373774487e-33 1.5478275946704e-33 1.6357665107264e-33 1.6904112023343e-33 1.7108220086974e-33 1.7109342316737e-33 1.7109342316737e-33
 1  11 2.2851369570985e-33 2.2851369570985e-33 2.2851369570985e-33 2.4486276501468e-33 2.5875227769430e-33 2.6736033098987e-33 2.7065491104744e-33 2.7013424051843e-33 2.6993978803886e-33
 1  12 3.6781585579214e-33 3.6781585579214e-33 3.6781585579214e-33 3.8802756279957e-33 4.1004277201474e-33 4.2339697558726e-33 4.2868074922581e-33 4.2770519911722e-33 4.2686325128845e-33
 1  13 5.6394356174379e-33 5.6394356174379e-33 5.6436596829191e-33 6.1660622293940e-33 6.5072465259843e-33 6.7214737592660e-33 6.7965246654622e-33 6.7813923797472e-33 6.7813923797472e-33
 1  14 8.6059579768951e-33 8.6059579768951e-33 8.9120963787836e-33 9.7327361683995e-33 1.0285355899188e-32 1.0618590180547e-32 1.0744290934268e-32 1.0758844289015e-32 1.0758844289015e-32
 1  15 1.3069457698445e-32 1.3069457698445e-32 1.4122284805655e-32 1.5407332291238e-32 1.6296188222084e-32 1.6808036665999e-32 1.7012024608801e-32 1.7050724821566e-32 1.7050724821566e-32
 1  16 1.9735377594691e-32 1.9735377594691e-32 2.2451880387252e-32 2.4460684152740e-32 2.5881837721101e-32 2.6657193794904e-32 2.6978118446358e-32 2.6983425803352e-32 2.6983425803352e-32
 1  17 2.9614132201982e-32 3.1073537825887e-32 3.5435227247028e-32 3.8657418893105e-32 4.0885539047730e-32 4.2137705017585e-32 4.2638753607151e-32 4.2638753607151e-32 4.2638753607151e-32
 1  18 4.4119150621425e-32 4.9222112657667e-32 5.6070727885918e-32 6.1244119666189e-32 6.4702888366577e-32 6.6697719912337e-32 6.7260217469093e-32 6.7260217469093e-32 6.7260217469093e-32
 1  19 6.5205077185663e-32 7.8246710932825e-32 8.9021544883747e-32 9.7296690097646e-32 1.0261551991647e-31 1.0578404142923e-31 1.0591320474850e-31 1.0591320474850e-31 1.0591320474850e-31
 1  20 1.0184152741612e-31 1.2332383949166e-31 1.4066681277999e-31 1.5365006560022e-31 1.6215714172701e-31 1.6644036102276e-31 1.6644036102276e-31 1.6644036102276e-31 1.6644036102276e-31
 1  21 1.6116910346031e-31 1.9539949895626e-31 2.2288160472806e-31 2.4321248482214e-31 2.5710283136806e-31 2.6160772538850e-31 2.6160772538850e-31 2.6160772538850e-31 2.6160772538850e-31
 1  22 2.5335182889459e-31 3.0748757552962e-31 3.5098719066965e-31 3.8344672743597e-31 4.0570612356201e-31 4.1296832766139e-31 4.1296832766139e-31 4.1296832766139e-31 4.1296832766139e-31
 1  23 4.2177992735470e-31 4.8409260077315e-31 5.5469156896941e-31 6.0564144379507e-31 6.3959926566094e-31 6.5887473990708e-31 6.6272819846817e-31 6.6272819846817e-31 6.6272819846817e-31
 1  24 5.7635870402173e-31 6.0858774985574e-31 6.9757149671864e-31 7.6060799253855e-31 8.0202559559429e-31 8.2889542162358e-31 8.3782673366158e-31 8.3782673366158e-31 8.3782673366158e-31
 1  25 7.8209175047214e-31 7.8209175047214e-31 8.7856005794582e-31 9.6085848631694e-31 1.0093566560850e-30 1.0442676157903e-30 1.0557075268125e-30 1.0565667661632e-30 1.0565667661632e-30
 1  26 1.0438285451404e-30 1.0438285451404e-30 1.0982498898829e-30 1.2012184930375e-30 1.2745942610090e-30 1.3133075217613e-30 1.3265741510047e-30 1.3280750221918e-30 1.3280750221918e-30
 1  27 1.3748904482867e-30 1.3748904482867e-30 1.3820626565386e-30 1.5085592023029e-30 1.5931518194887e-30 1.6558099942067e-30 1.6731971543277e-30 1.6658584960757e-30 1.6658584960757e-30
 1  28 1.8025910585679e-30 1.8025910585679e-30 1.8025910585679e-30 1.8904428043709e-30 1.9973285308607e-30 2.0643623657502e-30 2.0973268008501e-30 2.0915456255932e-30 2.0837967668326e-30
 1  29 2.3359498971179e-30 2.3359498971179e-30 2.3359498971179e-30 2.3682876526695e-30 2.5131694943179e-30 2.5991359352614e-30 2.6351180994587e-30 2.6335436893449e-30 2.5998854304594e-30
 1  30 3.0347101947834e-30 3.0347101947834e-30 3.0347101947834e-30 3.0347101947834e-30 3.1460661852300e-30 3.2585493336998e-30 3.3138600104483e-30 3.2989709168822e-30 3.2620908630799e-30
 1  31 3.8873485334235e-30 3.8873485334235e-30 3.8873485334235e-30 3.8873485334235e-30 3.9446137281391e-30 4.0778038208556e-30 4.1408516954609e-30 4.1405496404325e-30 4.0733786958818e-30
1.44759699 1.44770178 1.44780657  6908.0  6907.0  1
1.0000000000000 
 1   1 6.3291623460771e-35 7.3482866756756e-35 8.1108605111509e-35 8.6372638710159e-35 8.9307219031014e-35 8.9308430111619e-35 8.9308430111619e-35 8.9308430111619e-35 8.9308430111619e-35
 1   2 1.0565118228225e-34 1.2265289431585e-34 1.3538058235825e-34 1.4416910158732e-34 1.4931020189493e-34 1.5036464558238e-34 1.5036464558238e-34 1.5036464558238e-34 1.5036464558238e-34
 1   3 1.6175277516007e-34 1.8784679824403e-34 2.0737630526825e-34 2.2080306806628e-34 2.2878593744644e-34 2.3165019473611e-34 2.3165019473611e-34 2.3165019473611e-34 2.3165019473611e-34
 1   4 2.5590518905063e-34 2.9709345499524e-34 3.2778953846267e-34 3.4871806743536e-34 3.6128479081187e-34 3.6635362806344e-34 3.6635362806344e-34 3.6635362806344e-34 3.6635362806344e-34
 1   5 4.2202685426943e-34 4.6997416681352e-34 5.1864045945703e-34 5.5176772697312e-34 5.7167132589094e-34 5.7981589462096e-34 5.8106044926489e-34 5.8106044926489e-34 5.8106044926489e-34
 1   6 7.0900896859006e-34 7.4962353819017e-34 8.2756978799148e-34 8.8054353274678e-34 9.1214807590108e-34 9.2554053814130e-34 9.2772117199757e-34 9.2772117199757e-34 9.2772117199757e-34
 1   7 1.1656838402742e-33 1.1819092438999e-33 1.3046153339269e-33 1.3876292959950e-33 1.4361831819912e-33 1.4573722941842e-33 1.4563932359597e-33 1.4563932359597e-33 1.4563932359597e-33
 1   8 1.9159615686213e-33 1.9159615686213e-33 2.0609145320861e-33 2.1923717183774e-33 2.2691083569411e-33 2.3025256409541e-33 2.2977062977867e-33 2.2952776162553e-33 2.2952776162553e-33
 1   9 3.1438372334131e-33 3.1438372334131e-33 3.2649961708364e-33 3.4743520820598e-33 3.5969047149727e-33 3.6491058476988e-33 3.6432588653295e-33 3.6250794778520e-33 3.6250794778520e-33
 1  10 5.1198039315531e-33 5.1198039315531e-33 5.1732397006895e-33 5.5034474514370e-33 5.6957293072148e-33 5.7742482890879e-33 5.7655617531773e-33 5.6998721901175e-33 5.6998721901175e-33
 1  11 8.3082067271998e-33 8.3082067271998e-33 8.3082067271998e-33 8.7054812061075e-33 9.0101164445948e-33 9.1329614817275e-33 9.1189194670230e-33 8.9850982513895e-33 8.9584079174701e-33
 1  12 1.3313637262470e-32 1.3313637262470e-32 1.3313637262470e-32 1.3794098537849e-32 1.4273421053076e-32 1.4465183854630e-32 1.4437943242418e-32 1.4226136792815e-32 1.4140997206352e-32
 1  13 2.0606232298922e-32 2.0606232298922e-32 2.0616695668013e-32 2.1909901084390e-32 2.2655061647056e-32 2.2945590953334e-32 2.2899110437334e-32 2.2549724128911e-32 2.2549724128911e-32
 1  14 3.1767658423840e-32 3.1767658423840e-32 3.2553467581157e-32 3.4608502070095e-32 3.5797987742428e-32 3.6281894685623e-32 3.6204147489260e-32 3.5917168175922e-32 3.5917168175922e-32
 1  15 4.8779045326955e-32 4.8779045326955e-32 5.1568314158568e-32 5.4811103404407e-32 5.6685417391850e-32 5.7467344479073e-32 5.7316234680275e-32 5.7158812476813e-32 5.7158812476813e-32
 1  16 7.4546107779642e-32 7.4546107779642e-32 8.1953044620967e-32 8.7038897336933e-32 8.9954105694557e-32 9.1179311701475e-32 9.0858813166723e-32 9.0852941572441e-32 9.0852941572441e-32
 1  17 1.1333201996024e-31 1.1741916679827e-31 1.2943202552201e-31 1.3751604123193e-31 1.4222537722986e-31 1.4415299988611e-31 1.4422979493205e-31 1.4422979493205e-31 1.4422979493205e-31
 1  18 1.7127454627569e-31 1.8593284328100e-31 2.0490839014353e-31 2.1763753634994e-31 2.2518326968674e-31 2.2815042901720e-31 2.2863113567702e-31 2.2863113567702e-31 2.2863113567702e-31
 1  19 2.5714613657995e-31 2.9553806419645e-31 3.2546107223279e-31 3.4541001070240e-31 3.5739079018530e-31 3.6172911665622e-31 3.6189763552636e-31 3.6189763552636e-31 3.6189763552636e-31
 1  20 4.0279056843355e-31 4.6679778748837e-31 5.1404767629538e-31 5.4603790869708e-31 5.6493520290067e-31 5.7187668512137e-31 5.7187668512137e-31 5.7187668512137e-31 5.7187668512137e-31
 1  21 6.3752169694530e-31 7.3873759100308e-31 8.1337071475204e-31 8.6445892175290e-31 8.9436697750110e-31 9.0286147583833e-31 9.0286147583833e-31 9.0286147583833e-31 9.0286147583833e-31
 1  22 1.0027136083701e-30 1.1633441590935e-30 1.2820914699390e-30 1.3640019851744e-30 1.4123587194621e-30 1.4261647595532e-30 1.4261647595532e-30 1.4261647595532e-30 1.4261647595532e-30
 1  23 1.6616633918365e-30 1.8416543345180e-30 2.0316140335318e-30 2.1612253572072e-30 2.2332893675227e-30 2.2657079970856e-30 2.2715976939810e-30 2.2715976939810e-30 2.2715976939810e-30
 1  24 2.2274184785370e-30 2.3141904622491e-30 2.5520542832058e-30 2.7130214014718e-30 2.8034379819088e-30 2.8464260924371e-30 2.8536601787116e-30 2.8536601787116e-30 2.8536601787116e-30
 1  25 2.9510496035585e-30 2.9510496035585e-30 3.2142804045269e-30 3.4243421854143e-30 3.5293332030896e-30 3.5793626188188e-30 3.5765455701170e-30 3.5758060431110e-30 3.5758060431110e-30
 1  26 3.8807620034770e-30 3.8807620034770e-30 4.0343361086323e-30 4.2961474766621e-30 4.4375385702864e-30 4.4914676179947e-30 4.4888804019484e-30 4.4708101385502e-30 4.4708101385502e-30
 1  27 5.0756194734042e-30 5.0756194734042e-30 5.0929325303613e-30 5.3977079347951e-30 5.5872119181589e-30 5.6526318463246e-30 5.6587666102822e-30 5.5617256960003e-30 5.5617256960003e-30
 1  28 6.5763954925115e-30 6.5763954925115e-30 6.5763954925115e-30 6.7865174587097e-30 7.0144633046901e-30 7.1129272254132e-30 7.1038106554655e-30 6.9852990077275e-30 6.9264565817118e-30
 1  29 8.4446558721265e-30 8.4446558721265e-30 8.4446558721265e-30 8.5129180515929e-30 8.8127635267588e-30 8.9527071636592e-30 8.9291792210495e-30 8.7937035911568e-30 8.6366033791073e-30
 1  30 1.0841893223510e-29 1.0841893223510e-29 1.0841893223510e-29 1.0841893223510e-29 1.1086544254809e-29 1.1210990174188e-29 1.1204463077236e-29 1.1021515531163e-29 1.0775219183931e-29
 1  31 1.3784480960454e-29 1.3784480960454e-29 1.3784480960454e-29 1.3784480960454e-29 1.3888938585813e-29 1.4099496895514e-29 1.4075619878102e-29 1.3854339555289e-29 1.3529298252089e-29
1.44780657 1.44791140 1.44801622  6907.0  6906.0  1
1.0000000000000 
 1   1 1.5733385771482e-34 1.7623602498534e-34 1.8925056119999e-34 1.9708122472471e-34 2.0057019297699e-34 2.0057152459169e-34 2.0057152459169e-34 2.0057152459169e-34 2.0057152459169e-34
 1   2 2.6255949726675e-34 2.9412778835894e-34 3.1590393600229e-34 3.2903480483170e-34 3.3494308739477e-34 3.3598663709649e-34 3.3598663709649e-34 3.3598663709649e-34 3.3598663709649e-34
 1   3 4.0204827166900e-34 4.5049099079711e-34 4.8392760618202e-34 5.0410083411655e-34 5.1318690035318e-34 5.1517624087095e-34 5.1517624087095e-34 5.1517624087095e-34 5.1517624087095e-34
 1   4 6.3608800305627e-34 7.1228680703668e-34 7.6467454949100e-34 7.9610474295584e-34 8.1006557508178e-34 8.1109725504562e-34 8.1109725504562e-34 8.1109725504562e-34 8.1109725504562e-34
 1   5 1.0399903415572e-33 1.1268381600834e-33 1.2098879379949e-33 1.2598002546503e-33 1.2820371180190e-33 1.2820881785549e-33 1.2810562230845e-33 1.2810562230845e-33 1.2810562230845e-33
 1   6 1.7261664344085e-33 1.7977966520438e-33 1.9306407379982e-33 2.0105468032052e-33 2.0462105671252e-33 2.0463916667236e-33 2.0372299739559e-33 2.0372299739559e-33 2.0372299739559e-33
 1   7 2.8067972890935e-33 2.8345898326377e-33 3.0426932913646e-33 3.1671219397930e-33 3.2217552437994e-33 3.2208820719019e-33 3.1861756011939e-33 3.1861756011939e-33 3.1861756011939e-33
 1   8 4.5669145717476e-33 4.5669145717476e-33 4.8069582323672e-33 5.0037837411528e-33 5.0906068559305e-33 5.0893446688713e-33 5.0198744221057e-33 5.0035897845850e-33 5.0035897845850e-33
 1   9 7.4244215851096e-33 7.4244215851096e-33 7.6173606156978e-33 7.9305784323141e-33 8.0694814569630e-33 8.0684264507832e-33 7.9587249098606e-33 7.8759010472696e-33 7.8759010472696e-33
 1  10 1.1987773674290e-32 1.1987773674290e-32 1.2068922457431e-32 1.2559795674023e-32 1.2774606981060e-32 1.2768165272018e-32 1.2590846357300e-32 1.2344058665185e-32 1.2344058665185e-32
 1  11 1.9300064118591e-32 1.9300064118591e-32 1.9300064118591e-32 1.9868281924731e-32 2.0207184292913e-32 2.0196187543261e-32 1.9914924071204e-32 1.9431447652814e-32 1.9342060123642e-32
 1  12 3.0816909776687e-32 3.0816909776687e-32 3.0816909776687e-32 3.1479065744505e-32 3.2007806042241e-32 3.1983681959426e-32 3.1532430249296e-32 3.0761846682558e-32 3.0488773467391e-32
 1  13 4.8061855652367e-32 4.8061855652367e-32 4.8077278138250e-32 4.9980950097104e-32 5.0791241863013e-32 5.0727195053309e-32 4.9989983771190e-32 4.8763108562294e-32 4.8763108562294e-32
 1  14 7.4707679478163e-32 7.4707679478163e-32 7.5928077713186e-32 7.8975540940221e-32 8.0288932533339e-32 8.0214318029420e-32 7.9068622460391e-32 7.7912870537191e-32 7.7912870537191e-32
 1  15 1.1574245341120e-31 1.1574245341120e-31 1.2026286395706e-31 1.2508061579896e-31 1.2715142542209e-31 1.2702548295734e-31 1.2520243227854e-31 1.2439968718636e-31 1.2439968718636e-31
 1  16 1.7860893748315e-31 1.7860893748315e-31 1.9105289700511e-31 1.9857616664486e-31 2.0174642788925e-31 2.0144655928036e-31 1.9846964334679e-31 1.9841846232275e-31 1.9841846232275e-31
 1  17 2.7443152240003e-31 2.8151695565894e-31 3.0183448213719e-31 3.1386663072323e-31 3.1899865097982e-31 3.1861746167174e-31 3.1614763049122e-31 3.1614763049122e-31 3.1614763049122e-31
 1  18 4.1958020126612e-31 4.4571595458321e-31 4.7786812308667e-31 4.9686923695133e-31 5.0499688701156e-31 5.0439747893219e-31 5.0310039144572e-31 5.0310039144572e-31 5.0310039144572e-31
 1  19 6.3803407142294e-31 7.0827832244389e-31 7.5886605096995e-31 7.8852856945815e-31 8.0106187830571e-31 7.9971429158193e-31 7.9963360564969e-31 7.9963360564969e-31 7.9963360564969e-31
 1  20 1.0006240496120e-30 1.1186946518697e-30 1.1991415355789e-30 1.2465811961939e-30 1.2667605785761e-30 1.2691294347918e-30 1.2691294347918e-30 1.2691294347918e-30 1.2691294347918e-30
 1  21 1.5834569063204e-30 1.7701886038072e-30 1.8975326339787e-30 1.9727584419794e-30 2.0044879497340e-30 2.0107711080985e-30 2.0107711080985e-30 2.0107711080985e-30 2.0107711080985e-30
 1  22 2.4907414382624e-30 2.7896299669872e-30 2.9934862661769e-30 3.1147632408654e-30 3.1669446576125e-30 3.1775312537755e-30 3.1775312537755e-30 3.1775312537755e-30 3.1775312537755e-30
 1  23 4.0849278808589e-30 4.4146591244001e-30 4.7365489742655e-30 4.9281763706247e-30 5.0100005575549e-30 5.0070815699829e-30 5.0017073978901e-30 5.0017073978901e-30 5.0017073978901e-30
 1  24 5.3926034681261e-30 5.5472834783666e-30 5.9556159854468e-30 6.1970083583260e-30 6.3022897701257e-30 6.2947158249245e-30 6.2517649540573e-30 6.2517649540573e-30 6.2517649540573e-30
 1  25 7.0635880599669e-30 7.0635880599669e-30 7.5039692450278e-30 7.8073588826813e-30 7.9359997182206e-30 7.9160204519967e-30 7.8088612585012e-30 7.7980286548804e-30 7.7980286548804e-30
 1  26 9.1760187407109e-30 9.1760187407109e-30 9.4089735091795e-30 9.7925645873217e-30 9.9605312572294e-30 9.9445437817418e-30 9.8063455188535e-30 9.7078191558704e-30 9.7078191558704e-30
 1  27 1.1814251618081e-29 1.1814251618081e-29 1.1841335007924e-29 1.2315061112096e-29 1.2552689269945e-29 1.2523430181118e-29 1.2339982344650e-29 1.2055677469039e-29 1.2055677469039e-29
 1  28 1.5162206983234e-29 1.5162206983234e-29 1.5162206983234e-29 1.5456826116476e-29 1.5743287130845e-29 1.5730885947563e-29 1.5499345533897e-29 1.5117866960163e-29 1.4957971140428e-29
 1  29 1.9402969303825e-29 1.9402969303825e-29 1.9402969303825e-29 1.9477830802617e-29 1.9778963491117e-29 1.9780922522982e-29 1.9516496855516e-29 1.9027707872693e-29 1.8536386592919e-29
 1  30 2.4671675667375e-29 2.4671675667375e-29 2.4671675667375e-29 2.4671675667375e-29 2.4853448847571e-29 2.4868969134584e-29 2.4501096954980e-29 2.3902402071541e-29 2.3112511997506e-29
 1  31 3.1083787078681e-29 3.1083787078681e-29 3.1083787078681e-29 3.1083787078681e-29 3.1148585593513e-29 3.1168344431036e-29 3.0764603310851e-29 3.0022118196837e-29 2.9033989746214e-29
1.44801622 1.44812107 1.44822592  6906.0  6905.0  1
1.0000000000000 
 1   1 3.1234094834010e-34 3.3977039729144e-34 3.5694365803186e-34 3.6522990597358e-34 3.6669273063300e-34 3.6669298318062e-34 3.6669298318062e-34 3.6669298318062e-34 3.6669298318062e-34
 1   2 5.2115858876168e-34 5.6712432088742e-34 5.9585156611159e-34 6.0987553514114e-34 6.1195749175679e-34 6.1178332573832e-34 6.1178332573832e-34 6.1178332573832e-34 6.1178332573832e-34
 1   3 7.9804559433165e-34 8.6881173178359e-34 9.1279349576808e-34 9.3448357059266e-34 9.3782436227189e-34 9.3452783530181e-34 9.3452783530181e-34 9.3452783530181e-34 9.3452783530181e-34
 1   4 1.2621801715332e-33 1.3734504464011e-33 1.4418245446847e-33 1.4754648971178e-33 1.4802252818966e-33 1.4660628708566e-33 1.4660628708566e-33 1.4660628708566e-33 1.4660628708566e-33
 1   5 2.0484048844704e-33 2.1728039618691e-33 2.2815908212499e-33 2.3349863664390e-33 2.3430333599544e-33 2.3155514040581e-33 2.3077650396809e-33 2.3077650396809e-33 2.3077650396809e-33
 1   6 3.3671113650923e-33 3.4665556157780e-33 3.6414823994918e-33 3.7265231709600e-33 3.7400534782800e-33 3.6966964711759e-33 3.6583801307848e-33 3.6583801307848e-33 3.6583801307848e-33
 1   7 5.4267464450459e-33 5.4639449637776e-33 5.7385764436442e-33 5.8712816743284e-33 5.8879127153406e-33 5.8188582997016e-33 5.7045087806475e-33 5.7045087806475e-33 5.7045087806475e-33
 1   8 8.7585092256410e-33 8.7585092256410e-33 9.0653602709797e-33 9.2763019975508e-33 9.3042449676377e-33 9.1953545178173e-33 8.9797453439894e-33 8.9330547083748e-33 8.9330547083748e-33
 1   9 1.4133099353683e-32 1.4133099353683e-32 1.4365722338871e-32 1.4702413308305e-32 1.4751548972170e-32 1.4578933504223e-32 1.4240326478997e-32 1.4023397812760e-32 1.4023397812760e-32
 1  10 2.2663885201527e-32 2.2663885201527e-32 2.2754210187444e-32 2.3278051612473e-32 2.3350877895610e-32 2.3067259026747e-32 2.2529173548923e-32 2.1923256169584e-32 2.1923256169584e-32
 1  11 3.6257949865697e-32 3.6257949865697e-32 3.6257949865697e-32 3.6819900817579e-32 3.6936759649730e-32 3.6488646509517e-32 3.5636992036139e-32 3.4478154440268e-32 3.4268825345009e-32
 1  12 5.7727734110196e-32 5.7727734110196e-32 5.7727734110196e-32 5.8328740861884e-32 5.8500609890918e-32 5.7784128451676e-32 5.6423217499427e-32 5.4584180097453e-32 5.3957259572800e-32
 1  13 9.0583118599153e-32 9.0583118599153e-32 9.0599334543723e-32 9.2596011615614e-32 9.2816399173978e-32 9.1620316039601e-32 8.9434566578852e-32 8.6502178371291e-32 8.6502178371291e-32
 1  14 1.4173550171410e-31 1.4173550171410e-31 1.4314704708551e-31 1.4637163967880e-31 1.4675033693886e-31 1.4491554307149e-31 1.4146578453530e-31 1.3855558966108e-31 1.3855558966108e-31
 1  15 2.2116390185297e-31 2.2116390185297e-31 2.2675885529481e-31 2.3184848722511e-31 2.3239010800220e-31 2.2949307866471e-31 2.2397373301952e-31 2.2180489892248e-31 2.2180489892248e-31
 1  16 3.4395728776388e-31 3.4395728776388e-31 3.6017367902133e-31 3.6801622468171e-31 3.6860190298706e-31 3.6387448788602e-31 3.5491195471806e-31 3.5475895237336e-31 3.5475895237336e-31
 1  17 5.3299377702442e-31 5.4261529232545e-31 5.6926356117949e-31 5.8180942430672e-31 5.8298557693438e-31 5.7556157779255e-31 5.6690241620666e-31 5.6690241620666e-31 5.6690241620666e-31
 1  18 8.2250458797657e-31 8.5923239175050e-31 9.0139944298456e-31 9.2088697641158e-31 9.2289848234471e-31 9.1103943705678e-31 9.0492818298618e-31 9.0492818298618e-31 9.0492818298618e-31
 1  19 1.2635716034616e-30 1.3652433072089e-30 1.4312332090753e-30 1.4608455104448e-30 1.4637627112654e-30 1.4438922487986e-30 1.4430190915949e-30 1.4430190915949e-30 1.4430190915949e-30
 1  20 1.9870137089916e-30 2.1573285464144e-30 2.2619783886094e-30 2.3101499590270e-30 2.3149173879557e-30 2.2982498184565e-30 2.2982498184565e-30 2.2982498184565e-30 2.2982498184565e-30
 1  21 3.1437368256244e-30 3.4130653389685e-30 3.5782706315867e-30 3.6563723570463e-30 3.6639895604396e-30 3.6571073701540e-30 3.6571073701540e-30 3.6571073701540e-30 3.6571073701540e-30
 1  22 4.9533296927831e-30 5.3835324133196e-30 5.6520755083582e-30 5.7781471834444e-30 5.7909042123768e-30 5.7808829819767e-30 5.7808829819767e-30 5.7808829819767e-30 5.7808829819767e-30
 1  23 8.0724977460799e-30 8.5296337693406e-30 8.9497046689686e-30 9.1478467490596e-30 9.1659903633052e-30 9.0498695770372e-30 9.0141450812016e-30 9.0141450812016e-30 9.0141450812016e-30
 1  24 1.0522968252516e-29 1.0729133034531e-29 1.1255111273191e-29 1.1507515677149e-29 1.1535940447105e-29 1.1381178434379e-29 1.1221190079729e-29 1.1221190079729e-29 1.1221190079729e-29
 1  25 1.3637031462985e-29 1.3637031462985e-29 1.4180115119280e-29 1.4505206075362e-29 1.4528658786333e-29 1.4344601573593e-29 1.3979633335233e-29 1.3943600389680e-29 1.3943600389680e-29
 1  26 1.7539204766924e-29 1.7539204766924e-29 1.7798165608173e-29 1.8192382402930e-29 1.8255987743977e-29 1.8023693509294e-29 1.7580807862989e-29 1.7297768383537e-29 1.7297768383537e-29
 1  27 2.2425459059338e-29 2.2425459059338e-29 2.2454247198108e-29 2.2946400539803e-29 2.2990824822309e-29 2.2689466438894e-29 2.2135329750278e-29 2.1426555933455e-29 2.1426555933455e-29
 1  28 2.8547445675482e-29 2.8547445675482e-29 2.8547445675482e-29 2.8766682706995e-29 2.8850626169181e-29 2.8498885157494e-29 2.7812959189269e-29 2.6880619512457e-29 2.6504416181211e-29
 1  29 3.6120837171841e-29 3.6120837171841e-29 3.6120837171841e-29 3.6178473634693e-29 3.6325259589110e-29 3.5858793338049e-29 3.4955559277521e-29 3.3793341806253e-29 3.2784362154716e-29
 1  30 4.5666034865716e-29 4.5666034865716e-29 4.5666034865716e-29 4.5666034865716e-29 4.5625834087393e-29 4.5065135695271e-29 4.3975336199177e-29 4.2521433628566e-29 4.0832074085191e-29
 1  31 5.7335602501357e-29 5.7335602501357e-29 5.7335602501357e-29 5.7335602501357e-29 5.7185482280724e-29 5.6521975340758e-29 5.5199048043427e-29 5.3371292377955e-29 5.1261911587834e-29
1.44822592 1.44833080 1.44843569  6905.0  6904.0  1
1.0000000000000 
 1   1 5.4696675090497e-34 5.8049699257821e-34 5.9820388642793e-34 6.0311570793994e-34 5.9896901386417e-34 5.9896648838803e-34 5.9896648838803e-34 5.9896648838803e-34 5.9896648838803e-34
 1   2 9.1279671001045e-34 9.6903676785760e-34 9.9881415198034e-34 1.0072001103120e-33 9.9888256942498e-34 9.9586090609489e-34 9.9586090609489e-34 9.9586090609489e-34 9.9586090609489e-34
 1   3 1.3982459385283e-33 1.4846235593141e-33 1.5304262375164e-33 1.5433882667862e-33 1.5307404067488e-33 1.5163386724058e-33 1.5163386724058e-33 1.5163386724058e-33 1.5163386724058e-33
 1   4 2.2111427101211e-33 2.3460630129726e-33 2.4169846279196e-33 2.4362274704425e-33 2.4153225891101e-33 2.3715416693557e-33 2.3715416693557e-33 2.3715416693557e-33 2.3715416693557e-33
 1   5 3.5660090500133e-33 3.7122886690555e-33 3.8251438409162e-33 3.8561188517443e-33 3.8234114561166e-33 3.7426898917037e-33 3.7224618379779e-33 3.7224618379779e-33 3.7224618379779e-33
 1   6 5.8131700090696e-33 5.9244779364909e-33 6.1053732927710e-33 6.1553586186458e-33 6.1034682572387e-33 5.9749048074313e-33 5.8851565484299e-33 5.8851565484299e-33 5.8851565484299e-33
 1   7 9.2981823555234e-33 9.3372403593814e-33 9.6179484103577e-33 9.6920993286916e-33 9.6065218705838e-33 9.4009506838280e-33 9.1533937775967e-33 9.1533937775967e-33 9.1533937775967e-33
 1   8 1.4902926195933e-32 1.4902926195933e-32 1.5196867374563e-32 1.5314760641743e-32 1.5180846855930e-32 1.4856407476367e-32 1.4395623976420e-32 1.4299422988117e-32 1.4299422988117e-32
 1   9 2.3895174391711e-32 2.3895174391711e-32 2.4089038389417e-32 2.4279136397096e-32 2.4069024128726e-32 2.3557506292598e-32 2.2827054102997e-32 2.2396610112245e-32 2.2396610112245e-32
 1  10 3.8094033838115e-32 3.8094033838115e-32 3.8152705699900e-32 3.8438744617757e-32 3.8091059837407e-32 3.7270332620399e-32 3.6104636014991e-32 3.4937799180062e-32 3.4937799180062e-32
 1  11 6.0613831350222e-32 6.0613831350222e-32 6.0613831350222e-32 6.0809086839365e-32 6.0256081399492e-32 5.8955320493175e-32 5.7109594528344e-32 5.4893899349007e-32 5.4500249800804e-32
 1  12 9.6268620370832e-32 9.6268620370832e-32 9.6268620370832e-32 9.6330851041765e-32 9.5434483702017e-32 9.3355951081006e-32 9.0419478030575e-32 8.6897497121472e-32 8.5730766081035e-32
 1  13 1.5185021917990e-31 1.5185021917990e-31 1.5185845939530e-31 1.5286015690635e-31 1.5135992048617e-31 1.4800210911811e-31 1.4328867064490e-31 1.3771574596720e-31 1.3771574596720e-31
 1  14 2.3894638072413e-31 2.3894638072413e-31 2.3998944388139e-31 2.4167815906578e-31 2.3939285698846e-31 2.3413522340554e-31 2.2672601198265e-31 2.2105293518626e-31 2.2105293518626e-31
 1  15 3.7514367010871e-31 3.7514367010871e-31 3.8011855028049e-31 3.8276785593848e-31 3.7913416780122e-31 3.7077198310812e-31 3.5902009588521e-31 3.5465696648348e-31 3.5465696648348e-31
 1  16 5.8733189676689e-31 5.8733189676689e-31 6.0348017988165e-31 6.0731807489753e-31 6.0126409091170e-31 5.8772728604673e-31 5.6889779435729e-31 5.6857735459726e-31 5.6857735459726e-31
 1  17 9.1677199386732e-31 9.2712734678168e-31 9.5399585625730e-31 9.6046878642976e-31 9.5115379303565e-31 9.2996282723496e-31 9.1083875666121e-31 9.1083875666121e-31 9.1083875666121e-31
 1  18 1.4260599054571e-30 1.4679269705328e-30 1.5104506197332e-30 1.5206741292011e-30 1.5058489825277e-30 1.4723003737552e-30 1.4577657152457e-30 1.4577657152457e-30 1.4577657152457e-30
 1  19 2.2100503144047e-30 2.3312710534434e-30 2.3972224931347e-30 2.4121514594693e-30 2.3875038820003e-30 2.3333914571732e-30 2.3310711253642e-30 2.3310711253642e-30 2.3310711253642e-30
 1  20 3.4776276264557e-30 3.6843656735563e-30 3.7902767741699e-30 3.8151096095486e-30 3.7770551898701e-30 3.7236324510885e-30 3.7236324510885e-30 3.7236324510885e-30 3.7236324510885e-30
 1  21 5.5032819976684e-30 5.8307890178188e-30 5.9990126037718e-30 6.0382884091005e-30 5.9781493657961e-30 5.9411135825022e-30 5.9411135825022e-30 5.9411135825022e-30 5.9411135825022e-30
 1  22 8.6735120209321e-30 9.2004795556374e-30 9.4736125329380e-30 9.5415677673195e-30 9.4511935046791e-30 9.3936277595679e-30 9.3936277595679e-30 9.3936277595679e-30 9.3936277595679e-30
 1  23 1.4018973463613e-29 1.4566181318327e-29 1.4996643211858e-29 1.5106087190214e-29 1.4961526587661e-29 1.4628778555418e-29 1.4537221651421e-29 1.4537221651421e-29 1.4537221651421e-29
 1  24 1.8083222800168e-29 1.8316228726151e-29 1.8866146424483e-29 1.8993205138665e-29 1.8813601638922e-29 1.8398324499296e-29 1.8034167257999e-29 1.8034167257999e-29 1.8034167257999e-29
 1  25 2.3204739967718e-29 2.3204739967718e-29 2.3764853057693e-29 2.3910635422054e-29 2.3678924984885e-29 2.3141230923169e-29 2.2410023031760e-29 2.2339404597377e-29 2.2339404597377e-29
 1  26 2.9598311294044e-29 2.9598311294044e-29 2.9816723786800e-29 3.0023020976499e-29 2.9758801443722e-29 2.9098773214718e-29 2.8163680059939e-29 2.7631058115287e-29 2.7631058115287e-29
 1  27 3.7578224471946e-29 3.7578224471946e-29 3.7593021030597e-29 3.7826997444715e-29 3.7490137251114e-29 3.6645598914907e-29 3.5461549222160e-29 3.4135606640760e-29 3.4135606640760e-29
 1  28 4.7517855627696e-29 4.7517855627696e-29 4.7517855627696e-29 4.7479087259769e-29 4.7057723880593e-29 4.6007457105873e-29 4.4548429756050e-29 4.2803167086774e-29 4.2117382554030e-29
 1  29 5.9890174035186e-29 5.9890174035186e-29 5.9890174035186e-29 5.9797891898194e-29 5.9195731845489e-29 5.7876313351775e-29 5.6005603430012e-29 5.3809290977026e-29 5.1894663834000e-29
 1  30 7.5181076773055e-29 7.5181076773055e-29 7.5181076773055e-29 7.5181076773055e-29 7.4438847446613e-29 7.2725082759724e-29 7.0443210868959e-29 6.7678700934130e-29 6.4573114824681e-29
 1  31 9.3988408607228e-29 9.3988408607228e-29 9.3988408607228e-29 9.3988408607228e-29 9.3407794895775e-29 9.1404298122878e-29 8.8488416112951e-29 8.4989482886486e-29 8.1119808145726e-29
1.44843569 1.44854060 1.44864552  6904.0  6903.0  1
1.0000000000000 
 1   1 8.7587599365455e-34 9.1073628881865e-34 9.2388235642267e-34 9.2005272439738e-34 9.0533645348005e-34 9.0532892296937e-34 9.0532892296937e-34 9.0532892296937e-34 9.0532892296937e-34
 1   2 1.4619701301349e-33 1.5205734826401e-33 1.5428539678695e-33 1.5366979590556e-33 1.5090345362189e-33 1.5009501656566e-33 1.5009501656566e-33 1.5009501656566e-33 1.5009501656566e-33
 1   3 2.2398425883675e-33 2.3299027207137e-33 2.3642947466829e-33 2.3549807906626e-33 2.3126453616177e-33 2.2793538922345e-33 2.2793538922345e-33 2.2793538922345e-33 2.2793538922345e-33
 1   4 3.5407869820064e-33 3.6806719117803e-33 3.7329722268422e-33 3.7165413872116e-33 3.6483579394181e-33 3.5559280839290e-33 3.5559280839290e-33 3.5559280839290e-33 3.5559280839290e-33
 1   5 5.6803306985610e-33 5.8249367075213e-33 5.9086355787197e-33 5.8833723684106e-33 5.7758697366080e-33 5.6084830144708e-33 5.5684019631856e-33 5.5684019631856e-33 5.5684019631856e-33
 1   6 9.1967408664673e-33 9.2973014694442e-33 9.4318977766653e-33 9.3923299021326e-33 9.2210251103873e-33 8.9539344267812e-33 8.7840416976248e-33 8.7840416976248e-33 8.7840416976248e-33
 1   7 1.4618585867412e-32 1.4649279494280e-32 1.4855198186553e-32 1.4787025391677e-32 1.4511370497042e-32 1.4086626184523e-32 1.3633502499640e-32 1.3633502499640e-32 1.3633502499640e-32
 1   8 2.3296689075405e-32 2.3296689075405e-32 2.3473595097732e-32 2.3366967474537e-32 2.2933487769624e-32 2.2262308413295e-32 2.1427306286764e-32 2.1256045576057e-32 2.1256045576057e-32
 1   9 3.7157970054140e-32 3.7157970054140e-32 3.7213603263028e-32 3.7048131861999e-32 3.6364899280470e-32 3.5303480778924e-32 3.3979277576515e-32 3.3230046864659e-32 3.3230046864659e-32
 1  10 5.8951782255179e-32 5.8951782255179e-32 5.8928284123106e-32 5.8644319952778e-32 5.7543698714631e-32 5.5847119473033e-32 5.3738411912036e-32 5.1745325975386e-32 5.1745325975386e-32
 1  11 9.3383716257572e-32 9.3383716257572e-32 9.3383716257572e-32 9.2775392053550e-32 9.1030417709528e-32 8.8343484477362e-32 8.5003758089882e-32 8.1244415483989e-32 8.0582400575493e-32
 1  12 1.4801418144509e-31 1.4801418144509e-31 1.4801418144509e-31 1.4696384197780e-31 1.4416971541578e-31 1.3988996382836e-31 1.3458026760064e-31 1.2860822732601e-31 1.2665976315492e-31
 1  13 2.3447886742406e-31 2.3447886742406e-31 2.3446840552434e-31 2.3314397603927e-31 2.2860583903859e-31 2.2172771596340e-31 2.1323679112899e-31 2.0379888804556e-31 2.0379888804556e-31
 1  14 3.7069007466175e-31 3.7069007466175e-31 3.7066444888490e-31 3.6871634911706e-31 3.6164118967878e-31 3.5083531679953e-31 3.3746011889790e-31 3.2769404130161e-31 3.2769404130161e-31
 1  15 5.8492622406804e-31 5.8492622406804e-31 5.8710413298147e-31 5.8398728620038e-31 5.7273733506527e-31 5.5558414533988e-31 5.3437361931319e-31 5.2671508553848e-31 5.2671508553848e-31
 1  16 9.2081400172228e-31 9.2081400172228e-31 9.3180186463693e-31 9.2635048607511e-31 9.0807070256389e-31 8.8051739709926e-31 8.4662601417409e-31 8.4605021002129e-31 8.4605021002129e-31
 1  17 1.4459416526696e-30 1.4545462713177e-30 1.4734818866371e-30 1.4653541425373e-30 1.4368020430327e-30 1.3934927874478e-30 1.3581115359626e-30 1.3581115359626e-30 1.3581115359626e-30
 1  18 2.2639846283278e-30 2.3030977452384e-30 2.3330839478510e-30 2.3200562730993e-30 2.2747922174288e-30 2.2062195193747e-30 2.1783176093054e-30 2.1783176093054e-30 2.1783176093054e-30
 1  19 3.5339727382330e-30 3.6564332946734e-30 3.7018265606830e-30 3.6791641580737e-30 3.6059468467406e-30 3.4959634575376e-30 3.4912874350496e-30 3.4912874350496e-30 3.4912874350496e-30
 1  20 5.5685033143085e-30 5.7804402437844e-30 5.8543782742138e-30 5.8202949565711e-30 5.7056757938066e-30 5.5905706346577e-30 5.5905706346577e-30 5.5905706346577e-30 5.5905706346577e-30
 1  21 8.8128899159114e-30 9.1488006862351e-30 9.2662342645942e-30 9.2129130885245e-30 9.0315484161248e-30 8.9432746208300e-30 8.9432746208300e-30 8.9432746208300e-30 8.9432746208300e-30
 1  22 1.3898854115761e-29 1.4443624465390e-29 1.4639371170112e-29 1.4562813950190e-29 1.4281939637293e-29 1.4143277195195e-29 1.4143277195195e-29 1.4143277195195e-29 1.4143277195195e-29
 1  23 2.2334675536584e-29 2.2867849681462e-29 2.3174176362280e-29 2.3049326449003e-29 2.2602157113204e-29 2.1922983936847e-29 2.1744430670776e-29 2.1744430670776e-29 2.1744430670776e-29
 1  24 2.8557517687238e-29 2.8755686850719e-29 2.9151128416550e-29 2.8989365347550e-29 2.8427363943450e-29 2.7572073501475e-29 2.6898187604668e-29 2.6898187604668e-29 2.6898187604668e-29
 1  25 3.6322972547301e-29 3.6322972547301e-29 3.6709142566010e-29 3.6509219000720e-29 3.5779583450555e-29 3.4695284891865e-29 3.3360543218031e-29 3.3232450821136e-29 3.3232450821136e-29
 1  26 4.6012181652768e-29 4.6012181652768e-29 4.6087584819356e-29 4.5869232511911e-29 4.4984992935460e-29 4.3623787780485e-29 4.1940233110333e-29 4.1003554072615e-29 4.1003554072615e-29
 1  27 5.8047155374905e-29 5.8047155374905e-29 5.8035304887216e-29 5.7770176556246e-29 5.6592000949830e-29 5.4914076615500e-29 5.2751726733377e-29 5.0506941031103e-29 5.0506941031103e-29
 1  28 7.2994020820864e-29 7.2994020820864e-29 7.2994020820864e-29 7.2519188811607e-29 7.1115817827912e-29 6.8988086536539e-29 6.6327257836560e-29 6.3325557592018e-29 6.2185172342229e-29
 1  29 9.1586394799120e-29 9.1586394799120e-29 9.1586394799120e-29 9.1246552423370e-29 8.9416834716768e-29 8.6751076839837e-29 8.3408830051410e-29 7.9667079188675e-29 7.6536516175260e-29
 1  30 1.1444850731583e-28 1.1444850731583e-28 1.1444850731583e-28 1.1444850731583e-28 1.1245750501345e-28 1.0912570639497e-28 1.0493946895666e-28 1.0020887945664e-28 9.5135998038716e-29
 1  31 1.4263878928313e-28 1.4263878928313e-28 1.4263878928313e-28 1.4263878928313e-28 1.4124595674735e-28 1.3697047653024e-28 1.3172789059156e-28 1.2580196063449e-28 1.1952365771997e-28
1.44864552 1.44875046 1.44885540  6903.0  6902.0  1
1.0000000000000 
 1   1 1.3162399628661e-33 1.3455111497340e-33 1.3473396862980e-33 1.3279716719938e-33 1.2969014277561e-33 1.2968862748993e-33 1.2968862748993e-33 1.2968862748993e-33 1.2968862748993e-33
 1   2 2.1974851188035e-33 2.2469115338487e-33 2.2503358958295e-33 2.2183374702321e-33 2.1607444918556e-33 2.1450321731469e-33 2.1450321731469e-33 2.1450321731469e-33 2.1450321731469e-33
 1   3 3.3670522230328e-33 3.4433069089126e-33 3.4486858975936e-33 3.3999546772543e-33 3.3114270956679e-33 3.2502841243519e-33 3.2502841243519e-33 3.2502841243519e-33 3.2502841243519e-33
 1   4 5.3206319986033e-33 5.4381127407344e-33 5.4437110325802e-33 5.3648118517530e-33 5.2229083777736e-33 5.0600359212855e-33 5.0600359212855e-33 5.0600359212855e-33 5.0600359212855e-33
 1   5 8.4991959065336e-33 8.6075742816275e-33 8.6176262276950e-33 8.4935079832435e-33 8.2694330460379e-33 7.9766563414984e-33 7.9082748963752e-33 7.9082748963752e-33 7.9082748963752e-33
 1   6 1.3682748366100e-32 1.3740443098206e-32 1.3757893311844e-32 1.3560041449553e-32 1.3203239241144e-32 1.2734788579294e-32 1.2452149778847e-32 1.2452149778847e-32 1.2452149778847e-32
 1   7 2.1636745584618e-32 2.1644929964036e-32 2.1664886919377e-32 2.1345618245590e-32 2.0776185272164e-32 2.0032010655385e-32 1.9293027315533e-32 1.9293027315533e-32 1.9293027315533e-32
 1   8 3.4317625992984e-32 3.4317625992984e-32 3.4236693206930e-32 3.3733343587172e-32 3.2836344419210e-32 3.1659836204510e-32 3.0304899702299e-32 3.0030307160683e-32 3.0030307160683e-32
 1   9 5.4497951709348e-32 5.4497951709348e-32 5.4283371093077e-32 5.3489377556343e-32 5.2071619697288e-32 5.0210588796009e-32 4.8058108764124e-32 4.6873889306483e-32 4.6873889306483e-32
 1  10 8.6114976409602e-32 8.6114976409602e-32 8.5943354234382e-32 8.4657486841489e-32 8.2387918756054e-32 7.9422740133576e-32 7.5995080891183e-32 7.2883470937424e-32 7.2883470937424e-32
 1  11 1.3590646032724e-31 1.3590646032724e-31 1.3590646032724e-31 1.3393207650571e-31 1.3033556925477e-31 1.2564096220106e-31 1.2021122449023e-31 1.1436422154969e-31 1.1334143566999e-31
 1  12 2.1505036732333e-31 2.1505036732333e-31 2.1505036732333e-31 2.1215329096607e-31 2.0641504476287e-31 1.9894595365774e-31 1.9032074034870e-31 1.8103087902381e-31 1.7803490832681e-31
 1  13 3.4189641106802e-31 3.4189641106802e-31 3.4185331744512e-31 3.3647818144689e-31 3.2723907796807e-31 3.1527943387359e-31 3.0150583742659e-31 2.8685529868399e-31 2.8685529868399e-31
 1  14 5.4260306718420e-31 5.4260306718420e-31 5.4058798774824e-31 5.3226779171335e-31 5.1777850728579e-31 4.9893312291273e-31 4.7723448461181e-31 4.6190838926579e-31 4.6190838926579e-31
 1  15 8.5979390189200e-31 8.5979390189200e-31 8.5626299898078e-31 8.4303549018939e-31 8.2002655184549e-31 7.9010269745322e-31 7.5574398499394e-31 7.4357268138666e-31 7.4357268138666e-31
 1  16 1.3597087036470e-30 1.3597087036470e-30 1.3585867177990e-30 1.3369369330433e-30 1.2998876080546e-30 1.2519532053772e-30 1.1972310281204e-30 1.1963022935437e-30 1.1963022935437e-30
 1  17 2.1457763521718e-30 2.1491580143203e-30 2.1489503749981e-30 2.1153203279770e-30 2.0570916040520e-30 1.9816914467292e-30 1.9236118695274e-30 1.9236118695274e-30 1.9236118695274e-30
 1  18 3.3780751039241e-30 3.4030839813367e-30 3.4027334019016e-30 3.3491146847018e-30 3.2567885372018e-30 3.1376787979380e-30 3.0908928062216e-30 3.0908928062216e-30 3.0908928062216e-30
 1  19 5.3045813226619e-30 5.4010316685819e-30 5.3975375351340e-30 5.3097674156587e-30 5.1616235301669e-30 4.9714180117745e-30 4.9633686026182e-30 4.9633686026182e-30 4.9633686026182e-30
 1  20 8.3693189093800e-30 8.5410644644871e-30 8.5379310667456e-30 8.4013675873608e-30 8.1687709214913e-30 7.9639264547306e-30 7.9639264547306e-30 7.9639264547306e-30 7.9639264547306e-30
 1  21 1.3246674051281e-29 1.3519674620898e-29 1.3514795096828e-29 1.3301123701927e-29 1.2932711359159e-29 1.2767246893546e-29 1.2767246893546e-29 1.2767246893546e-29 1.2767246893546e-29
 1  22 2.0906915960335e-29 2.1354685644609e-29 2.1361238320318e-29 2.1032206731014e-29 2.0455068721258e-29 2.0194002898765e-29 2.0194002898765e-29 2.0194002898765e-29 2.0194002898765e-29
 1  23 3.3429858640436e-29 3.3804710811456e-29 3.3811132584114e-29 3.3285711811895e-29 3.2367289988197e-29 3.1187263683474e-29 3.0885199627290e-29 3.0885199627290e-29 3.0885199627290e-29
 1  24 4.2432612146943e-29 4.2522303306306e-29 4.2538460052981e-29 4.1865365593010e-29 4.0713484948866e-29 3.9221114936881e-29 3.8114571887333e-29 3.8114571887333e-29 3.8114571887333e-29
 1  25 5.3672291154139e-29 5.3672291154139e-29 5.3565648801999e-29 5.2711896094714e-29 5.1239492559575e-29 4.9360811093402e-29 4.7191603095117e-29 4.6984424190615e-29 4.6984424190615e-29
 1  26 6.7592461402339e-29 6.7592461402339e-29 6.7286641782763e-29 6.6235721997422e-29 6.4432359438402e-29 6.2070398954605e-29 5.9339153441035e-29 5.7852720709957e-29 5.7852720709957e-29
 1  27 8.4849437686874e-29 8.4849437686874e-29 8.4778605594638e-29 8.3449822266570e-29 8.1134336879744e-29 7.8122597725366e-29 7.4658915035414e-29 7.1169527199236e-29 7.1169527199236e-29
 1  28 1.0619400768538e-28 1.0619400768538e-28 1.0619400768538e-28 1.0480233070756e-28 1.0194317937156e-28 9.8180640502487e-29 9.3858727318129e-29 8.9219041711479e-29 8.7468786670675e-29
 1  29 1.3253675709408e-28 1.3253675709408e-28 1.3253675709408e-28 1.3182282690076e-28 1.2814504700483e-28 1.2348623450642e-28 1.1802349070098e-28 1.1218056832451e-28 1.0743415008775e-28
 1  30 1.6500413224481e-28 1.6500413224481e-28 1.6500413224481e-28 1.6500413224481e-28 1.6116773998090e-28 1.5529966014454e-28 1.4847383942095e-28 1.4110617034457e-28 1.3347622572095e-28
 1  31 2.0486990709159e-28 2.0486990709159e-28 2.0486990709159e-28 2.0486990709159e-28 2.0240382602018e-28 1.9503078841408e-28 1.8651194286169e-28 1.7728205601090e-28 1.6768052486615e-28
1.44885540 1.44896038 1.44906535  6902.0  6901.0  1
1.0000000000000 
 1   1 1.8891028084019e-33 1.9036960197544e-33 1.8853875115694e-33 1.8426009865674e-33 1.7876356054069e-33 1.7876093404550e-33 1.7876093404550e-33 1.7876093404550e-33 1.7876093404550e-33
 1   2 3.1546183533201e-33 3.1795887920675e-33 3.1494674840116e-33 3.0782791787838e-33 2.9774816402268e-33 2.9508197753112e-33 2.9508197753112e-33 2.9508197753112e-33 2.9508197753112e-33
 1   3 4.8343777401261e-33 4.8730257903292e-33 4.8271139197220e-33 4.7180162890222e-33 4.5635320867531e-33 4.4630045445548e-33 4.4630045445548e-33 4.4630045445548e-33 4.4630045445548e-33
 1   4 7.6369024745963e-33 7.6939301136585e-33 7.6180548920488e-33 7.4429598657060e-33 7.1970332232026e-33 6.9358236847705e-33 6.9358236847705e-33 6.9358236847705e-33 6.9358236847705e-33
 1   5 1.2152774877579e-32 1.2179880307941e-32 1.2061154643824e-32 1.1784805472838e-32 1.1395760189070e-32 1.0929619373619e-32 1.0822175516534e-32 1.0822175516534e-32 1.0822175516534e-32
 1   6 1.9471460011148e-32 1.9445117182747e-32 1.9256932292123e-32 1.8816395213002e-32 1.8195087673874e-32 1.7450727916735e-32 1.7013995031206e-32 1.7013995031206e-32 1.7013995031206e-32
 1   7 3.0656519449989e-32 3.0624322659720e-32 3.0318259195596e-32 2.9614088120944e-32 2.8626558255554e-32 2.7448004680684e-32 2.6322583450470e-32 2.6322583450470e-32 2.6322583450470e-32
 1   8 4.8429850036364e-32 4.8429850036364e-32 4.7915312649122e-32 4.6803682906380e-32 4.5245318290551e-32 4.3381918768156e-32 4.1328826783633e-32 4.0915602315752e-32 4.0915602315752e-32
 1   9 7.6627208855810e-32 7.6627208855810e-32 7.5979358654241e-32 7.4222206188745e-32 7.1754414490931e-32 6.8802900990282e-32 6.5545188843658e-32 6.3781324305419e-32 6.3781324305419e-32
 1  10 1.2067393433154e-31 1.2067393433154e-31 1.2027343165128e-31 1.1745779354264e-31 1.1351754823363e-31 1.0881914433316e-31 1.0364297250875e-31 9.9049998696615e-32 9.9049998696615e-32
 1  11 1.8985382223761e-31 1.8985382223761e-31 1.8985382223761e-31 1.8582984646599e-31 1.7958726616651e-31 1.7214455315462e-31 1.6394731382882e-31 1.5535048870834e-31 1.5385249748237e-31
 1  12 2.9998820369002e-31 2.9998820369002e-31 2.9998820369002e-31 2.9435511721144e-31 2.8441353830857e-31 2.7257793237800e-31 2.5955818045818e-31 2.4591010329795e-31 2.4153785206007e-31
 1  13 4.7837062341176e-31 4.7837062341176e-31 4.7827794743715e-31 4.6674883990360e-31 4.5080471664769e-31 4.3190540059382e-31 4.1115275312666e-31 3.8961894264361e-31 3.8961894264361e-31
 1  14 7.6166626659270e-31 7.6166626659270e-31 7.5652963839826e-31 7.3849021997189e-31 7.1342162744626e-31 6.8361447613313e-31 6.5084963997402e-31 6.2814049970935e-31 6.2814049970935e-31
 1  15 1.2111796321664e-30 1.2111796321664e-30 1.1983259305785e-30 1.1696586326275e-30 1.1298926931742e-30 1.0826052825875e-30 1.0306582123942e-30 1.0124573280638e-30 1.0124573280638e-30
 1  16 1.9227621281711e-30 1.9227621281711e-30 1.9008085956751e-30 1.8544747461058e-30 1.7907689708223e-30 1.7152411077933e-30 1.6324928882638e-30 1.6310892539694e-30 1.6310892539694e-30
 1  17 3.0470540139416e-30 3.0407979389670e-30 3.0073095155053e-30 2.9347702293138e-30 2.8344621930530e-30 2.7153148379701e-30 2.6264632636920e-30 2.6264632636920e-30 2.6264632636920e-30
 1  18 4.8189377746423e-30 4.8151908628892e-30 4.7619896812828e-30 4.6471068316255e-30 4.4880302844338e-30 4.2992135420872e-30 4.2266029739183e-30 4.2266029739183e-30 4.2266029739183e-30
 1  19 7.6052408104981e-30 7.6398624105140e-30 7.5516277356712e-30 7.3665977778461e-30 7.1117746767121e-30 6.8106525206417e-30 6.7979443922742e-30 6.7979443922742e-30 6.7979443922742e-30
 1  20 1.2011815919188e-29 1.2083847203741e-29 1.1948327939498e-29 1.1657734451229e-29 1.1256284134435e-29 1.0926112785808e-29 1.0926112785808e-29 1.0926112785808e-29 1.0926112785808e-29
 1  21 1.9013573352460e-29 1.9129207390027e-29 1.8915611226765e-29 1.8455286886667e-29 1.7819677342872e-29 1.7547757099584e-29 1.7547757099584e-29 1.7547757099584e-29 1.7547757099584e-29
 1  22 3.0017986475254e-29 3.0223708895235e-29 2.9900441554070e-29 2.9184940524137e-29 2.8189249789216e-29 2.7759234771617e-29 2.7759234771617e-29 2.7759234771617e-29 2.7759234771617e-29
 1  23 4.7796375190310e-29 4.7851315351239e-29 4.7330318199362e-29 4.6191211887426e-29 4.4613101881730e-29 4.2729157210130e-29 4.2252333067086e-29 4.2252333067086e-29 4.2252333067086e-29
 1  24 6.0297195254808e-29 6.0174314905825e-29 5.9523585307334e-29 5.8099137427810e-29 5.6112823561135e-29 5.3749665389654e-29 5.2039259043106e-29 5.2039259043106e-29 5.2039259043106e-29
 1  25 7.5799715563848e-29 7.5799715563848e-29 7.4929785045030e-29 7.3127427580700e-29 7.0607450563497e-29 6.7616493396926e-29 6.4337074054403e-29 6.4025217848158e-29 6.4025217848158e-29
 1  26 9.5000207940574e-29 9.5000207940574e-29 9.4173364085731e-29 9.1926760787073e-29 8.8765039838276e-29 8.5018010723787e-29 8.0909815577946e-29 7.8701472081338e-29 7.8701472081338e-29
 1  27 1.1874147738425e-28 1.1874147738425e-28 1.1858747521107e-28 1.1575231373993e-28 1.1173140535029e-28 1.0697884821184e-28 1.0182830968744e-28 9.6690018873780e-29 9.6690018873780e-29
 1  28 1.4803354776154e-28 1.4803354776154e-28 1.4803354776154e-28 1.4541558303988e-28 1.4044650322743e-28 1.3454496035828e-28 1.2804394771982e-28 1.2121133809318e-28 1.1865822906240e-28
 1  29 1.8417912410537e-28 1.8417912410537e-28 1.8417912410537e-28 1.8293333632084e-28 1.7664141948903e-28 1.6925623648722e-28 1.6104811565723e-28 1.5244207362661e-28 1.4545058681662e-28
 1  30 2.2864767892624e-28 2.2864767892624e-28 2.2864767892624e-28 2.2864767892624e-28 2.2217965987514e-28 2.1277678840415e-28 2.0245223908416e-28 1.9165998971423e-28 1.8070556500592e-28
 1  31 2.8290839584517e-28 2.8290839584517e-28 2.8290839584517e-28 2.8290839584517e-28 2.7890106526163e-28 2.6718101117806e-28 2.5428313056287e-28 2.4075147455123e-28 2.2700755698560e-28
1.44906535 1.44917036 1.44927536  6901.0  6900.0  1
1.0000000000000 
 1   1 2.6145793508211e-33 2.6037130075737e-33 2.5554383933213e-33 2.4796805374757e-33 2.3928620144728e-33 2.3928212395125e-33 2.3928212395125e-33 2.3928212395125e-33 2.3928212395125e-33
 1   2 4.3669556358330e-33 4.3494690553386e-33 4.2692966671927e-33 4.1430500432823e-33 3.9844975285335e-33 3.9433776341158e-33 3.9433776341158e-33 3.9433776341158e-33 3.9433776341158e-33
 1   3 6.6930275306600e-33 6.6665304186246e-33 6.5438308489178e-33 6.3503474175083e-33 6.1072235943476e-33 5.9551131559832e-33 5.9551131559832e-33 5.9551131559832e-33 5.9551131559832e-33
 1   4 1.0569708717336e-32 1.0523068040231e-32 1.0325296258493e-32 1.0016605564496e-32 9.6303689775421e-33 9.2412759393161e-33 9.2412759393161e-33 9.2412759393161e-33 9.2412759393161e-33
 1   5 1.6767944961796e-32 1.6660885344427e-32 1.6349073712928e-32 1.5861124538534e-32 1.5249851313059e-32 1.4557877461664e-32 1.4399955673103e-32 1.4399955673103e-32 1.4399955673103e-32
 1   6 2.6760096570375e-32 2.6601728093960e-32 2.6105005323605e-32 2.5326278519752e-32 2.4350086297375e-32 2.3244691082796e-32 2.2609931480192e-32 2.2609931480192e-32 2.2609931480192e-32
 1   7 4.1980177019631e-32 4.1886892726686e-32 4.1093372326427e-32 3.9855312288782e-32 3.8306733663424e-32 3.6559223190341e-32 3.4938054850084e-32 3.4938054850084e-32 3.4938054850084e-32
 1   8 6.6099581366865e-32 6.6099581366865e-32 6.4948754764995e-32 6.2992532331187e-32 6.0547903749556e-32 5.7784475222510e-32 5.4835953354984e-32 5.4245678866718e-32 5.4245678866718e-32
 1   9 1.0426784179576e-31 1.0426784179576e-31 1.0299940110662e-31 9.9901174156045e-32 9.6028819523264e-32 9.1649186180858e-32 8.6971165352438e-32 8.4470024879891e-32 8.4470024879891e-32
 1  10 1.6374435297420e-31 1.6374435297420e-31 1.6302244662853e-31 1.5807540216299e-31 1.5190671343840e-31 1.4494143921204e-31 1.3751539471004e-31 1.3104514466470e-31 1.3104514466470e-31
 1  11 2.5695135716602e-31 2.5695135716602e-31 2.5695135716602e-31 2.5009648536908e-31 2.4032356639567e-31 2.2929136383411e-31 2.1753171834848e-31 2.0545151555339e-31 2.0335325813717e-31
 1  12 4.0553360801108e-31 4.0553360801108e-31 4.0553360801108e-31 3.9614902535141e-31 3.8059610661545e-31 3.6306269148734e-31 3.4438852962142e-31 3.2521595815076e-31 3.1910794844456e-31
 1  13 6.4828696824968e-31 6.4828696824968e-31 6.4812531426655e-31 6.2803644494942e-31 6.0316909705664e-31 5.7520530896471e-31 5.4547268399343e-31 5.1523097592869e-31 5.1523097592869e-31
 1  14 1.0349895799386e-30 1.0349895799386e-30 1.0254326227873e-30 9.9387784051290e-31 9.5468958600338e-31 9.1054507115260e-31 8.6355764672424e-31 8.3147690125753e-31 8.3147690125753e-31
 1  15 1.6506197634698e-30 1.6506197634698e-30 1.6242836118758e-30 1.5741926002427e-30 1.5120167543667e-30 1.4420028061989e-30 1.3674903822099e-30 1.3416075012376e-30 1.3416075012376e-30
 1  16 2.6287059188343e-30 2.6287059188343e-30 2.5758412107309e-30 2.4954071164002e-30 2.3960201034732e-30 2.2843799255123e-30 2.1657623892431e-30 2.1637514475473e-30 2.1637514475473e-30
 1  17 4.1802196595467e-30 4.1591976828139e-30 4.0762213233408e-30 3.9497430212488e-30 3.7930080588039e-30 3.6166692360111e-30 3.4882676370821e-30 3.4882676370821e-30 3.4882676370821e-30
 1  18 6.6361113578496e-30 6.5864787890133e-30 6.4548896255630e-30 6.2543574363184e-30 6.0058929132665e-30 5.7263957155110e-30 5.6204229249538e-30 5.6204229249538e-30 5.6204229249538e-30
 1  19 1.0516671364377e-29 1.0447258893159e-29 1.0234148726282e-29 9.9125771062469e-30 9.5157768570251e-30 9.0703995388545e-30 9.0516382728572e-30 9.0516382728572e-30 9.0516382728572e-30
 1  20 1.6626122884923e-29 1.6528998839681e-29 1.6195451847437e-29 1.5689148939182e-29 1.5062881660250e-29 1.4568782828385e-29 1.4568782828385e-29 1.4568782828385e-29 1.4568782828385e-29
 1  21 2.6320468806663e-29 2.6168160849983e-29 2.5640732897650e-29 2.4839245114231e-29 2.3847427304058e-29 2.3434082112908e-29 2.3434082112908e-29 2.3434082112908e-29 2.3434082112908e-29
 1  22 4.1571059423384e-29 4.1356276104867e-29 4.0541679960764e-29 3.9288335910471e-29 3.7729707889868e-29 3.7075078283240e-29 3.7075078283240e-29 3.7075078283240e-29 3.7075078283240e-29
 1  23 6.5946862598419e-29 6.5469316231646e-29 6.4172575563028e-29 6.2182584373866e-29 5.9709690325273e-29 5.6923796549530e-29 5.6226700187628e-29 5.6226700187628e-29 5.6226700187628e-29
 1  24 8.2773333355073e-29 8.2340318099733e-29 8.0713232297404e-29 7.8215951160889e-29 7.5107373841496e-29 7.1603661901356e-29 6.9136383142257e-29 6.9136383142257e-29 6.9136383142257e-29
 1  25 1.0358194112418e-28 1.0358194112418e-28 1.0158986752326e-28 9.8421772950055e-29 9.4502499494696e-29 9.0077230076167e-29 8.5376648972087e-29 8.4930856375272e-29 8.4930856375272e-29
 1  26 1.2929789663248e-28 1.2929789663248e-28 1.2766473211377e-28 1.2372090907015e-28 1.1881041363919e-28 1.1327226967642e-28 1.0737829811937e-28 1.0425127400222e-28 1.0425127400222e-28
 1  27 1.6102573875869e-28 1.6102573875869e-28 1.6075083633325e-28 1.5574010828576e-28 1.4949446192085e-28 1.4251549365550e-28 1.3508629111740e-28 1.2787350291974e-28 1.2787350291974e-28
 1  28 2.0009880084036e-28 2.0009880084036e-28 2.0009880084036e-28 1.9569088886546e-28 1.8791878653782e-28 1.7917903682081e-28 1.6986952480388e-28 1.6029502890073e-28 1.5673568165932e-28
 1  29 2.4816871224956e-28 2.4816871224956e-28 2.4816871224956e-28 2.4621268964979e-28 2.3642723219535e-28 2.2541368143775e-28 2.1366124765699e-28 2.0159722248534e-28 1.9198792743551e-28
 1  30 3.0723736882990e-28 3.0723736882990e-28 3.0723736882990e-28 3.0723736882990e-28 2.9729487586262e-28 2.8338727832584e-28 2.6862100492335e-28 2.5348095666691e-28 2.3829779165384e-28
 1  31 3.7937088415161e-28 3.7937088415161e-28 3.7937088415161e-28 3.7937088415161e-28 3.7335832345823e-28 3.5602442432801e-28 3.3753246352223e-28 3.1851433865564e-28 2.9946337668351e-28
