-----------------------------------------------------------------------------------------------
Content :
Spectral range definition: line 1 (3 values)  ==> max, min and step of the wavenumber (in cm-1)
Temperatures definition :  line 2 (1 value)   ==> NT = number of T values
Temperatures definition :  line 3 (NT values) ==> list of T values (in K)
Pressures definition :     line 4 (1 value)   ==> NP = number of P values
Pressures definition :     line 5 (NP values) ==> list of P values (in mbar)
For each spectral range: 
    First line of the block (6 values): 
    --> min, mean and max wavelengths (in microns), min and max wavenumbers (in cm-1)
        of the spectral range, nmaxai (number of exponentials for the CKD expansion) 
    If nmaxai not null, second line of the block (nmaxnai values): 
    --> coefs kdis_ai for nai = 1 to nmaxai 
    If nmaxai not null, following lines of the block : 
    --> for nai = 1 to nmaxai 
    -->     for pressure index ip = 1 to NP 
    -->         line : nai, ip, kdis_ki(T,P,nai) for temperature index it = 1 to IT 
-----------------------------------------------------------------------------------------------
4400 4350  1
9
  160.00  180.00  200.00  220.00  240.00  260.00  280.00  300.00  320.00
31
    0.007    0.011    0.017    0.028    0.044    0.069    0.110    0.174    0.276    0.438    0.694    1.100    1.743    2.763    4.379    6.941   11.000   17.434   27.631   43.792   69.405  110.000  174.338  219.479  276.308  347.851  437.918  551.306  694.053  873.761 1098.900
2.27272727 2.27298559 2.27324392  4400.0  4399.0  0
2.27324392 2.27350236 2.27376080  4399.0  4398.0  0
2.27376080 2.27401936 2.27427792  4398.0  4397.0  0
2.27427792 2.27453659 2.27479527  4397.0  4396.0  0
2.27479527 2.27505406 2.27531286  4396.0  4395.0  0
2.27531286 2.27557177 2.27583068  4395.0  4394.0  0
2.27583068 2.27608971 2.27634874  4394.0  4393.0  0
2.27634874 2.27660788 2.27686703  4393.0  4392.0  0
2.27686703 2.27712630 2.27738556  4392.0  4391.0  0
2.27738556 2.27764494 2.27790433  4391.0  4390.0  0
2.27790433 2.27816383 2.27842333  4390.0  4389.0  0
2.27842333 2.27868295 2.27894257  4389.0  4388.0  0
2.27894257 2.27920231 2.27946205  4388.0  4387.0  0
2.27946205 2.27972190 2.27998176  4387.0  4386.0  0
2.27998176 2.28024173 2.28050171  4386.0  4385.0  0
2.28050171 2.28076180 2.28102190  4385.0  4384.0  0
2.28102190 2.28128211 2.28154232  4384.0  4383.0  0
2.28154232 2.28180265 2.28206298  4383.0  4382.0  0
2.28206298 2.28232343 2.28258388  4382.0  4381.0  0
2.28258388 2.28284445 2.28310502  4381.0  4380.0  0
2.28310502 2.28336571 2.28362640  4380.0  4379.0  0
2.28362640 2.28388720 2.28414801  4379.0  4378.0  0
2.28414801 2.28440894 2.28466987  4378.0  4377.0  0
2.28466987 2.28493092 2.28519196  4377.0  4376.0  0
2.28519196 2.28545312 2.28571429  4376.0  4375.0  0
2.28571429 2.28597557 2.28623685  4375.0  4374.0  0
2.28623685 2.28649825 2.28675966  4374.0  4373.0  0
2.28675966 2.28702118 2.28728271  4373.0  4372.0  0
2.28728271 2.28754435 2.28780599  4372.0  4371.0  0
2.28780599 2.28806776 2.28832952  4371.0  4370.0  0
2.28832952 2.28859140 2.28885328  4370.0  4369.0  0
2.28885328 2.28911529 2.28937729  4369.0  4368.0  0
2.28937729 2.28963941 2.28990153  4368.0  4367.0  0
2.28990153 2.29016378 2.29042602  4367.0  4366.0  0
2.29042602 2.29068838 2.29095074  4366.0  4365.0  0
2.29095074 2.29121322 2.29147571  4365.0  4364.0  0
2.29147571 2.29173832 2.29200092  4364.0  4363.0  0
2.29200092 2.29226364 2.29252636  4363.0  4362.0  0
2.29252636 2.29278920 2.29305205  4362.0  4361.0  0
2.29305205 2.29331502 2.29357798  4361.0  4360.0  1
1.0000000000000 
 1   1 2.5851439620860e-35 9.7612006263514e-35 2.8521180146119e-34 6.9188757194610e-34 1.4606397093020e-33 2.7728365226142e-33 4.8468346741669e-33 7.9400147132154e-33 1.2357422566586e-32
 1   2 4.0930845309158e-35 1.5455005979922e-34 4.5157869041361e-34 1.0954724810546e-33 2.3126453616177e-33 4.3902598113381e-33 7.6740414839266e-33 1.2571503597757e-32 1.9565628863593e-32
 1   3 6.4871010323696e-35 2.4494533430927e-34 7.1570395993097e-34 1.7362068092034e-33 3.6652957109875e-33 6.9580919558789e-33 1.2162535888795e-32 1.9924491125852e-32 3.1009432241464e-32
 1   4 1.0281362616309e-34 3.8821219806459e-34 1.1343143959901e-33 2.7517024198834e-33 5.8091024312737e-33 1.1027833395998e-32 1.9276320602072e-32 3.1578192244374e-32 4.9146640042872e-32
 1   5 1.6294862255273e-34 6.1527486538450e-34 1.7977672646850e-33 4.3611545712117e-33 9.2068075062141e-33 1.7477939141589e-32 3.0550910098775e-32 5.0048059069593e-32 7.7892175959145e-32
 1   6 2.5825615479340e-34 9.7514493037806e-34 2.8492690020146e-33 6.9119640881847e-33 1.4591805167365e-32 2.7700665436449e-32 4.8419928864043e-32 7.9320830650832e-32 1.2345076937166e-31
 1   7 4.0930841865327e-34 1.5455006668688e-33 4.5157868123006e-33 1.0954724259533e-32 2.3126453983519e-32 4.3902595174645e-32 7.6740414839266e-32 1.2571504185505e-31 1.9565628569719e-31
 1   8 6.4871014915471e-34 2.4494532512572e-33 7.1570399666517e-33 1.7362067724693e-32 3.6652957109875e-32 6.9580925436260e-32 1.2162535594921e-31 1.9924490538104e-31 3.1009430478223e-31
 1   9 1.0281363075486e-33 3.8821218888104e-33 1.1343143592559e-32 2.7517023831492e-32 5.8091026516789e-32 1.1027833249061e-31 1.9276320602072e-31 3.1578191068880e-31 4.9146638279631e-31
 1  10 1.6294862484862e-33 6.1527490211870e-33 1.7977672646850e-32 4.3611545712117e-32 9.2068073592773e-32 1.7477938847715e-31 3.0550910098775e-31 5.0048059069593e-31 7.7892172432662e-31
 1  11 2.5825618234405e-33 9.7514500384646e-33 2.8492690020146e-32 6.9119643820582e-32 1.4591806342859e-31 2.7700667787438e-31 4.8419933566020e-31 7.9320835352809e-31 1.2345078347759e-30
 1  12 4.0930841865327e-33 1.5455005934004e-32 4.5157870327058e-32 1.0954724553406e-31 2.3126452514151e-31 4.3902593411404e-31 7.6740413663771e-31 1.2571503950406e-30 1.9565629510115e-30
 1  13 6.4871014915471e-33 2.4494533981940e-32 7.1570402605253e-32 1.7362069194060e-31 3.6652960048611e-31 6.9580928962743e-31 1.2162536300218e-30 1.9924491948698e-30 3.1009433769607e-30
 1  14 1.0281362891815e-32 3.8821218153420e-32 1.1343143151748e-31 2.7517022655998e-31 5.8091021814812e-31 1.1027832543765e-30 1.9276320602072e-30 3.1578190598682e-30 4.9146636398840e-30
 1  15 1.6294861382836e-32 6.1527484334398e-32 1.7977670883609e-31 4.3611541010140e-31 9.2068065364313e-31 1.7477938377518e-30 3.0550908217984e-30 5.0048058129197e-30 7.7892167730684e-30
 1  16 2.5825616765037e-32 9.7514497445910e-32 2.8492690020146e-31 6.9119641469594e-31 1.4591806342859e-30 2.7700665436449e-30 4.8419928864043e-30 7.9320831591227e-30 1.2345077783522e-29
 1  17 4.0930842600011e-32 1.5455005934004e-31 4.5157870914805e-31 1.0954724318307e-30 2.3126453924744e-30 4.3902596232590e-30 7.6740416484958e-30 1.2571503950406e-29 1.9565629133957e-29
 1  18 6.4871019323575e-32 2.4494535157435e-31 7.1570401429759e-31 1.7362068488764e-30 3.6652959578413e-30 6.9580929903139e-30 1.2162536488297e-29 1.9924491572539e-29 3.1009434145765e-29
 1  19 1.0281363773436e-31 3.8821220504409e-31 1.1343144327243e-30 2.7517025006986e-30 5.8091027457185e-30 1.1027833484160e-29 1.9276321354389e-29 3.1578191350998e-29 4.9146638655789e-29
 1  20 1.6294861382836e-31 6.1527480807915e-31 1.7977670178312e-30 4.3611540069744e-30 9.2068065364313e-30 1.7477937625201e-29 3.0550906337193e-29 5.0048055119932e-29 7.7892166226052e-29
 1  21 2.5825613238554e-31 9.7514488041955e-31 2.8492687198960e-30 6.9119632065639e-30 1.4591805214384e-29 2.7700662427184e-29 4.8419925102461e-29 7.9320821058798e-29 1.2345074924720e-28
 1  22 4.0930835547045e-31 1.5455002877719e-30 4.5157862451246e-30 1.0954722625596e-29 2.3126449410846e-29 4.3902587204793e-29 7.6740399933997e-29 1.2571500489750e-28 1.9565619805233e-28
 1  23 6.4870972303801e-31 2.4494518700514e-30 7.1570362873544e-30 1.7362059837125e-29 3.6652941522820e-29 6.9580887773421e-29 1.2162529266060e-28 1.9924474720652e-28 3.1009393219754e-28
 1  24 8.1667686314339e-31 3.0836763993822e-30 9.0101728506913e-30 2.1857532411393e-29 4.6143307389325e-29 8.7597131845875e-29 1.5311712410918e-28 2.5083417521846e-28 3.9038489231757e-28
 1  25 1.0281347551614e-30 3.8821165491273e-30 1.1343130033232e-29 2.7516991905066e-29 5.8090958244077e-29 1.1027820694782e-28 1.9276294571925e-28 3.1578129961981e-28 4.9146491803631e-28
 1  26 1.2943437886170e-30 4.8872917367076e-30 1.4280146115032e-29 3.4641819271049e-29 7.3132146109063e-29 1.3883194800680e-28 2.4267398596997e-28 3.9754468133058e-28 6.1871664651056e-28
 1  27 1.6294800492229e-30 6.1527285205655e-30 1.7977617140007e-29 4.3611422708388e-29 9.2067817099906e-29 1.7477888875100e-28 3.0550805225871e-28 5.0047817387954e-28 7.7891598076718e-28
 1  28 2.0513888577782e-30 7.7458088699976e-30 2.2632434838416e-29 5.4903441871088e-29 1.1590633998724e-28 2.2003321095212e-28 3.8461102656667e-28 6.3006287759193e-28 9.8059272008510e-28
 1  29 2.5825370146323e-30 9.7513684944215e-30 2.8492478431163e-29 6.9119140050723e-29 1.4591703501209e-28 2.7700457797127e-28 4.8419511027523e-28 7.9319872538300e-28 1.2344849831658e-27
 1  30 3.2267519293914e-30 1.2206920898035e-29 3.5869753083139e-29 8.7015531095326e-29 1.8369801476820e-28 3.4872681095336e-28 6.0956231629890e-28 9.9857069833697e-28 1.5541072130219e-27
 1  31 4.0581427844624e-30 1.5352120226711e-29 4.4915340475315e-29 1.0905934607132e-28 2.3039066960004e-28 4.3857917065293e-28 7.6662031437148e-28 1.2558555833112e-27 1.9545163299588e-27
2.29357798 2.29384106 2.29410415  4360.0  4359.0  1
1.0000000000000 
 1   1 4.4406615078731e-35 1.6023093471493e-34 4.5145374822108e-34 1.0777179245823e-33 2.2769694754122e-33 4.5016518600739e-33 7.9732363876215e-33 1.3627297358836e-32 2.3293998662710e-32
 1   2 7.0191298903462e-35 2.5334651437443e-34 7.1411979762225e-34 1.7028541773798e-33 3.5935872495095e-33 7.0589846360099e-33 1.2618086969513e-32 2.1551917504159e-32 3.6780845017773e-32
 1   3 1.1101178090511e-34 4.0089578210997e-34 1.1307397911376e-33 2.6928072141713e-33 5.6828826233282e-33 1.1102495654375e-32 1.9988897930701e-32 3.4118082888196e-32 5.8158300058487e-32
 1   4 1.7531197622300e-34 6.3450186628438e-34 1.7900797153016e-33 4.2535454102336e-33 8.9057134444586e-33 1.7463531988952e-32 3.1663865211398e-32 5.4015164424522e-32 9.1952075810234e-32
 1   5 2.7761599573847e-34 1.0042311605567e-33 2.8344158962080e-33 6.7139550035245e-33 1.4044221695185e-32 2.7511460804477e-32 5.0160412819644e-32 8.5534041223953e-32 1.4547773499971e-31
 1   6 4.3971271779053e-34 1.5900300459169e-33 4.4863263524751e-33 1.0613343802323e-32 2.2206955853683e-32 4.3350227440458e-32 7.9460984842280e-32 1.3544821736446e-31 2.3007650002091e-31
 1   7 6.9616090717107e-34 2.5170445437715e-33 7.1023096843614e-33 1.6768184468770e-32 3.5111049414958e-32 6.8398284079785e-32 1.2590179264256e-31 2.1440252887670e-31 3.6365678633225e-31
 1   8 1.1024066120275e-33 3.9829451413064e-33 1.1243669587172e-32 2.6551217101705e-32 5.5504980087282e-32 1.0787757335815e-31 1.9946867248567e-31 3.3935214758521e-31 5.7537157088569e-31
 1   9 1.7446071857080e-33 6.3025606334115e-33 1.7793124441875e-32 4.2026412151185e-32 8.7714401043104e-32 1.7033991071735e-31 3.1604562109146e-31 5.3739990600949e-31 9.0997951731053e-31
 1  10 2.7587120396342e-33 9.9671429662649e-33 2.8168256518055e-32 6.6545840164739e-32 1.3838577774716e-31 2.6929548195276e-31 5.0081170394467e-31 8.5101897762244e-31 1.4392614593332e-30
 1  11 4.3673953441886e-33 1.5746773917454e-32 4.4576212212384e-32 1.0537062006604e-31 2.1883468330671e-31 4.2181406371065e-31 7.9362099906501e-31 1.3476471912121e-30 2.2777145904245e-30
 1  12 6.9218544037789e-33 2.4942079946129e-32 7.0568381833253e-32 1.6684692925388e-31 3.4612198412081e-31 6.6335276212665e-31 1.2553122039945e-30 2.1334968560645e-30 3.6016872313715e-30
 1  13 1.0970400946069e-32 3.9499108113124e-32 1.1171638525963e-31 2.6414157399135e-31 5.4819489381106e-31 1.0472855329668e-30 1.9691524014692e-30 3.3773077412119e-30 5.6977727101871e-30
 1  14 1.7386911797797e-32 6.2535029929847e-32 1.7675035161012e-31 4.1801787523433e-31 8.6817056867551e-31 1.6519976309281e-30 3.0936018975223e-30 5.3460926361273e-30 9.0118602963417e-30
 1  15 2.7556399953509e-32 9.8989895670457e-32 2.7969399901968e-31 6.6174755406094e-31 1.3751756702360e-30 2.6098814582606e-30 4.8650431081098e-30 8.4643612951864e-30 1.4257517942818e-29
 1  16 4.3673952707203e-32 1.5661848270963e-31 4.4164926134688e-31 1.0476036687579e-30 2.1778586963108e-30 4.1314684293548e-30 7.6414302378593e-30 1.3402784214968e-29 2.2551909901882e-29
 1  17 6.9218544037789e-32 2.4773684502902e-31 6.9954082591446e-31 1.6582469350553e-30 3.4495120585332e-30 6.5431769625527e-30 1.1995304831497e-29 2.1216459546014e-29 3.5652279481231e-29
 1  18 1.0970400946069e-31 3.9263643664217e-31 1.1077453451697e-30 2.6256851804713e-30 5.4639508970854e-30 1.0364841128601e-29 1.8731117670522e-29 3.3581977013387e-29 5.6376338925776e-29
 1  19 1.7386913267165e-31 6.2228681996090e-31 1.7539432718789e-30 4.1528714543364e-30 8.6498125501868e-30 1.6425716332515e-29 2.9643982917116e-29 5.3143123846325e-29 8.9092887281591e-29
 1  20 2.7556397014773e-31 9.8625809805177e-31 2.7743120530819e-30 6.5609609695665e-30 1.3696136447419e-29 2.6015548957483e-29 4.6936399321893e-29 8.4178034434136e-29 1.4071756583004e-28
 1  21 4.3673945654236e-31 1.5631136130059e-30 4.3837159753464e-30 1.0391509992117e-29 2.1673383416054e-29 4.1182096806256e-29 7.4239670179177e-29 1.3341205614262e-28 2.2162607538675e-28
 1  22 6.9218528756362e-31 2.4773676979738e-30 6.9477192996877e-30 1.6442712664274e-29 3.4238192502954e-29 6.5152566959636e-29 1.1737014304147e-28 2.1129189641703e-28 3.4969278519109e-28
 1  23 1.0970393187806e-30 3.9263617803341e-30 1.1011384086412e-29 2.5919652692581e-29 5.4109483270045e-29 1.0297913708865e-28 1.8504089349605e-28 3.3301348557484e-28 5.5327773589791e-28
 1  24 1.3810901935721e-30 4.9429947464507e-30 1.3862502188061e-29 3.2585976324116e-29 6.8065830908545e-29 1.2930415590480e-28 2.3227784020429e-28 4.1731526702644e-28 6.9628891577285e-28
 1  25 1.7386885525498e-30 6.2228579492983e-30 1.7451835255924e-29 4.1023141382002e-29 8.5492692269768e-29 1.6190599707684e-28 2.9148285262470e-28 5.2078190513226e-28 8.7547469334847e-28
 1  26 2.1888771220786e-30 7.8341067394167e-30 2.1970519799920e-29 5.1644738312529e-29 1.0734045359596e-28 2.0360625630683e-28 3.6492525401074e-28 6.4576195108886e-28 1.1003414588303e-27
 1  27 2.7556292160677e-30 9.8625420481448e-30 2.7659164655413e-29 6.5016223156636e-29 1.3415509195223e-28 2.5593189511414e-28 4.5498380858498e-28 8.0572665893000e-28 1.3814076304613e-27
 1  28 3.4691226897287e-30 1.2416171681860e-29 3.4820662931244e-29 8.1849326334535e-29 1.6888216070671e-28 3.2102799019669e-28 5.6945554743077e-28 9.9677303532688e-28 1.7343887002911e-27
 1  29 4.3673519655084e-30 1.5630982845596e-29 4.3836338223972e-29 1.0303981591896e-28 2.1259288616859e-28 4.0160827314262e-28 7.1438866094546e-28 1.2212897630413e-27 2.1790865022291e-27
 1  30 5.4796156288440e-30 1.9625648935114e-29 5.5186144312800e-29 1.2971523361437e-28 2.6760755651249e-28 5.0143227957399e-28 8.9419001387955e-28 1.5258729837407e-27 2.6169557269563e-27
 1  31 6.8914678513002e-30 2.4682311916419e-29 6.9255832928526e-29 1.6284573051907e-28 3.3602267889058e-28 6.3032884851725e-28 1.1153210530482e-27 1.8993457555859e-27 3.1860214180181e-27
2.29410415 2.29436736 2.29463056  4359.0  4358.0  1
1.0000000000000 
 1   1 7.0473096123422e-35 2.4293539968149e-34 6.6367699322331e-34 1.5530998705049e-33 3.2971040643451e-33 6.2482990794936e-33 1.1237019962567e-32 1.9838674160770e-32 3.5000793922323e-32
 1   2 1.1154672267023e-34 3.8452128355626e-34 1.0503547119826e-33 2.4564094227492e-33 5.2182515834344e-33 9.8878566069859e-33 1.7783466286415e-32 3.1374487889584e-32 5.5391797613713e-32
 1   3 1.7670873672238e-34 6.0923411011822e-34 1.6639934361676e-33 3.8911169919881e-33 8.2703212789567e-33 1.5662677582228e-32 2.8165758592560e-32 4.9677507985383e-32 8.7639469155711e-32
 1   4 2.7993631138440e-34 9.6526884928573e-34 2.6361459987388e-33 6.1638434838069e-33 1.3107576041506e-32 2.4810624412876e-32 4.4609778453572e-32 7.8679281098984e-32 1.3872461399379e-31
 1   5 4.4353376319692e-34 1.5293700374751e-33 4.1762783298442e-33 9.7592619331098e-33 2.0774109055267e-32 3.9294451607910e-32 7.0655045154268e-32 1.2454982132485e-31 2.1949401808808e-31
 1   6 7.0263186581910e-34 2.4231317286904e-33 6.6162420356124e-33 1.5459832807682e-32 3.2924741594392e-32 6.2202265111544e-32 1.1186003066931e-31 1.9712768724095e-31 3.4766124695344e-31
 1   7 1.1130867128887e-33 3.8392078961398e-33 1.0481784678630e-32 2.4490405058033e-32 5.2182198450869e-32 9.8509700350675e-32 1.7717397626427e-31 3.1217314303177e-31 5.5042880327536e-31
 1   8 1.7633157293143e-33 6.0828405354337e-33 1.6609166531727e-32 3.8778215631331e-32 8.2703209850831e-32 1.5612734941492e-31 2.8039833172481e-31 4.9417636747269e-31 8.7087843746207e-31
 1   9 2.7933872862735e-33 9.6361582872199e-33 2.6318483913922e-32 6.1431105552574e-32 1.3107576629254e-31 2.4744518137069e-31 4.4376712600887e-31 7.8169758370642e-31 1.3781157226667e-30
 1  10 4.4245170227989e-33 1.5265173881922e-32 4.1695410574408e-32 9.7317696181695e-32 2.0774109643014e-31 3.9217420875354e-31 7.0178042477142e-31 1.2368111454267e-30 2.1806778138828e-30
 1  11 7.0070329284914e-33 2.4186173895729e-32 6.6056752230193e-32 1.5416938724947e-31 3.2924743357634e-31 6.2155425188147e-31 1.1107659894931e-30 1.9558837973953e-30 3.4489560967250e-30
 1  12 1.1096915729628e-32 3.8314703515123e-32 1.0465204036939e-31 2.4423460067007e-31 5.2182201977353e-31 9.8509699175180e-31 1.7604453543112e-30 3.0921294262787e-30 5.4538209569677e-30
 1  13 1.7565929301852e-32 6.0696562642633e-32 1.6579814143913e-31 3.8707639538255e-31 8.2702083727243e-31 1.5612736352085e-30 2.7901178441626e-30 4.8825340878918e-30 8.6142159481365e-30
 1  14 2.7784798505874e-32 9.6152628465765e-32 2.6264364154010e-31 6.1296167029560e-31 1.3107395838222e-30 2.4744517196674e-30 4.4220378434996e-30 7.7153633782323e-30 1.3602397825907e-29
 1  15 4.4035940315066e-32 1.5229522607629e-31 4.1609965653289e-31 9.7145439239526e-31 2.0773821411799e-30 3.9217418054167e-30 7.0084553060432e-30 1.2208892719279e-29 2.1454555644654e-29
 1  16 6.9792267565595e-32 2.4120991264608e-31 6.5926166562760e-31 1.5392180698029e-30 3.2924332875006e-30 6.2155025520068e-30 1.1106775547021e-29 1.9349518729338e-29 3.3814072636545e-29
 1  17 1.1061328960588e-31 3.8202184020368e-31 1.0445061000842e-30 2.4390270219110e-30 5.2181533356166e-30 9.8507637828287e-30 1.7603043326050e-29 3.0666161207303e-29 5.3486378729194e-29
 1  18 1.7531024172598e-31 6.0464133320139e-31 1.6544970140366e-30 3.8654279147694e-30 8.2702538878656e-30 1.5613777369882e-29 2.7901636226146e-29 4.8592446295761e-29 8.4531623134863e-29
 1  19 2.7784802620104e-31 9.5593937159717e-31 2.6207163188306e-30 6.1256962882367e-30 1.3107432325567e-29 2.4746759851816e-29 4.4219062633639e-29 7.7030210260910e-29 1.3371439103270e-28
 1  20 4.4035936788583e-31 1.5150613787748e-30 4.1499453197588e-30 9.7068659710112e-30 2.0773858275302e-29 3.9219820952699e-29 7.0075243897490e-29 1.2206007134554e-28 2.1174829366560e-28
 1  21 6.9792254635157e-31 2.4012093938145e-30 6.5677581481007e-30 1.5370056953951e-29 3.2923290916814e-29 6.2156584319617e-29 1.1106618914750e-28 1.9347789906286e-28 3.3552920749058e-28
 1  22 1.1061323788413e-30 3.8056563780188e-30 1.0357550430519e-29 2.4311179197605e-29 5.2177769517294e-29 9.8493736526134e-29 1.7602415894185e-28 3.0660164342938e-28 5.3157014616049e-28
 1  23 1.7531004894491e-30 6.0315416357641e-30 1.6415388533188e-29 3.8353149468460e-29 8.2687232249496e-29 1.5608822012320e-28 2.7886933556580e-28 4.8577182097245e-28 8.4199991239208e-28
 1  24 2.2070213005615e-30 7.5932406118485e-30 2.0665482586213e-29 4.8074828549082e-29 1.0408991718407e-28 1.9645846824479e-28 3.5103963614945e-28 6.1121885679232e-28 1.0595497811257e-27
 1  25 2.7784723626883e-30 9.5592840658587e-30 2.6015777661664e-29 6.0025139594570e-29 1.3073315981235e-28 2.4726797888869e-28 4.4185175896268e-28 7.6885882274584e-28 1.3325575729798e-27
 1  26 3.4978841212673e-30 1.2034349299538e-29 3.2750902131198e-29 7.5558318300912e-29 1.6256502622968e-28 3.1118222706086e-28 5.5584543384802e-28 9.6755109287369e-28 1.6768053208839e-27
 1  27 4.4035647146775e-30 1.5150200013737e-29 4.1228975144809e-29 9.5105207233730e-29 2.0064168438050e-28 3.9141182223805e-28 6.9927502200338e-28 1.2175320811268e-27 2.1064292543332e-27
 1  28 5.5437370589299e-30 1.9072688869323e-29 5.1900501809144e-29 1.1969806271350e-28 2.4659332562917e-28 4.9245686825416e-28 8.7885643373782e-28 1.5285158411069e-27 2.6404343537224e-27
 1  29 6.9791142147303e-30 2.4010592690800e-29 6.5332147889888e-29 1.5063148281177e-28 3.1008160624590e-28 6.1857162398575e-28 1.1034611764507e-27 1.9171608001645e-27 3.3094352014474e-27
 1  30 8.7256347570013e-30 3.0070973622849e-29 8.2236570661041e-29 1.8952894823076e-28 3.8972463538439e-28 7.4755601533447e-28 1.3847733856321e-27 2.4070095259397e-27 4.1419134124909e-27
 1  31 1.0973805883005e-29 3.7817804138496e-29 1.0299777046086e-28 2.3745375285571e-28 4.8786944757138e-28 9.3513287708479e-28 1.7336764913977e-27 3.0064132358574e-27 5.1636281072661e-27
2.29463056 2.29489389 2.29515722  4358.0  4357.0  1
1.0000000000000 
 1   1 1.1575921687900e-34 3.7957805430456e-34 9.9685126008546e-34 2.2574542488077e-33 4.6608982838317e-33 9.4249520744199e-33 1.8109275116897e-32 3.4608225828922e-32 6.6701698960715e-32
 1   2 1.8321119494559e-34 6.0087854933578e-34 1.5777444769118e-33 3.5742500000965e-33 7.3796462706028e-33 1.4860552563321e-32 2.8609654646789e-32 5.4603246615823e-32 1.0504593677140e-31
 1   3 2.9025680740151e-34 9.5197593672335e-34 2.5005562151203e-33 5.6648042548965e-33 1.1695949854859e-32 2.3408264060449e-32 4.5249447214458e-32 8.6291047830939e-32 1.6604779292936e-31
 1   4 4.5984645646172e-34 1.5082219757489e-33 3.9616584079810e-33 8.9781099374738e-33 1.8536831799649e-32 3.7094502175403e-32 7.1445347638741e-32 1.3618807350887e-31 2.6180179950582e-31
 1   5 7.2852286357993e-34 2.3899284213835e-33 6.2788053619493e-33 1.4229345892392e-32 2.9378898149967e-32 5.8785720168238e-32 1.1297863109355e-31 2.1509936192787e-31 4.1256259403126e-31
 1   6 1.1541797913415e-33 3.7863793433039e-33 9.9494076952469e-33 2.2551992833008e-32 4.6562415629609e-32 9.3163986976045e-32 1.7854693015614e-31 3.3948864598923e-31 6.5084841745989e-31
 1   7 1.8285369313437e-33 5.9987849751682e-33 1.5765852190767e-32 3.5742498531597e-32 7.3796453889820e-32 1.4764987223588e-31 2.8297781301837e-31 5.3391212023105e-31 1.0250931400188e-30
 1   8 2.8969026045038e-33 9.5039129687005e-33 2.4982602175138e-32 5.6648042548965e-32 1.1695948973238e-31 2.3400417929531e-31 4.4848960403364e-31 8.4344089468110e-31 1.6155420716458e-30
 1   9 4.5876910670564e-33 1.5057108443090e-32 3.9594755149715e-32 8.9781096436003e-32 1.8536831211902e-31 3.7086651636381e-31 7.1080812734619e-31 1.3311509617695e-30 2.5426258781168e-30
 1  10 7.2681565088991e-33 2.3855070932565e-32 6.2741934568007e-32 1.4229345010772e-31 2.9378897562220e-31 5.8777872567952e-31 1.1265505276360e-30 2.0957659324313e-30 3.9959954325695e-30
 1  11 1.1514743727260e-32 3.7800736242641e-32 9.9421008223621e-32 2.2551993126882e-31 4.6562417392851e-31 9.3156140551253e-31 1.7854198132493e-30 3.3163847842348e-30 6.2889752747524e-30
 1  12 1.8235351294126e-32 5.9887928323758e-32 1.5757167932377e-31 3.5742499707091e-31 7.3796453889820e-31 1.4764202463560e-30 2.8296573363842e-30 5.2524488064798e-30 9.8765035356089e-30
 1  13 2.8889766134382e-32 9.4880802352892e-32 2.4973429204971e-31 5.6648046075449e-31 1.1698673063847e-30 2.3399633169502e-30 4.4846621639803e-30 8.3184818820120e-30 1.5596132541399e-29
 1  14 4.5759162136126e-32 1.5030259858244e-31 3.9581222271001e-31 8.9781098786991e-31 1.8541125057667e-30 3.7085861233979e-30 7.1076670292526e-30 1.3179513263001e-29 2.4682141892916e-29
 1  15 7.2465118375438e-32 2.3816825048366e-31 6.2732009869203e-31 1.4229164454839e-30 2.9385624681291e-30 5.8777072291398e-30 1.1264847751840e-29 2.0888118583151e-29 3.9096386898858e-29
 1  16 1.1472579185706e-31 3.7734894453063e-31 9.9406921099321e-31 2.2551706776458e-30 4.6570953362629e-30 9.3164092535437e-30 1.7852636323678e-29 3.3121207301989e-29 6.1999488621465e-29
 1  17 1.8158334961375e-31 5.9773309396093e-31 1.5755293724184e-30 3.5741577179125e-30 7.3809971134459e-30 1.4765494002713e-29 2.8294510888473e-29 5.2493531750207e-29 9.8262420302750e-29
 1  18 2.8702370000469e-31 9.4702968865523e-31 2.4971064110337e-30 5.6645778781945e-30 1.1699270591135e-29 2.3387269978197e-29 4.4851950296755e-29 8.3163484632088e-29 1.5549481703321e-28
 1  19 4.5437760821713e-31 1.5000426987114e-30 3.9569897088227e-30 8.9774726667214e-30 1.8538178610547e-29 3.7099287824494e-29 7.1054543163025e-29 1.3184002786258e-28 2.4658092745515e-28
 1  20 7.2013990679962e-31 2.3751799992263e-30 6.2703253515800e-30 1.4227541144161e-29 2.9373937446257e-29 5.8744992016129e-29 1.1261870534980e-28 2.0892001739402e-28 3.9104895296240e-28
 1  21 1.1413448293377e-30 3.7570875845502e-30 9.9359041803819e-30 2.2546952136908e-29 4.6571537912460e-29 9.3130316539038e-29 1.7846919922862e-28 3.3109311675317e-28 6.1945466286525e-28
 1  22 1.8089093877233e-30 5.9245912100653e-30 1.5736747996831e-29 3.5715621511542e-29 7.3770772441560e-29 1.4764253583458e-28 2.8287536614662e-28 5.2440886455178e-28 9.8139775880186e-28
 1  23 2.8669267139154e-30 9.3898375896227e-30 2.4885387687360e-29 5.6581306020107e-29 1.1690095039583e-28 2.3354688359290e-28 4.4811079054069e-28 8.3039387336121e-28 1.5531685147670e-27
 1  24 3.6092453779286e-30 1.1821096944863e-29 3.1256109660455e-29 7.1168672567823e-29 1.4709614950936e-28 2.9356581808193e-28 5.6380279859924e-28 1.0446806389900e-27 1.9575685437346e-27
 1  25 4.5437675245724e-30 1.4881863805704e-29 3.9097726022022e-29 8.9449587562884e-29 1.8495050719634e-28 3.6925185563081e-28 7.0958678796337e-28 1.3138842377215e-27 2.4562829028229e-27
 1  26 5.7202583184460e-30 1.8735127516852e-29 4.9112531640180e-29 1.1244937999650e-28 2.3230244395933e-28 4.6420073151983e-28 8.9227188395144e-28 1.6514577716998e-27 3.0846140805053e-27
 1  27 7.2013665303126e-30 2.3586065068910e-29 6.1828592431556e-29 1.4097239043581e-28 2.9165091408647e-28 5.8234045209295e-28 1.1225408829272e-27 2.0746901214427e-27 3.8684348270619e-27
 1  28 9.0659556059711e-30 2.9692964732279e-29 7.7836741573371e-29 1.7639589953230e-28 3.6598030250840e-28 7.2712348751673e-28 1.4099079269643e-27 2.5996327574785e-27 4.8626977015957e-27
 1  29 1.1413316638009e-29 3.7380997208578e-29 9.7989052602738e-29 2.1936447992718e-28 4.5744230630724e-28 9.1143893135097e-28 1.7717525115842e-27 3.2517817181902e-27 6.0773732434290e-27
 1  30 1.4330442979236e-29 4.6961625994899e-29 1.2335771479382e-28 2.7614383173088e-28 5.6973827394660e-28 1.1315004053250e-27 2.2239573958525e-27 4.0735324994435e-27 7.5681635835992e-27
 1  31 1.8022736562853e-29 5.9061151472093e-29 1.5487959074954e-28 3.4679565692400e-28 7.0581158008638e-28 1.3999768692061e-27 2.7618287996050e-27 5.0489771124908e-27 9.3419281141964e-27
2.29515722 2.29542066 2.29568411  4357.0  4356.0  1
1.0000000000000 
 1   1 1.8053594658645e-34 5.7917097984919e-34 1.5077564616188e-33 3.3868008954686e-33 6.8698461255947e-33 1.3061462867492e-32 2.4018764398388e-32 4.2986320838066e-32 7.5611611124058e-32
 1   2 2.8584436435873e-34 9.1700718383830e-34 2.3872459065407e-33 5.3623554359017e-33 1.0877096081972e-32 2.0680344279006e-32 3.8015969258277e-32 6.8060670347285e-32 1.1971661173224e-31
 1   3 4.5303276774202e-34 1.4533584401536e-33 3.7835295041871e-33 8.4987602389398e-33 1.7239034608464e-32 3.2776135598561e-32 6.0230461500116e-32 1.0786888645490e-31 1.8973803604405e-31
 1   4 7.1791990453552e-34 2.3034179146347e-33 5.9964905571322e-33 1.3469628301560e-32 2.7322029889842e-32 5.1946676402739e-32 9.5416410476373e-32 1.7095275469715e-31 3.0071451813950e-31
 1   5 1.1378263690342e-33 3.6506714592373e-33 9.5037968886333e-33 2.1347922214517e-32 4.3302502369814e-32 8.2329931619728e-32 1.5114275965980e-31 2.7092751479955e-31 4.7660042295897e-31
 1   6 1.8033332304362e-33 5.7859242540694e-33 1.5062502492793e-32 3.3834174553849e-32 6.8629838834482e-32 1.3048415174071e-31 2.3945468799132e-31 4.2939115923673e-31 7.5536072681580e-31
 1   7 2.8580905361046e-33 9.1700718383830e-33 2.3872457963381e-32 5.3623554359017e-32 1.0877096081972e-31 2.0680342809638e-31 3.7944938836634e-31 6.8053910079274e-31 1.1971660467927e-30
 1   8 4.5297682155777e-33 1.4533584401536e-32 3.7835295776555e-32 8.4987600920030e-32 1.7239034902337e-31 3.2776135010814e-31 6.0128012465465e-31 1.0785817064840e-30 1.8973802899108e-30
 1   9 7.1791987698487e-33 2.3034179146347e-32 5.9964905571322e-32 1.3469627713813e-31 2.7322029302095e-31 5.1946675227244e-31 9.5264488410978e-31 1.7094369868867e-30 3.0071451343753e-30
 1  10 1.1378263690342e-32 3.6506713857689e-32 9.5037971825069e-32 2.1347922508391e-31 4.3302503545309e-31 8.2329931619728e-31 1.5098404911453e-30 2.7092750539560e-30 4.7660040415106e-30
 1  11 1.8033333773730e-32 5.7859248418166e-32 1.5062503668287e-31 3.3834176317091e-31 6.8629841185470e-31 1.3048415174071e-30 2.3929359824548e-30 4.2939115923673e-30 7.5536070800789e-30
 1  12 2.8580904993704e-32 9.1700719853198e-32 2.3872458845002e-31 5.3623555534512e-31 1.0877096552170e-30 2.0680344220231e-30 3.7925476411766e-30 6.8053908198483e-30 1.1971660279848e-29
 1  13 4.5297683625144e-32 1.4533585283157e-31 3.7835298127544e-31 8.4987611499479e-31 1.7239012097747e-30 3.2776137832000e-30 6.0106674892009e-30 1.0785817817156e-29 1.8973802899108e-29
 1  14 7.1795750749777e-32 2.3036604778940e-31 5.9963151733751e-31 1.3469626773417e-30 2.7321986984298e-30 5.1946671465662e-30 9.5262648997418e-30 1.7094367611918e-29 3.0071446077538e-29
 1  15 1.1378859372104e-31 3.6510558311964e-31 9.5035191780929e-31 2.1348406812063e-30 4.3302420790506e-30 8.2329924096564e-30 1.5098111131905e-29 2.7092745649503e-29 4.7660022359513e-29
 1  16 1.8032933224030e-31 5.7865326899454e-31 1.5061597832340e-30 3.3834944150001e-30 6.8627820275583e-30 1.3047526876500e-29 2.3930212199012e-29 4.2936038197344e-29 7.5547695593562e-29
 1  17 2.8580203223576e-31 9.1710357731380e-31 2.3871753078194e-30 5.3622625483381e-30 1.0876775877311e-29 2.0678932498536e-29 3.7926811773349e-29 6.8049015132718e-29 1.1973494427193e-28
 1  18 4.5294500974190e-31 1.4535028084923e-30 3.7834521360877e-30 8.4984758339591e-30 1.7238243606560e-29 3.2775671395842e-29 6.0113166630091e-29 1.0786984358942e-28 1.8976948484375e-28
 1  19 7.1788841193983e-31 2.3033855062555e-30 5.9959935581207e-30 1.3469519192174e-29 2.7319803762150e-29 5.1952580158547e-29 9.5269368687365e-29 1.7097053080484e-28 3.0079024611869e-28
 1  20 1.1376970352682e-30 3.6510444524111e-30 9.5029649089966e-30 2.1347428800763e-29 4.3301922757060e-29 8.2328539834416e-29 1.5097199926300e-28 2.7088009667400e-28 4.7677108367385e-28
 1  21 1.8027095483984e-30 5.7854555609618e-30 1.5059742996294e-29 3.3832832397909e-29 6.8626083929367e-29 1.3048892782128e-28 2.3924248436568e-28 4.2939701075357e-28 7.5566918781820e-28
 1  22 2.8554544532887e-30 9.1684180882780e-30 2.3869112071526e-29 5.3619743359312e-29 1.0877128713695e-28 2.0676942772162e-28 3.7923284312285e-28 6.8040158262386e-28 1.1976877804623e-27
 1  23 4.5201846628667e-30 1.4525306464523e-29 3.7822420351832e-29 8.4961009215964e-29 1.7236894853746e-28 3.2777026167187e-28 6.0086688704474e-28 1.0779966270225e-27 1.8972817364645e-27
 1  24 5.6822234589935e-30 1.8282344396192e-29 4.7603062981408e-29 1.0696664263082e-28 2.1699510461309e-28 4.1250569032457e-28 7.5658039342314e-28 1.3576071808015e-27 2.3896898305428e-27
 1  25 7.1348504771747e-30 2.2998942316098e-29 5.9911268986608e-29 1.3463479295313e-28 2.7311480133672e-28 5.1939735409524e-28 9.5204774200736e-28 1.7075344961116e-27 3.0042644758185e-27
 1  26 8.9472649069336e-30 2.8929297398143e-29 7.5397725836205e-29 1.6942648869430e-28 3.4374999130994e-28 6.5374868627173e-28 1.1984261820030e-27 2.1497468854563e-27 3.7838333468368e-27
 1  27 1.1250813289686e-29 3.6356366366978e-29 9.4895900778493e-29 2.1328265797817e-28 4.3259150260408e-28 8.2270334620378e-28 1.5082818285182e-27 2.7054175411619e-27 4.7573339261982e-27
 1  28 1.4147729403559e-29 4.5646917001753e-29 1.1931629525027e-28 2.6831314502174e-28 5.4441301740164e-28 1.0349100111961e-27 1.8985345538933e-27 3.4055279352787e-27 5.9927205334674e-27
 1  29 1.7792791059922e-29 5.7228400425828e-29 1.4989701739042e-28 3.3740277621460e-28 6.8473449166450e-28 1.3020895538526e-27 2.3859685487043e-27 4.2807748874112e-27 7.5279940775632e-27
 1  30 2.2272335591697e-29 7.1354530825987e-29 1.8828276322318e-28 4.2371845446079e-28 8.6057743263564e-28 1.6371535048169e-27 3.0029265322861e-27 5.3773647310063e-27 9.4464498730222e-27
 1  31 2.7993352621216e-29 8.9309716900673e-29 2.3460910617960e-28 5.3119637130653e-28 1.0801908390081e-27 2.0549385543050e-27 3.7631292147486e-27 6.7451975405510e-27 1.1843157214503e-26
2.29568411 2.29594768 2.29621125  4356.0  4355.0  1
1.0000000000000 
 1   1 2.8335100767917e-34 8.6839332926310e-34 2.1974779556348e-33 4.8781641700102e-33 1.0011296003450e-32 1.9830357538238e-32 3.8609902472709e-32 7.4495367565989e-32 1.4007874822111e-31
 1   2 4.4855004758581e-34 1.3749358855515e-33 3.4792887909913e-33 7.7236458761633e-33 1.5850984430390e-32 3.1397603985993e-32 6.1131442655191e-32 1.1689670657910e-31 2.2133420747452e-31
 1   3 7.1077322030675e-34 2.1791264684376e-33 5.5143005703730e-33 1.2241153685662e-32 2.5122115722165e-32 4.9761843827583e-32 9.6886801094986e-32 1.8513122666340e-31 3.5007627658731e-31
 1   4 1.1260855681923e-33 3.4536828506105e-33 8.7395778891210e-33 1.9400921533891e-32 3.9815871514576e-32 7.8867213258321e-32 1.5355523847094e-31 2.9341321709802e-31 5.5258517713229e-31
 1   5 1.7847255222046e-33 5.4737184646208e-33 1.3851298092960e-32 3.0748390210977e-32 6.3103904543455e-32 1.2499610951008e-31 2.4336866100159e-31 4.6502862147061e-31 8.7226984661525e-31
 1   6 2.8275590907229e-33 8.6752585116639e-33 2.1952827199347e-32 4.8732910112421e-32 1.0001295191387e-31 1.9810547519690e-31 3.8571331564323e-31 7.3702071097404e-31 1.3769485978357e-30
 1   7 4.4805550425545e-33 1.3749359222857e-32 3.4792887175229e-32 7.7236461700369e-32 1.5850984136516e-31 3.1397602222752e-31 6.1131442655191e-31 1.1680990807624e-30 2.1737158780603e-30
 1   8 7.0998947781544e-33 2.1791264317034e-32 5.5143004234362e-32 1.2241153832599e-31 2.5122115134418e-31 4.9761845003077e-31 9.6886802270480e-31 1.8511258097201e-30 3.4383439218049e-30
 1   9 1.1250505821506e-32 3.4536826302053e-32 8.7395777421842e-32 1.9400921827765e-31 3.9815869751335e-31 7.8867212082827e-31 1.5355524082193e-30 2.9335917256974e-30 5.4431741754939e-30
 1  10 1.7827570834458e-32 5.4737182442156e-32 1.3851297799087e-31 3.0748388447736e-31 6.3103908069939e-31 1.2499611656305e-30 2.4336865159763e-30 4.6491847294796e-30 8.6198455316420e-30
 1  11 2.8254796412163e-32 8.6752593932846e-32 2.1952827199347e-31 4.8732911287915e-31 1.0001294956288e-30 1.9810549870679e-30 3.8571332504718e-30 7.3682160103892e-30 1.3661534407629e-29
 1  12 4.4772593237368e-32 1.3749358928983e-31 3.4792885999734e-31 7.7236458173886e-31 1.5850984606714e-30 3.1397602692949e-30 6.1131438893609e-30 1.1677589585250e-29 2.1640981149373e-29
 1  13 7.0959780309775e-32 2.1791264904781e-31 5.5143008936339e-31 1.2241153362401e-30 2.5123472125096e-30 4.9761846883868e-30 9.6886809793644e-30 1.8507487111324e-29 3.4293057432245e-29
 1  14 1.1245900381577e-31 3.4536515383797e-31 8.7388930167249e-31 1.9400915480096e-30 3.9818014793426e-30 7.8867207380850e-30 1.5355522201402e-29 2.9332138747933e-29 5.4350820347670e-29
 1  15 1.7822195298792e-31 5.4736687559034e-31 1.3850211407208e-30 3.0747678449148e-30 6.3107300076437e-30 1.2499609587435e-29 2.4336861774340e-29 4.6488042830839e-29 8.6140226028257e-29
 1  16 2.8243019722009e-31 8.6750984681080e-31 2.1949291312339e-30 4.8731786574921e-30 9.9995990470778e-30 1.9805727898813e-29 3.8559431611831e-29 7.3660163877441e-29 1.3655430714339e-28
 1  17 4.4757850187220e-31 1.3748966548969e-30 3.4790510090553e-30 7.7234680826428e-30 1.5848244294283e-29 3.1389916652607e-29 6.1112477511453e-29 1.1674328895576e-28 2.1640504782638e-28
 1  18 7.0939635863085e-31 2.1790168873848e-30 5.5134416542833e-30 1.2241959281328e-29 2.5118273242721e-29 4.9732873675267e-29 9.6885416503700e-29 1.8499595914303e-28 3.4304317502035e-28
 1  19 1.1241993508552e-30 3.4534241037327e-30 8.7385843789281e-30 1.9400470108796e-29 3.9814220109583e-29 7.8866975667403e-29 1.5356687689945e-28 2.9343675670153e-28 5.4305461086361e-28
 1  20 1.7811526747162e-30 5.4729817029652e-30 1.3850880404553e-29 3.0747652118075e-29 6.3109233529546e-29 1.2493289678415e-28 2.4333785402180e-28 4.6478433644123e-28 8.6165084969014e-28
 1  21 2.8212989132730e-30 8.6731922864687e-30 2.1950271956747e-29 4.8731694040005e-29 1.0000967209655e-28 1.9810188834046e-28 3.8552066735353e-28 7.3709383424583e-28 1.3651078112664e-27
 1  22 4.4628265570776e-30 1.3738765703032e-29 3.4784145493939e-29 7.7234214390269e-29 1.5847761307164e-28 3.1396249952858e-28 6.1123729757154e-28 1.1676053325100e-27 2.1651369916419e-27
 1  23 7.0364422278640e-30 2.1753967033267e-29 5.5115986296044e-29 1.2240700355090e-28 2.5112624249453e-28 4.9756506039391e-28 9.6925496309549e-28 1.8488291909236e-27 3.4234514097131e-27
 1  24 8.8136264336518e-30 2.7369736505224e-29 6.9383756806551e-29 1.5401486024157e-28 3.1621689682498e-28 6.2557517193202e-28 1.2178163483866e-27 2.3284086656423e-27 4.3114079587347e-27
 1  25 1.1095684146564e-29 3.4404677109584e-29 8.7258186231256e-29 1.9385509244247e-28 3.9781303559421e-28 7.8812264812508e-28 1.5331834286236e-27 2.9241939383806e-27 5.4253211569935e-27
 1  26 1.3968608890934e-29 4.3204639220744e-29 1.0975454659594e-28 2.4402189618980e-28 5.0069286692009e-28 9.9021351052929e-28 1.9287751206941e-27 3.6861112762726e-27 6.8367577908512e-27
 1  27 1.7585378937341e-29 5.4101568901680e-29 1.3791053497316e-28 3.0677360489929e-28 6.2976686215948e-28 1.2459125847873e-27 2.4285606820174e-27 4.6247086124378e-27 8.5773701337576e-27
 1  28 2.2138555682935e-29 6.7225872674487e-29 1.7326270040228e-28 3.8576600675432e-28 7.9116475076874e-28 1.5663294533385e-27 3.0507076986484e-27 5.8346351962143e-27 1.0754330409328e-26
 1  29 2.7870568568731e-29 8.4494055463885e-29 2.1712580303394e-28 4.8482845233744e-28 9.9530345448282e-28 1.9689871897819e-27 3.8251337589362e-27 7.3025400960413e-27 1.3513795900298e-26
 1  30 3.4983280631658e-29 1.0612503531924e-28 2.7210821405128e-28 6.0930135279144e-28 1.2476140475966e-27 2.4729893821255e-27 4.8127290640026e-27 9.1139542459353e-27 1.6963330564434e-26
 1  31 4.3996446196927e-29 1.3346198587643e-28 3.3738642988420e-28 7.6131264403774e-28 1.5634906326005e-27 3.0910110568156e-27 6.0195498931507e-27 1.1460603586674e-26 2.1187881008607e-26
2.29621125 2.29647494 2.29673863  4355.0  4354.0  1
1.0000000000000 
 1   1 4.3179300827286e-34 1.2846054813400e-33 3.1961658338079e-33 7.1619667573496e-33 1.5137440257658e-32 3.1116957648470e-32 6.2428165738414e-32 1.2097501369962e-31 2.2404675472859e-31
 1   2 6.8366218797947e-34 2.0339261001461e-33 5.0605215473892e-33 1.1339614170770e-32 2.3967260113407e-32 4.9267789429404e-32 9.8843146955701e-32 1.9154093874968e-31 3.5473546599623e-31
 1   3 1.0835314788311e-33 3.2235530154722e-33 8.0203854660330e-33 1.7972075824372e-32 3.7985544525741e-32 7.8084181206408e-32 1.5665581641022e-31 3.0357190980748e-31 5.6221783611976e-31
 1   4 1.7172207387277e-33 5.1089849754217e-33 1.2711455016430e-32 2.8483820915269e-32 6.0203031339440e-32 1.2375509310415e-31 2.4828274460554e-31 4.8112908547518e-31 8.9105518673687e-31
 1   5 2.7213254418063e-33 8.0971930015997e-33 2.0146299563012e-32 4.5143817292094e-32 9.5415381918816e-32 1.9613860278428e-31 3.9350164750415e-31 7.6253820128237e-31 1.4122273462135e-30
 1   6 4.3130099960219e-33 1.2833183333930e-32 3.1929732646195e-32 7.1548126987305e-32 1.5122317522834e-31 3.1085872875857e-31 6.2365805763102e-31 1.2085416347640e-30 2.2382294530617e-30
 1   7 6.8356605458209e-33 2.0339221695869e-32 5.0605214004524e-32 1.1339613142213e-31 2.3967260113407e-31 4.9267789429404e-31 9.8843135200757e-31 1.9154093639869e-30 3.5473545659228e-30
 1   8 1.0833790870088e-32 3.2235490481787e-32 8.0203856129698e-32 1.7972075530499e-31 3.7985545113489e-31 7.8084177679925e-31 1.5665580935725e-30 3.0357192391342e-30 5.6221780790789e-30
 1   9 1.7170401901423e-32 5.1089805673179e-32 1.2711455016430e-31 2.8483822090764e-31 6.0203032514934e-31 1.2375508605118e-30 2.4828274460554e-30 4.8112908547518e-30 8.9105518673687e-30
 1  10 2.7213255520088e-32 8.0971882996223e-32 2.0146299269138e-31 4.5143816704346e-31 9.5415374865850e-31 1.9613860513527e-30 3.9350164280217e-30 7.6253818247446e-30 1.4122274026372e-29
 1  11 4.3130101429587e-32 1.2833177456458e-31 3.1929732058448e-31 7.1548128162799e-31 1.5122318228131e-30 3.1085874756648e-30 6.2365805763102e-30 1.2085416535719e-29 2.2382295659092e-29
 1  12 6.8356601050105e-32 2.0339207296063e-31 5.0605215180018e-31 1.1339613142213e-30 2.3967257762418e-30 4.9267785667822e-30 9.8843133319966e-30 1.9154094016027e-29 3.5473547163861e-29
 1  13 1.0833792045582e-31 3.2235447576244e-31 8.0203857305192e-31 1.7972076705993e-30 3.7998812212930e-30 7.8084173918343e-30 1.5665580371488e-29 3.0357190886709e-29 5.6221783047739e-29
 1  14 1.7171367570032e-31 5.1098880489567e-31 1.2712409047646e-30 2.8483819269577e-30 6.0224051294322e-30 1.2375505219694e-29 2.4828267313548e-29 4.8112901776670e-29 8.9105508141257e-29
 1  15 2.7214784250492e-31 8.0986275749054e-31 2.0147811425071e-30 4.5141307729204e-30 9.5448689316148e-30 1.9613848100306e-29 3.9350137196827e-29 7.6253801696486e-29 1.4122268910621e-28
 1  16 4.3135080235910e-31 1.2834095282447e-30 3.1928961874549e-30 7.1544069415905e-30 1.5125603781861e-29 3.1098568591004e-29 6.2358247240387e-29 1.2081218911220e-28 2.2388288009558e-28
 1  17 6.8358372520092e-31 2.0341515966968e-30 5.0607980883127e-30 1.1340949820349e-29 2.3972457773268e-29 4.9287797283651e-29 9.8831081211486e-29 1.9147423377109e-28 3.5483010702125e-28
 1  18 1.0834401656953e-30 3.2236798454352e-30 8.0207150570165e-30 1.7972406596728e-29 3.7988396392586e-29 7.8117939382313e-29 1.5672473996982e-28 3.0335539221162e-28 5.6244068464608e-28
 1  19 1.7168892449127e-30 5.1096557712730e-30 1.2710410895328e-29 2.8488054810822e-29 6.0221542319180e-29 1.2375907859423e-28 2.4819473637793e-28 4.8059082868081e-28 8.9114348159702e-28
 1  20 2.7208056191025e-30 8.0984564229280e-30 2.0145791455579e-29 4.5152178700960e-29 9.5428679204952e-29 1.9619415843405e-28 3.9336473927578e-28 7.6270928028516e-28 1.4118518643537e-27
 1  21 4.3119540200592e-30 1.2830331631655e-29 3.1921461280195e-29 7.1555002077605e-29 1.5125694059827e-28 3.1090838389690e-28 6.2359546039393e-28 1.2079515426184e-27 2.2360934508040e-27
 1  22 6.8272328214402e-30 2.0335232244366e-29 5.0608768558381e-29 1.1339201437072e-28 2.3975080950038e-28 4.9298986936627e-28 9.8788775752845e-28 1.9161581610354e-27 3.5472451791205e-27
 1  23 1.0799017208123e-29 3.2216913979992e-29 8.0178846923147e-29 1.7974934078853e-28 3.7991931677740e-28 7.8077830687515e-28 1.5675525151497e-27 3.0336817075680e-27 5.6236210670435e-27
 1  24 1.3561152832442e-29 4.0524132933411e-29 1.0092371844815e-28 2.2612557736757e-28 4.7791344902037e-28 9.8310191791315e-28 1.9736257920530e-27 3.8223862272775e-27 7.0684826002719e-27
 1  25 1.6971500804630e-29 5.0981448039683e-29 1.2694413338801e-28 2.8441541195253e-28 6.0218648609438e-28 1.2360162900645e-27 2.4830392697613e-27 4.8023502275323e-27 8.8934375784189e-27
 1  26 2.1319433603462e-29 6.4124505555322e-29 1.5973120087245e-28 3.5782642068048e-28 7.5721267622388e-28 1.5587689264523e-27 3.1230203976773e-27 6.0487023095329e-27 1.1196506976376e-26
 1  27 2.6839497898879e-29 8.0498996665215e-29 2.0090678863734e-28 4.5042238795644e-28 9.5345588568620e-28 1.9609470100431e-27 3.9258271542186e-27 7.6180274506034e-27 1.4106646440987e-26
 1  28 3.3788752676307e-29 1.0094973053946e-28 2.5252610467461e-28 5.6636741506144e-28 1.2003485489770e-27 2.4620188999762e-27 4.9419655114328e-27 9.5635779988921e-27 1.7759576255434e-26
 1  29 4.2537211207782e-29 1.2581553844060e-28 3.1708929494154e-28 7.1116301717810e-28 1.5085298882950e-27 3.0904346259832e-27 6.1953422303125e-27 1.1989926172589e-26 2.2239928714820e-26
 1  30 5.3550331640410e-29 1.5695157840609e-28 3.9755524987115e-28 8.9054904331969e-28 1.8938439515137e-27 3.8724854429209e-27 7.7749152446171e-27 1.4999090021593e-26 2.7767869967413e-26
 1  31 6.7347242372170e-29 1.9738416647256e-28 4.9522828144414e-28 1.1124594100403e-27 2.3702502640561e-27 4.8552154637618e-27 9.7090951025141e-27 1.8684692852361e-26 3.4625610379822e-26
2.29673863 2.29700244 2.29726625  4354.0  4353.0  1
1.0000000000000 
 1   1 6.5652163054016e-34 1.8949154442958e-33 4.6115425821186e-33 1.0216916414031e-32 2.1620891104561e-32 4.4398530363785e-32 8.8207656105125e-32 1.6768168305723e-31 3.0288955884672e-31
 1   2 1.0394772566402e-33 3.0002386598457e-33 7.3015016102121e-33 1.6176544937690e-32 3.4232573099230e-32 7.0296636926702e-32 1.3966006064323e-31 2.6549207594113e-31 4.7956807599706e-31
 1   3 1.6474602917942e-33 4.7550575853845e-33 1.1572099770056e-32 2.5638096028722e-32 5.4254971149561e-32 1.1141266102927e-31 2.2134626804656e-31 4.2077657239662e-31 7.6006411481231e-31
 1   4 2.6110488270068e-33 7.5362588523308e-33 1.8340543344845e-32 4.0633645302028e-32 8.5988334525716e-32 1.7657716602741e-31 3.5081020824019e-31 6.6688596900681e-31 1.2046204677283e-30
 1   5 4.1382334551798e-33 1.1944165037927e-32 2.9067800631286e-32 6.4399986982257e-32 1.3628232464592e-31 2.7985595863134e-31 5.5599669683724e-31 1.0569430183950e-30 1.9091948544925e-30
 1   6 6.5586575061015e-33 1.8930225677831e-32 4.6069360401629e-32 1.0206710478204e-31 2.1599292571359e-31 4.4354180725170e-31 8.8119542224081e-31 1.6751417041026e-30 3.0258699130279e-30
 1   7 1.0394772382731e-32 3.0002386231115e-32 7.3015014632753e-32 1.6176545525437e-31 3.4232572511483e-31 7.0296635751208e-31 1.3966006064323e-30 2.6549207594113e-30 4.7956806659310e-30
 1   8 1.6474603285284e-32 4.7550574384477e-32 1.1572100063930e-31 2.5638096028722e-31 5.4254969974067e-31 1.1141265867828e-30 2.2134626334458e-30 4.2077657239662e-30 7.6006411481231e-30
 1   9 2.6110486066016e-32 7.5362582645836e-32 1.8340542463224e-31 4.0633642363292e-31 8.5988333350221e-31 1.7657717543137e-30 3.5081020824019e-30 6.6688596900681e-30 1.2046205053441e-29
 1  10 4.1382335286482e-32 1.1944165184863e-31 2.9067800631286e-31 6.4399989333246e-31 1.3628232934789e-30 2.7985595863134e-30 5.5599671564515e-30 1.0569430560108e-29 1.9091948168767e-29
 1  11 6.5586583877223e-32 1.8930226853326e-31 4.6069363340365e-31 1.0206710243105e-30 2.1599293041557e-30 4.4354181665566e-30 8.8119540343290e-30 1.6751418169500e-29 3.0258700634912e-29
 1  12 1.0394771941920e-31 3.0002384467874e-31 7.3015013457258e-31 1.6176545760536e-30 3.4232569690296e-30 7.0296631049230e-30 1.3966005876244e-29 2.6549206089480e-29 4.7956805154678e-29
 1  13 1.6474603873031e-31 4.7550575559971e-31 1.1572100534128e-30 2.5638097909513e-30 5.4239923646377e-30 1.1141265491670e-29 2.2134627086775e-29 4.2077657239662e-29 7.6006409976598e-29
 1  14 2.6115668820608e-31 7.5370017647605e-31 1.8342274671700e-30 4.0633642363292e-30 8.5964469874504e-30 1.7657712653080e-29 3.5081015557805e-29 6.6688586368251e-29 1.2046201893713e-28
 1  15 4.1390547877764e-31 1.1945306824977e-30 2.9070547056287e-30 6.4405151164039e-30 1.3624446714505e-29 2.7985582697597e-29 5.5599659527453e-29 1.0569427701306e-28 1.9091939742824e-28
 1  16 6.5588400015995e-31 1.8931774744287e-30 4.6067958389517e-30 1.0207528763331e-29 2.1594445867092e-29 4.4362306682519e-29 8.8119480157980e-29 1.6739212889404e-28 3.0284222817794e-28
 1  17 1.0395216278785e-30 3.0003274552196e-30 7.3020031407543e-30 1.6179221373757e-29 3.4224879512214e-29 7.0309479108445e-29 1.3965988121577e-28 2.6529822206443e-28 4.7997183479668e-28
 1  18 1.6472649966322e-30 4.7556303508844e-30 1.1574112228140e-29 2.5644656979912e-29 5.4249474302878e-29 1.1147065850995e-28 2.2134570813509e-28 4.2067158514052e-28 7.6076129844291e-28
 1  19 2.6114462763405e-30 7.5363000416529e-30 1.8343301583565e-29 4.0635894046231e-29 8.6002859074974e-29 1.7660232311115e-28 3.5080775418415e-28 6.6672439853080e-28 1.2050009216471e-27
 1  20 4.1381790915048e-30 1.1943856170908e-29 2.9066884027811e-29 6.4414598753196e-29 1.3624428057059e-28 2.7992537110256e-28 5.5598607488221e-28 1.0572751615648e-27 1.9097858366284e-27
 1  21 6.5551064434622e-30 1.8932992744513e-29 4.6070073903190e-29 1.0209809636146e-28 2.1599634141806e-28 4.4370946283879e-28 8.8116234966023e-28 1.6751996730893e-27 3.0260752472527e-27
 1  22 1.0384616517085e-29 3.0003204962930e-29 7.3021332914888e-29 1.6182895987906e-28 3.4239432922209e-28 7.0289355547939e-28 1.3964558840817e-27 2.6528955056485e-27 4.7984074637502e-27
 1  23 1.6425073854322e-29 4.7541833455504e-29 1.1574513965089e-28 2.5632264222573e-28 5.4266210634095e-28 1.1144959846600e-27 2.2129220098641e-27 4.2065102583837e-27 7.6019274466403e-27
 1  24 2.0652396795021e-29 5.9854652664774e-29 1.4570488179166e-28 3.2281835874711e-28 6.8255472415344e-28 1.4029151642257e-27 2.7855335305465e-27 5.2999169249667e-27 9.5848934211446e-27
 1  25 2.5903510992234e-29 7.5312870566562e-29 1.8341390399021e-28 4.0624646615356e-28 8.5965462330279e-28 1.7639896657574e-27 3.5058218926906e-27 6.6716200833276e-27 1.2037798628031e-26
 1  26 3.2368806658028e-29 9.4776968585896e-29 2.3086875763461e-28 5.1156570442113e-28 1.0819268722600e-27 2.2246586269452e-27 4.4121017392030e-27 8.3909478188607e-27 1.5194459436640e-26
 1  27 4.0446845966596e-29 1.1917454680636e-28 2.9041778929133e-28 6.4330205706739e-28 1.3609295062521e-27 2.7925288932905e-27 5.5513093309795e-27 1.0547828348831e-26 1.9083304884066e-26
 1  28 5.0919210409823e-29 1.4961229272226e-28 3.6535004193410e-28 8.1002706790282e-28 1.7137325238586e-27 3.5225963573202e-27 6.9823642576227e-27 1.3290975050196e-26 2.3997746545478e-26
 1  29 6.4102850880510e-29 1.8748400785287e-28 4.5901757255700e-28 1.0170605887681e-27 2.1505896724000e-27 4.4132041415032e-27 8.7777800926546e-27 1.6647735357795e-26 3.0247262874010e-26
 1  30 8.0369182968432e-29 2.3286476735484e-28 5.7629640244498e-28 1.2797734184010e-27 2.7005701680849e-27 5.5605653502922e-27 1.1025743242299e-26 2.0980979125053e-26 3.7859822994687e-26
 1  31 1.0107511459738e-28 2.8725509935903e-28 7.2363967284033e-28 1.6082750519693e-27 3.3909540382035e-27 6.9526209659335e-27 1.3818001927618e-26 2.6096458598524e-26 4.7178254763562e-26
2.29726625 2.29753018 2.29779412  4353.0  4352.0  1
1.0000000000000 
 1   1 1.0008323288439e-33 2.8010887946523e-33 6.7470576591276e-33 1.4983836941468e-32 3.1839660391563e-32 6.5218918631644e-32 1.2783334144995e-31 2.3805453316017e-31 4.1982639680296e-31
 1   2 1.5846279146909e-33 4.4349917794907e-33 1.0682684010026e-32 2.3724059148430e-32 5.0412050895325e-32 1.0326175969078e-31 2.0239981466922e-31 3.7691410566037e-31 6.6471530113858e-31
 1   3 2.5114657210509e-33 7.0289882242289e-33 1.6930912559858e-32 3.7600096989371e-32 7.9897710380970e-32 1.6365885927007e-31 3.2078206398912e-31 5.9736854965285e-31 1.0535026755685e-30
 1   4 3.9804049714827e-33 1.1140195962257e-32 2.6833688394208e-32 5.9592144557733e-32 1.2662935311606e-31 2.5938180928578e-31 5.0840535043121e-31 9.4676543752516e-31 1.6696892911057e-30
 1   5 6.3085174510343e-33 1.7656020658267e-32 4.2528530440610e-32 9.4447180119289e-32 2.0069398428708e-31 4.1109247377635e-31 8.0576818152821e-31 1.5005221123275e-30 2.6462792772604e-30
 1   6 9.9983258926563e-33 2.7982907507553e-32 6.7403175214568e-32 1.4968869665772e-31 3.1807854453166e-31 6.5153768032744e-31 1.2770564984960e-30 2.3781670714311e-30 4.1940698041859e-30
 1   7 1.5846278044883e-32 4.4349917794907e-32 1.0682683422279e-31 2.3724059736177e-31 5.0412048544336e-31 1.0326176204177e-30 2.0239981466922e-30 3.7691408215048e-30 6.6471531054253e-30
 1   8 2.5114657210509e-32 7.0289883711657e-32 1.6930911972111e-31 3.7600098164865e-31 7.9897711556464e-31 1.6365884986611e-30 3.2078206398912e-30 5.9736854965285e-30 1.0535027131843e-29
 1   9 3.9804051918879e-32 1.1140195227573e-31 2.6833688981955e-31 5.9592142206744e-31 1.2662934841408e-30 2.5938181868973e-30 5.0840533162330e-30 9.4676541871725e-30 1.6696893287215e-29
 1  10 6.3085173040975e-32 1.7656021539888e-31 4.2528529852863e-31 9.4447181294784e-31 2.0069399369103e-30 4.1109249258426e-30 8.0576816272030e-30 1.5005221123275e-29 2.6462792020288e-29
 1  11 9.9983258926563e-32 2.7982908683048e-31 6.7403179916546e-31 1.4968870135970e-30 3.1807853982968e-30 6.5153766151953e-30 1.2770564608802e-29 2.3781673347418e-29 4.1940702555757e-29
 1  12 1.5846278632630e-31 4.4349916031665e-31 1.0682683892476e-30 2.3724058325584e-30 5.0412051365523e-30 1.0326175828019e-29 2.0239981466922e-29 3.7691408967365e-29 6.6471528044988e-29
 1  13 2.5114660149245e-31 7.0289883711657e-31 1.6930914088001e-30 3.7600099575459e-30 7.9894713575672e-30 1.6365886115086e-29 3.2078207903544e-29 5.9736857974551e-29 1.0535026981380e-28
 1  14 3.9802370374210e-31 1.1140239896359e-30 2.6830417816276e-30 5.9592139385558e-30 1.2662458248979e-29 2.5938177731233e-29 5.0840530153064e-29 9.4676531339296e-29 1.6696891782583e-28
 1  15 6.3082161424448e-31 1.7656090658955e-30 4.2523344512183e-30 9.4455360854675e-30 2.0068642914978e-29 4.1109242487578e-29 8.0576804234968e-29 1.5005217512156e-28 2.6462787807316e-28
 1  16 9.9968553492234e-31 2.7983135788556e-30 6.7401175933776e-30 1.4970166189021e-29 3.1805372843532e-29 6.5149732231499e-29 1.2771073776531e-28 2.3780386284547e-28 4.1962272369281e-28
 1  17 1.5846276986938e-30 4.4350476507372e-30 1.0682542080838e-29 2.3724598112590e-29 5.0408101704504e-29 1.0325532747973e-28 2.0240762973182e-28 3.7689348824177e-28 6.6505683208845e-28
 1  18 2.5114656857861e-30 7.0291440066177e-30 1.6929837523255e-29 3.7595314090937e-29 7.9887959279171e-29 1.6363780531989e-28 3.2082326384360e-28 5.9730049812197e-28 1.0546255634438e-27
 1  19 3.9796916080422e-30 1.1140562828167e-29 2.6830960612547e-29 5.9595723420813e-29 1.2662095030628e-28 2.5930992808834e-28 5.0834169769423e-28 9.4659312321887e-28 1.6703168629013e-27
 1  20 6.3072230848173e-30 1.7657059642459e-29 4.2527193362806e-29 9.4439082232746e-29 2.0072183917737e-28 4.1092021664610e-28 8.0551976590572e-28 1.5002927822193e-27 2.6468124559192e-27
 1  21 9.9958276850422e-30 2.7985814411044e-29 6.7404141564964e-29 1.4966565301878e-28 3.1817588054204e-28 6.5158220767729e-28 1.2778645329366e-27 2.3782744585764e-27 4.1943075662560e-27
 1  22 1.5836556306933e-29 4.4357588154155e-29 1.0683560717222e-28 2.3720504307752e-28 5.0416223712191e-28 1.0328636143337e-27 2.0245498834915e-27 3.7712142686552e-27 6.6513238632017e-27
 1  23 2.5090603046098e-29 7.0278640155211e-29 1.6932417366600e-28 3.7590743618437e-28 7.9866913679704e-28 1.6360980952074e-27 3.2062958751356e-27 5.9809138125363e-27 1.0535805923746e-26
 1  24 3.1563006597093e-29 8.8475109140742e-29 2.1317523923552e-28 4.7344139154125e-28 1.0055692388654e-27 2.0585126950958e-27 4.0355080941795e-27 7.5294785843643e-27 1.3279743026761e-26
 1  25 3.9689817072237e-29 1.1138278795623e-28 2.6834412841972e-28 5.9577732827720e-28 1.2662281605092e-27 2.5925214537519e-27 5.0808774457176e-27 9.4767955955980e-27 1.6684323404507e-26
 1  26 4.9870848500189e-29 1.4010289325123e-28 3.3777243439330e-28 7.5023806537503e-28 1.5945685937411e-27 3.2655390209690e-27 6.3970148288811e-27 1.1926769537109e-26 2.1059886785991e-26
 1  27 6.2508229034806e-29 1.7631568455012e-28 4.2489158653817e-28 9.4334359792020e-28 2.0079551081257e-27 4.1098682493323e-27 8.0545209835713e-27 1.5006947815766e-26 2.6429789308835e-26
 1  28 7.8174272833187e-29 2.2189755928653e-28 5.3452018935280e-28 1.1878320265649e-27 2.5267775239843e-27 5.1765742083523e-27 1.0112166817599e-26 1.8876760453110e-26 3.3335508488019e-26
 1  29 9.7153842989699e-29 2.7866528328819e-28 6.7324405657854e-28 1.4942396807006e-27 3.1784673429972e-27 6.5104274507022e-27 1.2705174953848e-26 2.3732851059439e-26 4.1847767552588e-26
 1  30 1.2230616908125e-28 3.5008658971647e-28 8.4523268210023e-28 1.8760495143856e-27 3.9958154483976e-27 8.1834142302854e-27 1.5965017844413e-26 2.9815182802103e-26 5.2416892064372e-26
 1  31 1.5381494871335e-28 4.3763883535758e-28 1.0621759791978e-27 2.3573896742595e-27 5.0191999244346e-27 1.0233819338094e-26 2.0048081771152e-26 3.7374722841783e-26 6.5979962497112e-26
2.29779412 2.29805817 2.29832222  4352.0  4351.0  1
1.0000000000000 
 1   1 1.4852409693548e-33 4.1556226900483e-33 1.0071413723287e-32 2.2479056347275e-32 4.7926488661662e-32 9.7581747477720e-32 1.8834322971220e-31 3.4331871221274e-31 5.9025365850552e-31
 1   2 2.3515968363001e-33 6.5796386108957e-33 1.5946170085448e-32 3.5591312325666e-32 7.5882486164790e-32 1.5450215794524e-31 2.9820570756632e-31 5.4357995000951e-31 9.3455449624837e-31
 1   3 3.7270297355568e-33 1.0428024179180e-32 2.5272975728414e-32 5.6408429780494e-32 1.2026563812373e-31 2.4486939112940e-31 4.7262419576788e-31 8.6151604813573e-31 1.4811689614146e-30
 1   4 5.9069439688804e-33 1.6527305105135e-32 4.0054967065534e-32 8.9401335353554e-32 1.9060819573725e-31 3.8809185793245e-31 7.4905885458127e-31 1.3654110737626e-30 2.3474947562757e-30
 1   5 9.3618757822387e-33 2.6194013755849e-32 6.3482848657330e-32 1.4169157349021e-31 3.0209363162178e-31 6.1508414289545e-31 1.1871782944717e-30 2.1640307450050e-30 3.7205283936859e-30
 1   6 1.4837573118131e-32 4.1514713582800e-32 1.0061353548759e-31 2.2456599409324e-31 4.7878613715489e-31 9.7484263731207e-31 1.8815508008640e-30 3.4297573587501e-30 5.8966400232728e-30
 1   7 2.3515967260975e-32 6.5796386108957e-32 1.5946169791574e-31 3.5591312325666e-31 7.5882486164790e-31 1.5450215324327e-30 2.9820570756632e-30 5.4357992179764e-30 9.3455449624837e-30
 1   8 3.7270297355568e-32 1.0428024326116e-31 2.5272975728414e-31 5.6408428604999e-31 1.2026563577274e-30 2.4486940993731e-30 4.7262418636393e-30 8.6151608575155e-30 1.4811689237988e-29
 1   9 5.9069437484753e-32 1.6527304811262e-31 4.0054970004269e-31 8.9401338880037e-31 1.9060819573725e-30 3.8809184852850e-30 7.4905885458127e-30 1.3654110549547e-29 2.3474946434283e-29
 1  10 9.3618756353019e-32 2.6194015519091e-31 6.3482849832824e-31 1.4169156878823e-30 3.0209364102573e-30 6.1508417110731e-30 1.1871783508954e-29 2.1640307073892e-29 3.7205283184543e-29
 1  11 1.4837573999751e-31 4.1514717697030e-31 1.0061353313660e-30 2.2456600819917e-30 4.7878614655885e-30 9.7484269373580e-30 1.8815509513273e-29 3.4297577349083e-29 5.8966401737361e-29
 1  12 2.3515969024217e-31 6.5796387284452e-31 1.5946169556475e-30 3.5591313266061e-30 7.5882489926372e-30 1.5450214760089e-29 2.9820569628157e-29 5.4357994436713e-29 9.3455443606306e-29
 1  13 3.7270299118810e-31 1.0428024796314e-30 2.5272974317820e-30 5.6408426724209e-30 1.2026178391285e-29 2.4486941369889e-29 4.7262420141026e-29 8.6151613089053e-29 1.4811690441694e-28
 1  14 5.9064279415541e-31 1.6528928874257e-30 4.0056694689581e-30 8.9401321952919e-30 1.9060206435871e-29 3.8809182595901e-29 7.4905873421064e-29 1.3654109044914e-28 2.3474943425017e-28
 1  15 9.3610577263326e-31 2.6196587500730e-30 6.3485579800905e-30 1.4171960009672e-29 3.0208391733646e-29 6.1508406578302e-29 1.1871780048299e-28 2.1640302559994e-28 3.7205278369718e-28
 1  16 1.4837639827435e-30 4.1515312026974e-30 1.0060915089366e-29 2.2461042119693e-29 4.7885043199391e-29 9.7507714561387e-29 1.8819946675309e-28 3.4294731185737e-28 5.8999910510980e-28
 1  17 2.3513913789894e-30 6.5791504751116e-30 1.5946845888905e-29 3.5593746257249e-29 7.5892653720727e-29 1.5453925485424e-28 2.9827575198330e-28 5.4353431186451e-28 9.3508472883618e-28
 1  18 3.7270855832934e-30 1.0427368400269e-29 2.5274056901098e-29 5.6421056611672e-29 1.2030300934609e-28 2.4486579054318e-28 4.7285379031522e-28 8.6107904108966e-28 1.4819585069278e-27
 1  19 5.9064280355937e-30 1.6528439116291e-29 4.0054654407546e-29 8.9423882416658e-29 1.9059721342267e-28 3.8809058012307e-28 7.4937048208333e-28 1.3654025748444e-27 2.3473430607046e-27
 1  20 9.3610547170671e-30 2.6193498865814e-29 6.3485451907119e-29 1.4169681694733e-28 3.0219338237967e-28 6.1513894274937e-28 1.1873019143477e-27 2.1627846608079e-27 3.7232123907213e-27
 1  21 1.4838498784667e-29 4.1509823878949e-29 1.0060406222563e-28 2.2458312414923e-28 4.7895653267825e-28 9.7513434573322e-28 1.8815746222100e-27 3.4304922244038e-27 5.9020454405697e-27
 1  22 2.3506945459382e-29 6.5778584469528e-29 1.5946651791278e-28 3.5595855752391e-28 7.5911241352102e-28 1.5455353803219e-27 2.9833155580344e-27 5.4326947723786e-27 9.3561376253261e-27
 1  23 3.7244659424109e-29 1.0424240268742e-28 2.5279188300693e-28 5.6397598784949e-28 1.2031500066741e-27 2.4495346368907e-27 4.7253307483123e-27 8.6135267721615e-27 1.4816833878352e-26
 1  24 4.6848947056090e-29 1.3115278383605e-28 3.1807828404211e-28 7.1036443032666e-28 1.5139841218975e-27 3.0820169639753e-27 5.9537739929460e-27 1.0839652187352e-26 1.8673292887834e-26
 1  25 5.8958138294193e-29 1.6508180740688e-28 4.0053528942235e-28 8.9437702167715e-28 1.9064753556470e-27 3.8823315671686e-27 7.4949951938960e-27 1.3665106201193e-26 2.3474799558050e-26
 1  26 7.4090735609165e-29 2.0787298557975e-28 5.0444053399888e-28 1.1249415546029e-27 2.3988665015418e-27 4.8828733585071e-27 9.4261243787611e-27 1.7176588016804e-26 2.9545934714390e-26
 1  27 9.3126175789657e-29 2.6131034337333e-28 6.3473393178255e-28 1.4159917470656e-27 3.0225758325437e-27 6.1515527463530e-27 1.1848201610214e-26 2.1613741097166e-26 3.7180524392143e-26
 1  28 1.1658427936472e-28 3.2850786876645e-28 7.9851419573302e-28 1.7825481192945e-27 3.7952294595037e-27 7.7207927613199e-27 1.4915524691678e-26 2.7192519196570e-26 4.6773775578874e-26
 1  29 1.4573070128997e-28 4.1251329774785e-28 1.0056794020582e-27 2.2427471535759e-27 4.7800032772016e-27 9.7254131217469e-27 1.8813972055436e-26 3.4292156409995e-26 5.8808236955497e-26
 1  30 1.8131510979626e-28 5.1729611637766e-28 1.2623139004902e-27 2.8182916729706e-27 6.0223875583308e-27 1.2256938640823e-26 2.3686599466639e-26 4.2897081979025e-26 7.4203344395975e-26
 1  31 2.2275288884896e-28 6.4623009651009e-28 1.5852641372902e-27 3.5444745363025e-27 7.5241291213508e-27 1.5356219063041e-26 2.9643041642930e-26 5.3904061271061e-26 9.2706378913749e-26
2.29832222 2.29858640 2.29885057  4351.0  4350.0  1
1.0000000000000 
 1   1 2.2966507405938e-33 6.2586786946114e-33 1.5032662568697e-32 3.3736873008960e-32 7.6515848398484e-32 1.6425482315099e-31 3.2935696613995e-31 6.1384188046550e-31 1.0694041989092e-30
 1   2 3.6363098570062e-33 9.9094283976914e-33 2.3801365534412e-32 5.3415926791832e-32 1.2114830507682e-31 2.6006629964626e-31 5.2147416748523e-31 9.7190202064405e-31 1.6931982377267e-30
 1   3 5.7631626426756e-33 1.5705384761361e-32 3.7722618765557e-32 8.4658533031461e-32 1.9200711629933e-31 4.1217731400284e-31 8.2648086218744e-31 1.5403607443514e-30 2.6835383104414e-30
 1   4 9.1339973861242e-33 2.4891357364891e-32 5.9786324469545e-32 1.3417473380455e-31 3.0431077853664e-31 6.5325700538473e-31 1.3098839179744e-30 2.4413074809516e-30 4.2531217503147e-30
 1   5 1.4476411295048e-32 3.9450142895941e-32 9.4754942172750e-32 2.1265264096630e-31 4.8230011294747e-31 1.0353426044020e-30 2.0760260908968e-30 3.8692116900254e-30 6.7407435206096e-30
 1   6 2.2943564694946e-32 6.2524262401593e-32 1.5017645628365e-31 3.3703169822680e-31 7.6439411878322e-31 1.6409073589456e-30 3.2902794056917e-30 6.1322869559234e-30 1.0683358344115e-29
 1   7 3.6363097835378e-32 9.9094279568810e-32 2.3801364946664e-31 5.3415925616337e-31 1.2114830037484e-30 2.6006629494428e-30 5.2147415808128e-30 9.7190196422032e-30 1.6931983129583e-29
 1   8 5.7631625692073e-32 1.5705383879740e-31 3.7722619941052e-31 8.4658529504978e-31 1.9200710924636e-30 4.1217729519493e-30 8.2648086218744e-30 1.5403607255435e-29 2.6835384232888e-29
 1   9 9.1339972391874e-32 2.4891358540385e-31 5.9786324469545e-31 1.3417473380455e-30 3.0431077383466e-30 6.5325700538473e-30 1.3098839367823e-29 2.4413072928725e-29 4.2531216750830e-29
 1  10 1.4476410413427e-31 3.9450145246930e-31 9.4754944523739e-31 2.1265262686036e-30 4.8230010354351e-30 1.0353426232099e-29 2.0760260908968e-29 3.8692116147937e-29 6.7407439719994e-29
 1  11 2.2943564401073e-31 6.2524267103571e-31 1.5017646568761e-30 3.3703172173669e-30 7.6439414699509e-30 1.6409075094089e-29 3.2902797818499e-29 6.1322873320816e-29 1.0683359698284e-28
 1  12 3.6363099598619e-31 9.9094277217822e-31 2.3801364476467e-30 5.3415926556733e-30 1.2114829849405e-29 2.6006629494428e-29 5.2147418065077e-29 9.7190194917399e-29 1.6931981624951e-28
 1  13 5.7631629218556e-31 1.5705385055235e-30 3.7722621821842e-30 8.4658538908933e-30 1.9202159509835e-29 4.1217729519493e-29 8.2648081704846e-29 1.5403608158215e-28 2.6835383029182e-28
 1  14 9.1347365075846e-31 2.4890470336854e-30 5.9779831038751e-30 1.3417472440060e-29 3.0433367434540e-29 6.5325690006044e-29 1.3098835756704e-28 2.4413068715753e-28 4.2531206519327e-28
 1  15 1.4477581205801e-30 3.9448729011336e-30 9.4744649074016e-30 2.1268161737224e-29 4.8233627491528e-29 1.0353422620980e-28 2.0760251279319e-28 3.8692101101610e-28 6.7407408423632e-28
 1  16 2.2944361386243e-30 6.2525402160916e-30 1.5017557607348e-29 3.3707746257287e-29 7.6451522479401e-29 1.6419530185348e-28 3.2871471364248e-28 6.1322740913132e-28 1.0694943203935e-27
 1  17 3.6362618116133e-30 9.9089832908780e-30 2.3801645842794e-29 5.3412296630177e-29 1.2116737874220e-28 2.6023170223385e-28 5.2097704998387e-28 9.7189849453716e-28 1.6950317440986e-27
 1  18 5.7638369973361e-30 1.5704949087890e-29 3.7722145605571e-29 8.4677662791427e-29 1.9205346923893e-28 4.1218251927990e-28 8.2639699094763e-28 1.5411893268094e-27 2.6852692324557e-27
 1  19 9.1350220116525e-30 2.4889296723294e-29 5.9785102519657e-29 1.3420786243270e-28 3.0442685926206e-28 6.5374892701298e-28 1.3086290489788e-27 2.4398861130553e-27 4.2519317753781e-27
 1  20 1.4477045368456e-29 3.9446217026928e-29 9.4751131031985e-29 2.1263270477019e-28 4.8229903224498e-28 1.0354526419580e-27 2.0739863866410e-27 3.8690830950811e-27 6.7468900477862e-27
 1  21 2.2945639195622e-29 6.2524509161367e-29 1.5016633461901e-28 3.3702295875544e-28 7.6383927153178e-28 1.6411734983898e-27 3.2883270092569e-27 6.1358887729293e-27 1.0690651461647e-26
 1  22 3.6365379117264e-29 9.9089348417028e-29 2.3795569834746e-28 5.3414694412958e-28 1.2109580155581e-27 2.5996868761100e-27 5.2086544234359e-27 9.7064904748573e-27 1.6936923753781e-26
 1  23 5.7616222531317e-29 1.5703067394149e-28 3.7714316098494e-28 8.4669061106813e-28 1.9192639156637e-27 4.1172838499901e-27 8.2464945989399e-27 1.5395563500689e-26 2.6838280590783e-26
 1  24 7.2503468408436e-29 1.9764830776443e-28 4.7476152022163e-28 1.0656112604396e-27 2.4132218055683e-27 5.1818832268370e-27 1.0373406888604e-26 1.9381958070170e-26 3.3741417483098e-26
 1  25 9.1275724243497e-29 2.4882172287132e-28 5.9762723213704e-28 1.3410956056093e-27 3.0326659721153e-27 6.5082311201936e-27 1.3043338977947e-26 2.4338686990185e-26 4.2399119695580e-26
 1  26 1.1481019695939e-28 3.1312527370763e-28 7.5224613623154e-28 1.6878821143661e-27 3.8151173824814e-27 8.1967516803363e-27 1.6390218494559e-26 3.0567327778864e-26 5.3470502084957e-26
 1  27 1.4443723470226e-28 3.9412726308901e-28 9.4662066401707e-28 2.1234762380499e-27 4.7983639377334e-27 1.0287661405992e-26 2.0574079431611e-26 3.8482277389738e-26 6.7007552433775e-26
 1  28 1.8141819519653e-28 4.9576446034066e-28 1.1904225949331e-27 2.6715500630899e-27 6.0317140666794e-27 1.2913324840005e-26 2.5976816748891e-26 4.8199148626995e-26 8.4488130773746e-26
 1  29 2.2796351638762e-28 6.2327546713367e-28 1.4959460546314e-27 3.3599400179371e-27 7.5754566951126e-27 1.6198548405750e-26 3.2605513246362e-26 6.0823893664878e-26 1.0548281943852e-25
 1  30 2.8639801238553e-28 7.8256922913044e-28 1.8823838979727e-27 4.2230886633449e-27 9.5017186698223e-27 2.0371339097481e-26 4.0410891310095e-26 7.5649616095109e-26 1.3175748356442e-25
 1  31 3.5748290700077e-28 9.8285886555417e-28 2.3662539594215e-27 5.2955785751739e-27 1.1857050102750e-26 2.5380216037414e-26 5.0464661620665e-26 9.4346642602833e-26 1.6562228382348e-25
