-----------------------------------------------------------------------------------------------
Content :
Spectral range definition: line 1 (3 values)  ==> max, min and step of the wavenumber (in cm-1)
Temperatures definition :  line 2 (1 value)   ==> NT = number of T values
Temperatures definition :  line 3 (NT values) ==> list of T values (in K)
Pressures definition :     line 4 (1 value)   ==> NP = number of P values
Pressures definition :     line 5 (NP values) ==> list of P values (in mbar)
For each spectral range: 
    First line of the block (6 values): 
    --> min, mean and max wavelengths (in microns), min and max wavenumbers (in cm-1)
        of the spectral range, nmaxai (number of exponentials for the CKD expansion) 
    If nmaxai not null, second line of the block (nmaxnai values): 
    --> coefs kdis_ai for nai = 1 to nmaxai 
    If nmaxai not null, following lines of the block : 
    --> for nai = 1 to nmaxai 
    -->     for pressure index ip = 1 to NP 
    -->         line : nai, ip, kdis_ki(T,P,nai) for temperature index it = 1 to IT 
-----------------------------------------------------------------------------------------------
4950 4900  1
9
  160.00  180.00  200.00  220.00  240.00  260.00  280.00  300.00  320.00
31
    0.007    0.011    0.017    0.028    0.044    0.069    0.110    0.174    0.276    0.438    0.694    1.100    1.743    2.763    4.379    6.941   11.000   17.434   27.631   43.792   69.405  110.000  174.338  219.479  276.308  347.851  437.918  551.306  694.053  873.761 1098.900
2.02020202 2.02040612 2.02061022  4950.0  4949.0  0
2.02061022 2.02081441 2.02101859  4949.0  4948.0  0
2.02101859 2.02122286 2.02142713  4948.0  4947.0  0
2.02142713 2.02163148 2.02183583  4947.0  4946.0  0
2.02183583 2.02204026 2.02224469  4946.0  4945.0  0
2.02224469 2.02244920 2.02265372  4945.0  4944.0  0
2.02265372 2.02285832 2.02306292  4944.0  4943.0  0
2.02306292 2.02326760 2.02347228  4943.0  4942.0  0
2.02347228 2.02367704 2.02388181  4942.0  4941.0  0
2.02388181 2.02408665 2.02429150  4941.0  4940.0  0
2.02429150 2.02449643 2.02470136  4940.0  4939.0  0
2.02470136 2.02490637 2.02511138  4939.0  4938.0  0
2.02511138 2.02531648 2.02552157  4938.0  4937.0  0
2.02552157 2.02572675 2.02593193  4937.0  4936.0  0
2.02593193 2.02613719 2.02634245  4936.0  4935.0  0
2.02634245 2.02654780 2.02675314  4935.0  4934.0  0
2.02675314 2.02695857 2.02716400  4934.0  4933.0  0
2.02716400 2.02736951 2.02757502  4933.0  4932.0  0
2.02757502 2.02778062 2.02798621  4932.0  4931.0  0
2.02798621 2.02819189 2.02839757  4931.0  4930.0  0
2.02839757 2.02860333 2.02880909  4930.0  4929.0  0
2.02880909 2.02901494 2.02922078  4929.0  4928.0  0
2.02922078 2.02942671 2.02963264  4928.0  4927.0  0
2.02963264 2.02983865 2.03004466  4927.0  4926.0  0
2.03004466 2.03025076 2.03045685  4926.0  4925.0  0
2.03045685 2.03066303 2.03086921  4925.0  4924.0  0
2.03086921 2.03107547 2.03128174  4924.0  4923.0  0
2.03128174 2.03148808 2.03169443  4923.0  4922.0  0
2.03169443 2.03190086 2.03210730  4922.0  4921.0  0
2.03210730 2.03231382 2.03252033  4921.0  4920.0  0
2.03252033 2.03272692 2.03293352  4920.0  4919.0  0
2.03293352 2.03314020 2.03334689  4919.0  4918.0  0
2.03334689 2.03355366 2.03376042  4918.0  4917.0  0
2.03376042 2.03396728 2.03417413  4917.0  4916.0  0
2.03417413 2.03438106 2.03458800  4916.0  4915.0  0
2.03458800 2.03479502 2.03500204  4915.0  4914.0  0
2.03500204 2.03520914 2.03541624  4914.0  4913.0  1
1.0000000000000 
 1   1 1.4967160997472e-38 1.3336570868026e-38 1.2023337005692e-38 1.0957174483394e-38 1.0128136884631e-38 1.0127765540538e-38 1.0127765540538e-38 1.0127765540538e-38 1.0127765540538e-38
 1   2 2.5083898319096e-38 2.2331703293611e-38 2.0132641409650e-38 1.8332679137419e-38 1.6833832083097e-38 1.6479269940460e-38 1.6479269940460e-38 1.6479269940460e-38 1.6479269940460e-38
 1   3 3.8483254364816e-38 3.4249729917112e-38 3.0871479579317e-38 2.8108071363521e-38 2.5809302889929e-38 2.4620814018187e-38 2.4620814018187e-38 2.4620814018187e-38 2.4620814018187e-38
 1   4 6.0531362875217e-38 5.3890497348904e-38 4.8595489314474e-38 4.4257102900087e-38 4.0644269594171e-38 3.7863084506057e-38 3.7863084506057e-38 3.7863084506057e-38 3.7863084506057e-38
 1   5 9.3228386831530e-38 8.5498471375101e-38 7.7062570541958e-38 7.0160766426007e-38 6.4423867328643e-38 5.9562236067677e-38 5.8518223870204e-38 5.8518223870204e-38 5.8518223870204e-38
 1   6 1.4335283290043e-37 1.3667153150563e-37 1.2315442715255e-37 1.1211061458900e-37 1.0291906075637e-37 9.5152649882741e-38 9.1266568981475e-38 9.1266568981475e-38 9.1266568981475e-38
 1   7 2.1735540480142e-37 2.1460542943271e-37 1.9344474642418e-37 1.7612522429335e-37 1.6170152467540e-37 1.4949970148171e-37 1.4021392434034e-37 1.4021392434034e-37 1.4021392434034e-37
 1   8 3.3174339844426e-37 3.3174339844426e-37 3.0605439142230e-37 2.7859438976996e-37 2.5573638679912e-37 2.3641055278939e-37 2.1985792207173e-37 2.1668278153855e-37 2.1668278153855e-37
 1   9 5.0865735198604e-37 5.0865735198604e-37 4.8594075684583e-37 4.4225378623894e-37 4.0590544932088e-37 3.7518196928017e-37 3.4885314058979e-37 3.3614347562224e-37 3.3614347562224e-37
 1  10 7.7836520015231e-37 7.7836520015231e-37 7.6761963995391e-37 6.9871019382019e-37 6.4131812065824e-37 5.9278404745286e-37 5.5117933910163e-37 5.2000782470552e-37 5.2000782470552e-37
 1  11 1.1929673992129e-36 1.1929673992129e-36 1.1929673992129e-36 1.1058963178336e-36 1.0149137079729e-36 9.3799260131353e-37 8.7207830172785e-37 8.1497043431524e-37 8.0534026285289e-37
 1  12 1.8630123625975e-36 1.8630123625975e-36 1.8630123625975e-36 1.7520469227447e-36 1.6076180271484e-36 1.4855362771547e-36 1.3809507137918e-36 1.2903551761981e-36 1.2629482893628e-36
 1  13 3.0460865498107e-36 3.0460865498107e-36 3.0438785518464e-36 2.7704189904861e-36 2.5425435560663e-36 2.3498206689278e-36 2.1845476268304e-36 2.0423643961010e-36 2.0423643961010e-36
 1  14 4.9850631900554e-36 4.9850631900554e-36 4.8310683360975e-36 4.3951123214689e-36 4.0322110853015e-36 3.7254077054552e-36 3.4625235754493e-36 3.3039254672465e-36 3.3039254672465e-36
 1  15 8.1694296032764e-36 8.1694296032764e-36 7.6545323701222e-36 6.9628934198231e-36 6.3873015332862e-36 5.9006089181571e-36 5.4837037467276e-36 5.3486442241338e-36 5.3486442241338e-36
 1  16 1.3403924458080e-35 1.3403924458080e-35 1.2099493070652e-35 1.1009407166186e-35 1.0101410244122e-35 9.3328597832557e-36 8.6742450208680e-36 8.6631214463959e-36 8.6631214463959e-36
 1  17 2.2022077362346e-35 2.1327244258696e-35 1.9201728919275e-35 1.7464933146075e-35 1.6019131056819e-35 1.4796321336461e-35 1.4039860875171e-35 1.4039860875171e-35 1.4039860875171e-35
 1  18 3.6229688685616e-35 3.3796797070694e-35 3.0423085235946e-35 2.7667434899918e-35 2.5373372726454e-35 2.3433461229557e-35 2.2764779718368e-35 2.2764779718368e-35 2.2764779718368e-35
 1  19 5.9697572442006e-35 5.3407983159167e-35 4.8094303865266e-35 4.3749784651335e-35 4.0128814352758e-35 3.7065032968246e-35 3.6937513642113e-35 3.6937513642113e-35 3.6937513642113e-35
 1  20 9.5342630619361e-35 8.4749061754426e-35 7.6288343589168e-35 6.9372200894073e-35 6.3612795149710e-35 5.9970765823921e-35 5.9970765823921e-35 5.9970765823921e-35 5.9970765823921e-35
 1  21 1.5113669511914e-34 1.3431336205740e-34 1.2087991822702e-34 1.0990269509745e-34 1.0076391528603e-34 9.7433179593620e-35 9.7433179593620e-35 9.7433179593620e-35 9.7433179593620e-35
 1  22 2.3953179252288e-34 2.1281579058231e-34 1.9149924515892e-34 1.7408538689800e-34 1.5959000330780e-34 1.5427760684099e-34 1.5427760684099e-34 1.5427760684099e-34 1.5427760684099e-34
 1  23 3.6654772238457e-34 3.3665425819468e-34 3.0294085062436e-34 2.7540540055158e-34 2.5248477599623e-34 2.3309341251711e-34 2.2855138958925e-34 2.2855138958925e-34 2.2855138958925e-34
 1  24 4.3860049809656e-34 4.2363898048674e-34 3.8119803245679e-34 3.4653049999913e-34 3.1767727943310e-34 2.9328209823369e-34 2.7863548454019e-34 2.7863548454019e-34 2.7863548454019e-34
 1  25 5.2602536496282e-34 5.2602536496282e-34 4.7896288742422e-34 4.3547409638311e-34 3.9928590586232e-34 3.6866019134382e-34 3.4242894306972e-34 3.3999201930255e-34 3.3999201930255e-34
 1  26 6.3230621732448e-34 6.3230621732448e-34 6.0349994765586e-34 5.4856115287152e-34 5.0284452452911e-34 4.6421204044258e-34 4.3106686500474e-34 4.1514309506617e-34 4.1514309506617e-34
 1  27 7.6150135759225e-34 7.6150135759225e-34 7.5764578203930e-34 6.8899599359632e-34 6.3173013325708e-34 5.8328498048832e-34 5.4176950467091e-34 5.0744162579579e-34 5.0744162579579e-34
 1  28 9.1891019898968e-34 9.1891019898968e-34 9.1891019898968e-34 8.6819606661735e-34 7.9573464590633e-34 7.3445180912964e-34 6.8204850055873e-34 6.3668020425324e-34 6.2080372959520e-34
 1  29 1.1102105169845e-33 1.1102105169845e-33 1.1102105169845e-33 1.0907214634963e-33 9.9945378621108e-34 9.2359941125901e-34 8.5710913450818e-34 8.0037013441040e-34 7.6025087955882e-34
 1  30 1.3412715640539e-33 1.3412715640539e-33 1.3412715640539e-33 1.3412715640539e-33 1.2552355713138e-33 1.1590095119199e-33 1.0786639220283e-33 1.0066822499492e-33 9.4392774934655e-34
 1  31 1.6200951506491e-33 1.6200951506491e-33 1.6200951506491e-33 1.6200951506491e-33 1.5744007464967e-33 1.4543704673213e-33 1.3497365927477e-33 1.2597241230240e-33 1.1859685565011e-33
2.03541624 2.03562343 2.03583062  4913.0  4912.0  0
2.03583062 2.03603789 2.03624516  4912.0  4911.0  0
2.03624516 2.03645252 2.03665988  4911.0  4910.0  0
2.03665988 2.03686732 2.03707476  4910.0  4909.0  1
1.0000000000000 
 1   1 9.9084168727491e-37 8.8249732575290e-37 7.9589035442499e-37 7.2507411102412e-37 6.6993070711307e-37 6.6990608910165e-37 6.6990608910165e-37 6.6990608910165e-37 6.6990608910165e-37
 1   2 1.6600083840445e-36 1.4777135789243e-36 1.3321622096269e-36 1.2132321928768e-36 1.1142347835819e-36 1.0908127860051e-36 1.0908127860051e-36 1.0908127860051e-36 1.0908127860051e-36
 1   3 2.5473688656710e-36 2.2671441492158e-36 2.0434596061392e-36 1.8607326181519e-36 1.7086431713731e-36 1.6300183548304e-36 1.6300183548304e-36 1.6300183548304e-36 1.6300183548304e-36
 1   4 4.0063195738359e-36 3.5672163998018e-36 3.2162315367258e-36 2.9292423826404e-36 2.6901617621259e-36 2.5060120414130e-36 2.5060120414130e-36 2.5060120414130e-36 2.5060120414130e-36
 1   5 6.1707577381346e-36 5.6589391464961e-36 5.1003698301299e-36 4.6439793414089e-36 4.2639733853497e-36 3.9426872607734e-36 3.8737636447096e-36 3.8737636447096e-36 3.8737636447096e-36
 1   6 9.4886400484026e-36 9.0463502543983e-36 8.1516479553328e-36 7.4208275340908e-36 6.8124919883848e-36 6.2982110575056e-36 6.0408155333247e-36 6.0408155333247e-36 6.0408155333247e-36
 1   7 1.4387089451214e-35 1.4205025580081e-35 1.2804152572391e-35 1.1658034818367e-35 1.0702803600291e-35 9.8953938101826e-36 9.2809540738413e-36 9.2809540738413e-36 9.2809540738413e-36
 1   8 2.1958725219293e-35 2.1958725219293e-35 2.0257598926773e-35 1.8440471488240e-35 1.6927560610166e-35 1.5648101303045e-35 1.4552096313866e-35 1.4341854729638e-35 1.4341854729638e-35
 1   9 3.3668310601992e-35 3.3668310601992e-35 3.2164544530434e-35 2.9272874345159e-35 2.6867085681042e-35 2.4833279563971e-35 2.3090373860418e-35 2.2249101883496e-35 2.2249101883496e-35
 1  10 5.1520740754246e-35 5.1520740754246e-35 5.0809400220162e-35 4.6247784763173e-35 4.2449170176716e-35 3.9236290994332e-35 3.6482775833590e-35 3.4419014125617e-35 3.4419014125617e-35
 1  11 7.8962972058711e-35 7.8962972058711e-35 7.8962972058711e-35 7.3199485374487e-35 6.7177797453096e-35 6.2085714341565e-35 5.7722512343884e-35 5.3942867527102e-35 5.3305517704329e-35
 1  12 1.2331423616199e-34 1.2331423616199e-34 1.2331423616199e-34 1.1596890027560e-34 1.0640945649459e-34 9.8327944312125e-35 9.1404701585233e-35 8.5408021617390e-35 8.3593926185159e-35
 1  13 2.0162182420237e-34 2.0162182420237e-34 2.0147566801024e-34 1.8337436366339e-34 1.6829354026462e-34 1.5553333097714e-34 1.4459465579708e-34 1.3518325083588e-34 1.3518325083588e-34
 1  14 3.2996381271083e-34 3.2996381271083e-34 3.1977032518491e-34 2.9091418884188e-34 2.6689392605554e-34 2.4658340405424e-34 2.2918369993917e-34 2.1868603029110e-34 2.1868603029110e-34
 1  15 5.4073869714428e-34 5.4073869714428e-34 5.0665597312616e-34 4.6087900886277e-34 4.2277632375358e-34 3.9055969701738e-34 3.6296482937859e-34 3.5402508004621e-34 3.5402508004621e-34
 1  16 8.8721271831327e-34 8.8721271831327e-34 8.0086760729309e-34 7.2872329455030e-34 6.6860897262673e-34 6.1773950051264e-34 5.7414601700591e-34 5.7340972591546e-34 5.7340972591546e-34
 1  17 1.4576531271315e-33 1.4116595229326e-33 1.2709703897190e-33 1.1560146645547e-33 1.0603015982425e-33 9.7936532243950e-34 9.2929477322424e-34 9.2929477322424e-34 9.2929477322424e-34
 1  18 2.3980632096332e-33 2.2370212182545e-33 2.0137246787143e-33 1.8313120163666e-33 1.6794566970106e-33 1.5510693876848e-33 1.5068172599996e-33 1.5068172599996e-33 1.5068172599996e-33
 1  19 3.9514139747135e-33 3.5350281617134e-33 3.1834043732618e-33 2.8957855175286e-33 2.6561170967463e-33 2.4533595659218e-33 2.4449206185089e-33 2.4449206185089e-33 2.4449206185089e-33
 1  20 6.3106105656627e-33 5.6094384709728e-33 5.0494046769083e-33 4.5917215433118e-33 4.2105329699111e-33 3.9695088735345e-33 3.9695088735345e-33 3.9695088735345e-33 3.9695088735345e-33
 1  21 1.0003724350462e-32 8.8899941462522e-33 8.0009119327437e-33 7.2744270365767e-33 6.6695969895123e-33 6.4491719622659e-33 6.4491719622659e-33 6.4491719622659e-33 6.4491719622659e-33
 1  22 1.5854690176331e-32 1.4086521859399e-32 1.2675167505821e-32 1.1522490969716e-32 1.0563170764694e-32 1.0211506935966e-32 1.0211506935966e-32 1.0211506935966e-32 1.0211506935966e-32
 1  23 2.4260795746487e-32 2.2282551895384e-32 2.0051982304406e-32 1.8228871381517e-32 1.6711441887088e-32 1.5428178214182e-32 1.5127627818564e-32 1.5127627818564e-32 1.5127627818564e-32
 1  24 2.9029773389037e-32 2.8039680945962e-32 2.5231357350923e-32 2.2937137679583e-32 2.1026459774398e-32 1.9411392249821e-32 1.8441341985428e-32 1.8441341985428e-32 1.8441341985428e-32
 1  25 3.4819576774464e-32 3.4819576774464e-32 3.1704696007674e-32 2.8826671475102e-32 2.6430858235125e-32 2.4402219471834e-32 2.2663713285478e-32 2.2502194484203e-32 2.2502194484203e-32
 1  26 4.1854704752624e-32 4.1854704752624e-32 3.9948141077667e-32 3.6312193052515e-32 3.3286179658647e-32 3.0727263638757e-32 2.8533623672178e-32 2.7481565044400e-32 2.7481565044400e-32
 1  27 5.0408089479363e-32 5.0408089479363e-32 5.0152777983836e-32 4.5607135451734e-32 4.1818902133434e-32 3.8608638816282e-32 3.5858546272646e-32 3.3591817006068e-32 3.3591817006068e-32
 1  28 6.0823028202366e-32 6.0823028202366e-32 6.0823028202366e-32 5.7462566094537e-32 5.2672937954979e-32 4.8624708796164e-32 4.5154799348066e-32 4.2146124495872e-32 4.1092943270989e-32
 1  29 7.3512189968433e-32 7.3512189968433e-32 7.3512189968433e-32 7.2235797060008e-32 6.6226846262757e-32 6.1138272277369e-32 5.6776600488643e-32 5.2998067937473e-32 5.0307120392099e-32
 1  30 8.8983000423984e-32 8.8983000423984e-32 8.8983000423984e-32 8.8983000423984e-32 8.3321772610649e-32 7.6928288223886e-32 7.1433098987605e-32 6.6673951416564e-32 6.2514123762817e-32
 1  31 1.0777290734116e-31 1.0777290734116e-31 1.0777290734116e-31 1.0777290734116e-31 1.0474287081787e-31 9.6703576790523e-32 8.9806475359037e-32 8.3828299003890e-32 7.8589108927332e-32
2.03707476 2.03728228 2.03748981  4909.0  4908.0  1
1.0000000000000 
 1   1 3.9014308815892e-36 3.4748585892594e-36 3.1338353663897e-36 2.8549539234319e-36 2.6378775900222e-36 2.6377807322724e-36 2.6377807322724e-36 2.6377807322724e-36 2.6377807322724e-36
 1   2 6.5362795145341e-36 5.8185083433243e-36 5.2453791547606e-36 4.7771113947806e-36 4.3873059455630e-36 4.2950779961519e-36 4.2950779961519e-36 4.2950779961519e-36 4.2950779961519e-36
 1   3 1.0030300154039e-35 8.9269268012226e-36 8.0461167733454e-36 7.3266122071457e-36 6.7277636986716e-36 6.4181711743620e-36 6.4181711743620e-36 6.4181711743620e-36 6.4181711743620e-36
 1   4 1.5774888815069e-35 1.4046013853413e-35 1.2663905420461e-35 1.1533769195163e-35 1.0592510604335e-35 9.8674392286451e-36 9.8674392286451e-36 9.8674392286451e-36 9.8674392286451e-36
 1   5 2.4297379265860e-35 2.2282168401832e-35 2.0082747011948e-35 1.8285529221995e-35 1.6789359667885e-35 1.5524327143239e-35 1.5252937467866e-35 1.5252937467866e-35 1.5252937467866e-35
 1   6 3.7361518127874e-35 3.5620104751134e-35 3.2097168844706e-35 2.9219288333151e-35 2.6824014833344e-35 2.4799188505882e-35 2.3785696275071e-35 2.3785696275071e-35 2.3785696275071e-35
 1   7 5.6649156283945e-35 5.5932317099528e-35 5.0416596844220e-35 4.5903252419899e-35 4.2141888606571e-35 3.8963091872699e-35 3.6543748863320e-35 3.6543748863320e-35 3.6543748863320e-35
 1   8 8.6462482523994e-35 8.6462482523994e-35 7.9764701679888e-35 7.2609166805183e-35 6.6651603018985e-35 6.1614253863164e-35 5.7298886679544e-35 5.6471064298021e-35 5.6471064298021e-35
 1   9 1.3256891236956e-34 1.3256891236956e-34 1.2664824349395e-34 1.1526208837942e-34 1.0578831563689e-34 9.7780444042905e-35 9.0918352277017e-35 8.7605845930598e-35 8.7605845930598e-35
 1  10 2.0286284317970e-34 2.0286284317970e-34 2.0006211309450e-34 1.8210153516608e-34 1.6714265782677e-34 1.5449142283492e-34 1.4365090832082e-34 1.3552485592271e-34 1.3552485592271e-34
 1  11 3.1091657979469e-34 3.1091657979469e-34 3.1091657979469e-34 2.8822446491266e-34 2.6451185103844e-34 2.4446002962983e-34 2.2728187864924e-34 2.1240000537346e-34 2.0989043972882e-34
 1  12 4.8554955879741e-34 4.8554955879741e-34 4.8554955879741e-34 4.5662945903130e-34 4.1898682384011e-34 3.8716283976774e-34 3.5990468697561e-34 3.3629401050213e-34 3.2915099969321e-34
 1  13 7.9388572186218e-34 7.9388572186218e-34 7.9331028064325e-34 7.2204111426110e-34 6.6265256826367e-34 6.1240574081353e-34 5.6934136751791e-34 5.3228395402599e-34 5.3228395402599e-34
 1  14 1.2992321208131e-33 1.2992321208131e-33 1.2590978967757e-33 1.1454779189030e-33 1.0508877252023e-33 9.7091471191853e-34 9.0241057457246e-34 8.6107587692923e-34 8.6107587692923e-34
 1  15 2.1291580402940e-33 2.1291580402940e-33 1.9949658092561e-33 1.8147098117002e-33 1.6646669576964e-33 1.5378225765415e-33 1.4291737459114e-33 1.3939733839050e-33 1.3939733839050e-33
 1  16 3.4933991313050e-33 3.4933991313050e-33 3.1534366141555e-33 2.8693345069122e-33 2.6326189646734e-33 2.4323485227558e-33 2.2606991642289e-33 2.2578001012862e-33 2.2578001012862e-33
 1  17 5.7395076555753e-33 5.5584183427273e-33 5.0044618544565e-33 4.5517775105869e-33 4.1749044708217e-33 3.8562499928328e-33 3.6590975496808e-33 3.6590975496808e-33 3.6590975496808e-33
 1  18 9.4423706966471e-33 8.8083031663418e-33 7.9290378000306e-33 7.2107284670736e-33 6.6128316326271e-33 6.1073455518865e-33 5.9331093711038e-33 5.9331093711038e-33 5.9331093711038e-33
 1  19 1.5558688943850e-32 1.3919254890749e-32 1.2534601891349e-32 1.1402031451431e-32 1.0458454054503e-32 9.6601280864011e-33 9.6269005345232e-33 9.6269005345232e-33 9.6269005345232e-33
 1  20 2.4848075662894e-32 2.2087297875609e-32 1.9882011698749e-32 1.8079646781784e-32 1.6578984244901e-32 1.5629984145596e-32 1.5629984145596e-32 1.5629984145596e-32 1.5629984145596e-32
 1  21 3.9389793015970e-32 3.5004558442981e-32 3.1503313254227e-32 2.8642824158633e-32 2.6261581171135e-32 2.5393687243300e-32 2.5393687243300e-32 2.5393687243300e-32 2.5393687243300e-32
 1  22 6.2427965904374e-32 5.5465489354566e-32 4.9908833518681e-32 4.5370138158193e-32 4.1592772285166e-32 4.0208289732447e-32 4.0208289732447e-32 4.0208289732447e-32 4.0208289732447e-32
 1  23 9.5524185675928e-32 8.7738216558652e-32 7.8954887504477e-32 7.1777101531902e-32 6.5801358450061e-32 6.0748907406075e-32 5.9565748832085e-32 5.9565748832085e-32 5.9565748832085e-32
 1  24 1.1430149717113e-31 1.1040478041793e-31 9.9349773265962e-32 9.0315252823960e-32 8.2792606196211e-32 7.6431618350776e-32 7.2611438034757e-32 7.2611438034757e-32 7.2611438034757e-32
 1  25 1.3709872898245e-31 1.3709872898245e-31 1.2483625403332e-31 1.1350497044407e-31 1.0406750229355e-31 9.6082051784941e-32 8.9236754389496e-32 8.8600747293511e-32 8.8600747293511e-32
 1  26 1.6479885369150e-31 1.6479885369150e-31 1.5729328699667e-31 1.4297881033402e-31 1.3106175439987e-31 1.2098524050047e-31 1.1235052919707e-31 1.0820865134206e-31 1.0820865134206e-31
 1  27 1.9848680556431e-31 1.9848680556431e-31 1.9748124067684e-31 1.7957773290732e-31 1.6465660712010e-31 1.5202407479439e-31 1.4119129484944e-31 1.3226528429096e-31 1.3226528429096e-31
 1  28 2.3949517201676e-31 2.3949517201676e-31 2.3949517201676e-31 2.2626265561944e-31 2.0740652722801e-31 1.9145569189936e-31 1.7779115781823e-31 1.6594715885798e-31 1.6179982670919e-31
 1  29 2.8945699682078e-31 2.8945699682078e-31 2.8945699682078e-31 2.8442954854163e-31 2.6076593037398e-31 2.4074157218682e-31 2.2356952753204e-31 2.0868842732747e-31 1.9807872094548e-31
 1  30 3.5038583126966e-31 3.5038583126966e-31 3.5038583126966e-31 3.5038583126966e-31 3.2809072362524e-31 3.0290009127610e-31 2.8128300877324e-31 2.6255115364458e-31 2.4616323425146e-31
 1  31 4.2435670501125e-31 4.2435670501125e-31 4.2435670501125e-31 4.2435670501125e-31 4.1241410558487e-31 3.8074240864236e-31 3.5358096597452e-31 3.3002885520099e-31 3.0942225115198e-31
2.03748981 2.03769742 2.03790503  4908.0  4907.0  1
1.0000000000000 
 1   1 7.2867921925186e-36 6.4900776503888e-36 5.8531346301648e-36 5.3322723945492e-36 4.9268247774626e-36 4.9266439763295e-36 4.9266439763295e-36 4.9266439763295e-36 4.9266439763295e-36
 1   2 1.2207968010770e-35 1.0867367787152e-35 9.7969318090050e-36 8.9223407661332e-36 8.1942854542834e-36 8.0220271747595e-36 8.0220271747595e-36 8.0220271747595e-36 8.0220271747595e-36
 1   3 1.8733819891702e-35 1.6673011268901e-35 1.5027934762560e-35 1.3684100207562e-35 1.2565605566332e-35 1.1987365517167e-35 1.1987365517167e-35 1.1987365517167e-35 1.1987365517167e-35
 1   4 2.9463146013762e-35 2.6233991859543e-35 2.3652702692408e-35 2.1541908296035e-35 1.9783901393083e-35 1.8429653553778e-35 1.8429653553778e-35 1.8429653553778e-35 1.8429653553778e-35
 1   5 4.5380826110989e-35 4.1616859335317e-35 3.7509014544281e-35 3.4152349673507e-35 3.1357901710212e-35 2.8995166674637e-35 2.8488286393311e-35 2.8488286393311e-35 2.8488286393311e-35
 1   6 6.9780966427191e-35 6.6528422920045e-35 5.9948547373569e-35 5.4573582235278e-35 5.0099890656282e-35 4.6318047527311e-35 4.4425125670925e-35 4.4425125670925e-35 4.4425125670925e-35
 1   7 1.0580496082057e-34 1.0446607964264e-34 9.4164031080825e-35 8.5734565682853e-35 7.8709488870159e-35 7.2772324043545e-35 6.8253661770024e-35 6.8253661770024e-35 6.8253661770024e-35
 1   8 1.6148797898634e-34 1.6148797898634e-34 1.4897806734364e-34 1.3561376416243e-34 1.2448688361243e-34 1.1507848626373e-34 1.0701855542286e-34 1.0547240153011e-34 1.0547240153011e-34
 1   9 2.4760204337763e-34 2.4760204337763e-34 2.3654358027227e-34 2.1527737218021e-34 1.9758342713544e-34 1.8262700639566e-34 1.6981046751072e-34 1.6362362492893e-34 1.6362362492893e-34
 1  10 3.7889162988853e-34 3.7889162988853e-34 3.7366051931525e-34 3.4011448193667e-34 3.1217631025436e-34 2.8854756514702e-34 2.6830034076145e-34 2.5312312453002e-34 2.5312312453002e-34
 1  11 5.8070610200296e-34 5.8070610200296e-34 5.8070610200296e-34 5.3832236748712e-34 4.9403469946493e-34 4.5658418413170e-34 4.2450007601646e-34 3.9670473148955e-34 3.9201758551889e-34
 1  12 9.0687240215329e-34 9.0687240215329e-34 9.0687240215329e-34 8.5285595717461e-34 7.8255074207789e-34 7.2311361510298e-34 6.7220300068662e-34 6.2810469745751e-34 6.1476347942415e-34
 1  13 1.4827587477291e-33 1.4827587477291e-33 1.4816839050821e-33 1.3485693635916e-33 1.2376517370289e-33 1.1438059618600e-33 1.0633729445760e-33 9.9415992903505e-34 9.9415992903505e-34
 1  14 2.4266058655101e-33 2.4266058655101e-33 2.3516442234162e-33 2.1394318609202e-33 1.9627682843031e-33 1.8134018905639e-33 1.6854546569357e-33 1.6082529634195e-33 1.6082529634195e-33
 1  15 3.9766779197066e-33 3.9766779197066e-33 3.7260375448563e-33 3.3893726567030e-33 3.1091395789127e-33 2.8722297127641e-33 2.6693033882976e-33 2.6035587239401e-33 2.6035587239401e-33
 1  16 6.5247026170940e-33 6.5247026170940e-33 5.8897310581646e-33 5.3591224590950e-33 4.9170098502011e-33 4.5429576295359e-33 4.2223643205521e-33 4.2169496996987e-33 4.2169496996987e-33
 1  17 1.0719811264412e-32 1.0381578928011e-32 9.3469315756199e-33 8.5014631412627e-33 7.7975749199384e-33 7.2024140485935e-33 6.8341875044625e-33 6.8341875044625e-33 6.8341875044625e-33
 1  18 1.7635733095140e-32 1.6451446046573e-32 1.4809231949332e-32 1.3467654940418e-32 1.2350951470184e-32 1.1406853182322e-32 1.1081435203712e-32 1.1081435203712e-32 1.1081435203712e-32
 1  19 2.9059325317017e-32 2.5997300653711e-32 2.3411167531496e-32 2.1295865447191e-32 1.9533515827296e-32 1.8042490874722e-32 1.7980432119839e-32 1.7980432119839e-32 1.7980432119839e-32
 1  20 4.6409383897548e-32 4.1252951562023e-32 3.7134195680894e-32 3.3767894304878e-32 3.0964995616268e-32 2.9192558785475e-32 2.9192558785475e-32 2.9192558785475e-32 2.9192558785475e-32
 1  21 7.3569177934561e-32 6.5378874025432e-32 5.8839669481469e-32 5.3496994759736e-32 4.9049453108682e-32 4.7428499296144e-32 4.7428499296144e-32 4.7428499296144e-32 4.7428499296144e-32
 1  22 1.1659850717219e-31 1.0359440108218e-31 9.3216131905447e-32 8.4739077904379e-32 7.7683431672326e-32 7.5097326468101e-32 7.5097326468101e-32 7.5097326468101e-32 7.5097326468101e-32
 1  23 1.7841402876484e-31 1.6387157672779e-31 1.4746535488763e-31 1.3405999380097e-31 1.2289896881350e-31 1.1346147715309e-31 1.1125140671422e-31 1.1125140671422e-31 1.1125140671422e-31
 1  24 2.1348512606555e-31 2.0620691173311e-31 1.8555809568196e-31 1.6868341583311e-31 1.5463422473556e-31 1.4275386773505e-31 1.3562003937372e-31 1.3562003937372e-31 1.3562003937372e-31
 1  25 2.5606242482804e-31 2.5606242482804e-31 2.3315975117345e-31 2.1199807869198e-31 1.9437005977852e-31 1.7945400037196e-31 1.6667165129123e-31 1.6548407285848e-31 1.6548407285848e-31
 1  26 3.0779854080519e-31 3.0779854080519e-31 2.9378037100355e-31 2.6704638510144e-31 2.4478896380591e-31 2.2596708931987e-31 2.0983949490568e-31 2.0210396625100e-31 2.0210396625100e-31
 1  27 3.7072096665329e-31 3.7072096665329e-31 3.6884273826966e-31 3.3540161670063e-31 3.0753003438557e-31 2.8393337237615e-31 2.6371235398409e-31 2.4703810767700e-31 2.4703810767700e-31
 1  28 4.4731335736643e-31 4.4731335736643e-31 4.4731335736643e-31 4.2259435686073e-31 3.8737915570755e-31 3.5759226991704e-31 3.3206551671322e-31 3.0994473488103e-31 3.0220109531533e-31
 1  29 5.4063298567199e-31 5.4063298567199e-31 5.4063298567199e-31 5.3124355997559e-31 4.8704708827451e-31 4.4964262293247e-31 4.1756888341209e-31 3.8976801883718e-31 3.6996202048063e-31
 1  30 6.5442906729205e-31 6.5442906729205e-31 6.5442906729205e-31 6.5442906729205e-31 6.1279620771078e-31 5.6572461788691e-31 5.2536326703504e-31 4.9038332932124e-31 4.5975488361508e-31
 1  31 7.9258505940351e-31 7.9258505940351e-31 7.9258505940351e-31 7.9258505940351e-31 7.7028325144129e-31 7.1112861412599e-31 6.6039451304337e-31 6.1641057072092e-31 5.7790960424843e-31
2.03790503 2.03811272 2.03832042  4907.0  4906.0  1
1.0000000000000 
 1   1 1.0424451646365e-35 9.2846655193228e-36 8.3734615295413e-36 7.6283291201950e-36 7.0482932566019e-36 7.0480349692689e-36 7.0480349692689e-36 7.0480349692689e-36 7.0480349692689e-36
 1   2 1.7464664814235e-35 1.5546805315853e-35 1.4015445547559e-35 1.2764252919170e-35 1.1722701356958e-35 1.1476270130061e-35 1.1476270130061e-35 1.1476270130061e-35 1.1476270130061e-35
 1   3 2.6800522165483e-35 2.3852337276830e-35 2.1498879061297e-35 1.9576401959373e-35 1.7976296147557e-35 1.7149076436477e-35 1.7149076436477e-35 1.7149076436477e-35 1.7149076436477e-35
 1   4 4.2149838116707e-35 3.7530265852064e-35 3.3837428538026e-35 3.0817791328573e-35 2.8302752862339e-35 2.6365374016234e-35 2.6365374016234e-35 2.6365374016234e-35 2.6365374016234e-35
 1   5 6.4921582983487e-35 5.9536923460633e-35 5.3660220828802e-35 4.8858228830478e-35 4.4860468970603e-35 4.1480325781264e-35 4.0755181224163e-35 4.0755181224163e-35 4.0755181224163e-35
 1   6 9.9828421524976e-35 9.5175346523391e-35 8.5762173728886e-35 7.8072764676703e-35 7.1672703031705e-35 6.6262364008238e-35 6.3554347596124e-35 6.3554347596124e-35 6.3554347596124e-35
 1   7 1.5136420608144e-34 1.4944880461751e-34 1.3471075720815e-34 1.2265156270115e-34 1.1260152222023e-34 1.0410771457776e-34 9.7643333647141e-35 9.7643333647141e-35 9.7643333647141e-35
 1   8 2.3102415215880e-34 2.3102415215880e-34 2.1312754913289e-34 1.9400854677650e-34 1.7809051655645e-34 1.6463072741811e-34 1.5310019542419e-34 1.5088829158147e-34 1.5088829158147e-34
 1   9 3.5421864631324e-34 3.5421864631324e-34 3.3839846681434e-34 3.0797501997613e-34 2.8266210370474e-34 2.6126544329038e-34 2.4292995842834e-34 2.3407910585625e-34 2.3407910585625e-34
 1  10 5.4204106223304e-34 5.4204106223304e-34 5.3455747948663e-34 4.8656663691736e-34 4.4659817595047e-34 4.1279509101815e-34 3.8382911942171e-34 3.6211665969495e-34 3.6211665969495e-34
 1  11 8.3075611236618e-34 8.3075611236618e-34 8.3075611236618e-34 7.7012218520534e-34 7.0676414172198e-34 6.5318777244089e-34 6.0728779453040e-34 5.6752380529570e-34 5.6081834470823e-34
 1  12 1.2973685030896e-33 1.2973685030896e-33 1.2973685030896e-33 1.2200929738345e-33 1.1195140955938e-33 1.0344837015366e-33 9.6165053073711e-34 8.9856340196741e-34 8.7947759814288e-34
 1  13 2.1212295145687e-33 2.1212295145687e-33 2.1196918210211e-33 1.9292591647940e-33 1.7705795497184e-33 1.6363248705431e-33 1.5212560958831e-33 1.4222400741160e-33 1.4222400741160e-33
 1  14 3.4714941614194e-33 3.4714941614194e-33 3.3642545464778e-33 3.0606638449238e-33 2.8079285187351e-33 2.5942460536167e-33 2.4112030324235e-33 2.3007585423370e-33 2.3007585423370e-33
 1  15 5.6890220099174e-33 5.6890220099174e-33 5.3304572946662e-33 4.8488238310137e-33 4.4479244214017e-33 4.1089992780168e-33 3.8186918462981e-33 3.7246376045529e-33 3.7246376045529e-33
 1  16 9.3342171348478e-33 9.3342171348478e-33 8.4258311000469e-33 7.6667401946400e-33 7.0342573776564e-33 6.4991326762278e-33 6.0404929841033e-33 6.0327468436734e-33 6.0327468436734e-33
 1  17 1.5335725583490e-32 1.4851852435757e-32 1.3371689050985e-32 1.2162162669339e-32 1.1155180576494e-32 1.0303736222731e-32 9.7769531230896e-33 9.7769531230896e-33 9.7769531230896e-33
 1  18 2.5229620558019e-32 2.3535384958283e-32 2.1186033132522e-32 1.9266779996047e-32 1.7669217051723e-32 1.6318600491251e-32 1.5853067994127e-32 1.5853067994127e-32 1.5853067994127e-32
 1  19 4.1572177624140e-32 3.7191724374424e-32 3.3491926434871e-32 3.0465795491568e-32 2.7944548188150e-32 2.5811534342715e-32 2.5722755131869e-32 2.5722755131869e-32 2.5722755131869e-32
 1  20 6.6393014144189e-32 5.9016393302172e-32 5.3123969259918e-32 4.8308224574620e-32 4.4298381183831e-32 4.1762786971862e-32 4.1762786971862e-32 4.1762786971862e-32 4.1762786971862e-32
 1  21 1.0524798074042e-31 9.3530758845917e-32 8.4175757501578e-32 7.6532569805625e-32 7.0169965655457e-32 6.7851079704534e-32 6.7851079704534e-32 6.7851079704534e-32 6.7851079704534e-32
 1  22 1.6680476427151e-31 1.4820159050944e-31 1.3335423874768e-31 1.2122703968844e-31 1.1113361042533e-31 1.0743400056487e-31 1.0743400056487e-31 1.0743400056487e-31 1.0743400056487e-31
 1  23 2.5523776852116e-31 2.3443238837743e-31 2.1096275028755e-31 1.9178567667352e-31 1.7581893690630e-31 1.6231764372567e-31 1.5915590481532e-31 1.5915590481532e-31 1.5915590481532e-31
 1  24 3.0541019489307e-31 2.9499750136428e-31 2.6545702269958e-31 2.4131768196816e-31 2.2121919710724e-31 2.0422288885791e-31 1.9401629475364e-31 1.9401629475364e-31 1.9401629475364e-31
 1  25 3.6632355983630e-31 3.6632355983630e-31 3.3356135678453e-31 3.0328483057713e-31 2.7806412908249e-31 2.5672608542863e-31 2.3843847312503e-31 2.3673939008047e-31 2.3673939008047e-31
 1  26 4.4033740965136e-31 4.4033740965136e-31 4.2028451046136e-31 3.8203862626301e-31 3.5019403761138e-31 3.2326616567105e-31 3.0019462049802e-31 2.8912891634746e-31 2.8912891634746e-31
 1  27 5.3035267631699e-31 5.3035267631699e-31 5.2766563729033e-31 4.7982367548870e-31 4.3994775678395e-31 4.0619668086450e-31 3.7726261622550e-31 3.5340868552246e-31 3.5340868552246e-31
 1  28 6.3992553587296e-31 6.3992553587296e-31 6.3992553587296e-31 6.0455871945841e-31 5.5418220375731e-31 5.1156733619537e-31 4.7504853531702e-31 4.4340295785898e-31 4.3232434678045e-31
 1  29 7.7342111606138e-31 7.7342111606138e-31 7.7342111606138e-31 7.5999066992527e-31 6.9676971553183e-31 6.4325458289426e-31 5.9737579069805e-31 5.5760806449335e-31 5.2926816522892e-31
 1  30 9.3619896582539e-31 9.3619896582539e-31 9.3619896582539e-31 9.3619896582539e-31 8.7664908028957e-31 8.0931864466543e-31 7.5158527405983e-31 7.0153643916396e-31 6.5772430709582e-31
 1  31 1.1339142004077e-30 1.1339142004077e-30 1.1339142004077e-30 1.1339142004077e-30 1.1019964254778e-30 1.0173458799305e-30 9.4476512229825e-31 8.8183761831456e-31 8.2674398484293e-31
2.03832042 2.03852820 2.03873598  4906.0  4905.0  1
1.0000000000000 
 1   1 1.3376325021626e-35 1.1913794522773e-35 1.0744565792169e-35 9.7884291334974e-36 9.0441411802368e-36 9.0438089940281e-36 9.0438089940281e-36 9.0438089940281e-36 9.0438089940281e-36
 1   2 2.2410100987698e-35 1.9949170847856e-35 1.7984171041353e-35 1.6378682808504e-35 1.5042193658269e-35 1.4725979651193e-35 1.4725979651193e-35 1.4725979651193e-35 1.4725979651193e-35
 1   3 3.4389586588816e-35 3.0606572557269e-35 2.7586679930343e-35 2.5119814921562e-35 2.3066607120999e-35 2.2005150932460e-35 2.2005150932460e-35 2.2005150932460e-35 2.2005150932460e-35
 1   4 5.4085344559673e-35 4.8157667487756e-35 4.3419122337840e-35 3.9544424912675e-35 3.6317199303876e-35 3.3831212422880e-35 3.3831212422880e-35 3.3831212422880e-35 3.3831212422880e-35
 1   5 8.3305304439890e-35 7.6395911653762e-35 6.8855103913800e-35 6.2693366860768e-35 5.7563533620598e-35 5.3226240712270e-35 5.2295757725479e-35 5.2295757725479e-35 5.2295757725479e-35
 1   6 1.2809650074780e-34 1.2212591928002e-34 1.1004738192165e-34 1.0018059917330e-34 9.1968169751347e-35 8.5025767844069e-35 8.1550947997909e-35 8.1550947997909e-35 8.1550947997909e-35
 1   7 1.9422553109505e-34 1.9176778362912e-34 1.7285665091828e-34 1.5738273715765e-34 1.4448677204797e-34 1.3358772388450e-34 1.2529280896784e-34 1.2529280896784e-34 1.2529280896784e-34
 1   8 2.9644250203960e-34 2.9644250203960e-34 2.7347853113006e-34 2.4894584923403e-34 2.2852028031493e-34 2.1124898518236e-34 1.9645332247860e-34 1.9361505463434e-34 1.9361505463434e-34
 1   9 4.5452160480574e-34 4.5452160480574e-34 4.3422196531074e-34 3.9518407342642e-34 3.6270339667990e-34 3.3524763685891e-34 3.1172007150945e-34 3.0036291345284e-34 3.0036291345284e-34
 1  10 6.9552903303976e-34 6.9552903303976e-34 6.8592648397274e-34 6.2434724813220e-34 5.7306125612529e-34 5.2968592783968e-34 4.9251730156191e-34 4.6465661607948e-34 4.6465661607948e-34
 1  11 1.0659987050821e-33 1.0659987050821e-33 1.0659987050821e-33 9.8819640742104e-34 9.0689829976321e-34 8.3815061468132e-34 7.7925256206887e-34 7.2822857673250e-34 7.1962437134421e-34
 1  12 1.6647400587513e-33 1.6647400587513e-33 1.6647400587513e-33 1.5655843551946e-33 1.4365263712403e-33 1.3274179039519e-33 1.2339597664123e-33 1.1530079704105e-33 1.1285176476371e-33
 1  13 2.7218913321336e-33 2.7218913321336e-33 2.7199183383341e-33 2.4755652052218e-33 2.2719541552960e-33 2.0996814174212e-33 1.9520275720144e-33 1.8249735304218e-33 1.8249735304218e-33
 1  14 4.4545053530563e-33 4.4545053530563e-33 4.3169012496651e-33 3.9273490339583e-33 3.6030485096657e-33 3.3288556361288e-33 3.0939790078650e-33 2.9522603069039e-33 2.9522603069039e-33
 1  15 7.2999631819804e-33 7.2999631819804e-33 6.8398724890167e-33 6.2218622115436e-33 5.7074398023429e-33 5.2725384839493e-33 4.9000239568317e-33 4.7793366865168e-33 4.7793366865168e-33
 1  16 1.1977356590290e-32 1.1977356590290e-32 1.0811762840638e-32 9.8377291197630e-33 9.0261428407004e-33 8.3394814890874e-33 7.7509680382963e-33 7.7410284988761e-33 7.7410284988761e-33
 1  17 1.9678292650279e-32 1.9057411227855e-32 1.7158137087240e-32 1.5606115732802e-32 1.4313981485652e-32 1.3221428546855e-32 1.2545476683462e-32 1.2545476683462e-32 1.2545476683462e-32
 1  18 3.2373810902049e-32 3.0199854588374e-32 2.7185269938331e-32 2.4722538743698e-32 2.2672585329091e-32 2.0939523150947e-32 2.0342170717322e-32 2.0342170717322e-32 2.0342170717322e-32
 1  19 5.3344033557335e-32 4.7723186913688e-32 4.2975823673513e-32 3.9092766164668e-32 3.5857564734863e-32 3.3120567198296e-32 3.3006650040757e-32 3.3006650040757e-32 3.3006650040757e-32
 1  20 8.5193488755577e-32 7.5727879270298e-32 6.8166917404184e-32 6.1987572823310e-32 5.6842292990439e-32 5.3588730338874e-32 5.3588730338874e-32 5.3588730338874e-32 5.3588730338874e-32
 1  21 1.3505068868490e-31 1.2001555170059e-31 1.0801160322404e-31 9.8204165859009e-32 9.0039905027223e-32 8.7064405564345e-32 8.7064405564345e-32 8.7064405564345e-32 8.7064405564345e-32
 1  22 2.1403904251354e-31 1.9016803187758e-31 1.7111620718663e-31 1.5555481313640e-31 1.4260322813399e-31 1.3785605297291e-31 1.3785605297291e-31 1.3785605297291e-31 1.3785605297291e-31
 1  23 3.2751393205718e-31 3.0081702124690e-31 2.7070125564691e-31 2.4609244598165e-31 2.2560459037196e-31 2.0828088343604e-31 2.0422401733248e-31 2.0422401733248e-31 2.0422401733248e-31
 1  24 3.9189380633109e-31 3.7853250277270e-31 3.4062687716913e-31 3.0965107288231e-31 2.8386020960775e-31 2.6205229735198e-31 2.4895672604653e-31 2.4895672604653e-31 2.4895672604653e-31
 1  25 4.7005348366218e-31 4.7005348366218e-31 4.2801409111463e-31 3.8916600116035e-31 3.5680276089125e-31 3.2942253521483e-31 3.0595795175067e-31 3.0377790343752e-31 3.0377790343752e-31
 1  26 5.6502552788659e-31 5.6502552788659e-31 5.3929428568550e-31 4.9021946540873e-31 4.4935805926002e-31 4.1480402665941e-31 3.8519962461192e-31 3.7100106344720e-31 3.7100106344720e-31
 1  27 6.8053247100460e-31 6.8053247100460e-31 6.7708451097477e-31 6.1569431850307e-31 5.6452307458127e-31 5.2121927329020e-31 4.8408996766580e-31 4.5348587820260e-31 4.5348587820260e-31
 1  28 8.2113283308894e-31 8.2113283308894e-31 8.2113283308894e-31 7.7575494254550e-31 7.1111211018531e-31 6.5642975867715e-31 6.0957008697484e-31 5.6896432733755e-31 5.5474935627170e-31
 1  29 9.9244054006026e-31 9.9244054006026e-31 9.9244054006026e-31 9.7520196242523e-31 8.9406069069305e-31 8.2539950142423e-31 7.6653375360059e-31 7.1549834980597e-31 6.7913099961978e-31
 1  30 1.2013067961731e-30 1.2013067961731e-30 1.2013067961731e-30 1.2013067961731e-30 1.1248844289629e-30 1.0384947160136e-30 9.6441402758976e-31 9.0018755532863e-31 8.4397287640451e-31
 1  31 1.4549914545382e-30 1.4549914545382e-30 1.4549914545382e-30 1.4549914545382e-30 1.4140431558471e-30 1.3054371639046e-30 1.2123034988053e-30 1.1315485415366e-30 1.0608528066453e-30
2.03873598 2.03894384 2.03915171  4905.0  4904.0  1
1.0000000000000 
 1   1 1.6348852056478e-35 1.4561312866863e-35 1.3132247796782e-35 1.1963641108172e-35 1.1053961731119e-35 1.1053555646035e-35 1.1053555646035e-35 1.1053555646035e-35 1.1053555646035e-35
 1   2 2.7390149098706e-35 2.4382327099806e-35 2.1980671033015e-35 2.0018404767452e-35 1.8384915317853e-35 1.7998431371990e-35 1.7998431371990e-35 1.7998431371990e-35 1.7998431371990e-35
 1   3 4.2031720449492e-35 3.7408032806678e-35 3.3717078120311e-35 3.0702018336370e-35 2.8192538787512e-35 2.6895190212725e-35 2.6895190212725e-35 2.6895190212725e-35 2.6895190212725e-35
 1   4 6.6104326598787e-35 5.8859355430261e-35 5.3067841700553e-35 4.8332080314115e-35 4.4387714185678e-35 4.1349290877542e-35 4.1349290877542e-35 4.1349290877542e-35 4.1349290877542e-35
 1   5 1.0181765872782e-34 9.3372782185646e-35 8.4156269366445e-35 7.6625219147950e-35 7.0355472072000e-35 6.5054348412339e-35 6.3917092066229e-35 6.3917092066229e-35 6.3917092066229e-35
 1   6 1.5656263469752e-34 1.4926513362519e-34 1.3450237098793e-34 1.2244298133050e-34 1.1240556823030e-34 1.0392045052166e-34 9.9673437645772e-35 9.9673437645772e-35 9.9673437645772e-35
 1   7 2.3738713522223e-34 2.3438317318402e-34 2.1126923490926e-34 1.9235677058373e-34 1.7659494106320e-34 1.6327398423618e-34 1.5313575872007e-34 1.5313575872007e-34 1.5313575872007e-34
 1   8 3.6231920288172e-34 3.6231920288172e-34 3.3425158906758e-34 3.0426725365424e-34 2.7930255462541e-34 2.5819329339628e-34 2.4010973625907e-34 2.3664076518608e-34 2.3664076518608e-34
 1   9 5.5552724259709e-34 5.5552724259709e-34 5.3071613843558e-34 4.8300282273570e-34 4.4330426629202e-34 4.0974720865391e-34 3.8099142554930e-34 3.6711046734615e-34 3.6711046734615e-34
 1  10 8.5009244342423e-34 8.5009244342423e-34 8.3835577517974e-34 7.6309098411300e-34 7.0040852845712e-34 6.4739391690603e-34 6.0196606528129e-34 5.6791396840113e-34 5.6791396840113e-34
 1  11 1.3028892857766e-33 1.3028892857766e-33 1.3028892857766e-33 1.2077959253924e-33 1.1084315715884e-33 1.0244060415302e-33 9.5242023685377e-34 8.9005769014875e-34 8.7954142381271e-34
 1  12 2.0346855796994e-33 2.0346855796994e-33 2.0346855796994e-33 1.9134928468136e-33 1.7557547292446e-33 1.6223998542607e-33 1.5081736702779e-33 1.4092328617822e-33 1.3793001838354e-33
 1  13 3.3267614194744e-33 3.3267614194744e-33 3.3243498193453e-33 3.0256899492509e-33 2.7768341217620e-33 2.5662770022488e-33 2.3858129054587e-33 2.2305247752563e-33 2.2305247752563e-33
 1  14 5.4444045742471e-33 5.4444045742471e-33 5.2762185159513e-33 4.8000937127004e-33 4.4037280378626e-33 4.0686019452829e-33 3.7815326331587e-33 3.6083206018291e-33 3.6083206018291e-33
 1  15 8.9221916712052e-33 8.9221916712052e-33 8.3598476633993e-33 7.6044999728159e-33 6.9757603706557e-33 6.4442157842093e-33 5.9889222102228e-33 5.8414156689519e-33 5.8414156689519e-33
 1  16 1.4639014489862e-32 1.4639014489862e-32 1.3214374111382e-32 1.2023896615691e-32 1.1031951299646e-32 1.0192704903824e-32 9.4734118290325e-33 9.4612630949168e-33 9.4612630949168e-33
 1  17 2.4051285918972e-32 2.3292417622808e-32 2.0971055786908e-32 1.9074148798042e-32 1.7494867729609e-32 1.6159532595697e-32 1.5333368717317e-32 1.5333368717317e-32 1.5333368717317e-32
 1  18 3.9568056734272e-32 3.6910948732522e-32 3.3226443974474e-32 3.0216440813664e-32 2.7710948073283e-32 2.5592771905291e-32 2.4862678241467e-32 2.4862678241467e-32 2.4862678241467e-32
 1  19 6.5198365112920e-32 5.8328388213579e-32 5.2526036425957e-32 4.7780045575437e-32 4.3825932371820e-32 4.0480728180666e-32 4.0341496752282e-32 4.0341496752282e-32 4.0341496752282e-32
 1  20 1.0412534837056e-31 9.2556368068633e-32 8.3315142822511e-32 7.5762556353647e-32 6.9473961327807e-32 6.5497399120826e-32 6.5497399120826e-32 6.5497399120826e-32 6.5497399120826e-32
 1  21 1.6506217618102e-31 1.4668579054405e-31 1.3201415167785e-31 1.2002730664410e-31 1.1004887599333e-31 1.0641216683559e-31 1.0641216683559e-31 1.0641216683559e-31 1.0641216683559e-31
 1  22 2.6160318798030e-31 2.3242753574233e-31 2.0914230920621e-31 1.9012276359013e-31 1.7429296891478e-31 1.6849090512328e-31 1.6849090512328e-31 1.6849090512328e-31 1.6849090512328e-31
 1  23 4.0029377141263e-31 3.6766566875641e-31 3.3085724957990e-31 3.0078011072428e-31 2.7573973006306e-31 2.5456592647989e-31 2.4960738567959e-31 2.4960738567959e-31 2.4960738567959e-31
 1  24 4.7898009372278e-31 4.6265036130003e-31 4.1632234218271e-31 3.7846258436871e-31 3.4694113911412e-31 3.2028654610047e-31 3.0427965144623e-31 3.0427965144623e-31 3.0427965144623e-31
 1  25 5.7450960438812e-31 5.7450960438812e-31 5.2312766485887e-31 4.7564799041616e-31 4.3609222935280e-31 4.0262764491653e-31 3.7394776917596e-31 3.7128315858151e-31 3.7128315858151e-31
 1  26 6.9058647418718e-31 6.9058647418718e-31 6.5913687514732e-31 5.9915718185706e-31 5.4921592820418e-31 5.0698398968197e-31 4.7080109806931e-31 4.5344600543422e-31 4.5344600543422e-31
 1  27 8.3176296956275e-31 8.3176296956275e-31 8.2754877529527e-31 7.5251570134839e-31 6.8997244295809e-31 6.3704341180384e-31 5.9166486298356e-31 5.5425832877147e-31 5.5425832877147e-31
 1  28 1.0036079244722e-30 1.0036079244722e-30 1.0036079244722e-30 9.4814227054839e-31 8.6913616675505e-31 8.0230329437973e-31 7.4503208113309e-31 6.9540045269222e-31 6.7802438923791e-31
 1  29 1.2129747530994e-30 1.2129747530994e-30 1.2129747530994e-30 1.1919084837394e-30 1.0927466955301e-30 1.0088232637683e-30 9.3687746116469e-31 8.7450441435639e-31 8.3005342461846e-31
 1  30 1.4682725658720e-30 1.4682725658720e-30 1.4682725658720e-30 1.4682725658720e-30 1.3748572523263e-30 1.2692676729275e-30 1.1787299695526e-30 1.1002284819742e-30 1.0315234702759e-30
 1  31 1.7783147492347e-30 1.7783147492347e-30 1.7783147492347e-30 1.7783147492347e-30 1.7282672779123e-30 1.5955297035010e-30 1.4817053629968e-30 1.3830063434035e-30 1.2965915218948e-30
2.03915171 2.03935966 2.03956761  4904.0  4903.0  1
1.0000000000000 
 1   1 1.9321281516117e-35 1.7208749419965e-35 1.5519861642238e-35 1.4138782053829e-35 1.3063712687915e-35 1.3063231986490e-35 1.3063231986490e-35 1.3063231986490e-35 1.3063231986490e-35
 1   2 3.2370029322947e-35 2.8815361382737e-35 2.5977039011152e-35 2.3658017671749e-35 2.1727537967293e-35 2.1270785517573e-35 2.1270785517573e-35 2.1270785517573e-35 2.1270785517573e-35
 1   3 4.9673659159739e-35 4.4209329474109e-35 3.9847281159849e-35 3.6284046689763e-35 3.3318314046696e-35 3.1785091739746e-35 3.1785091739746e-35 3.1785091739746e-35 3.1785091739746e-35
 1   4 7.8122981473946e-35 6.9560819523744e-35 6.2716274077341e-35 5.7119457339207e-35 5.2457979389724e-35 4.8867131133887e-35 4.8867131133887e-35 4.8867131133887e-35 4.8867131133887e-35
 1   5 1.2032945626305e-34 1.1034923371808e-34 9.9456992860765e-35 9.0556652435680e-35 8.3146997263669e-35 7.6882065811548e-35 7.5538041845839e-35 7.5538041845839e-35 7.5538041845839e-35
 1   6 1.8502758626523e-34 1.7640342961540e-34 1.5895670572630e-34 1.4470465176261e-34 1.3284232960050e-34 1.2281453626852e-34 1.1779535906150e-34 1.1779535906150e-34 1.1779535906150e-34
 1   7 2.8054694855723e-34 2.7699688674112e-34 2.4968087758641e-34 2.2732965606611e-34 2.0870211136741e-34 1.9295934919177e-34 1.8097787047340e-34 1.8097787047340e-34 1.8097787047340e-34
 1   8 4.2819310274121e-34 4.2819310274121e-34 3.9502308580165e-34 3.5958700503553e-34 3.3008324477359e-34 3.0513620111889e-34 2.8376488730148e-34 2.7966521299974e-34 2.7966521299974e-34
 1   9 6.5652879370886e-34 6.5652879370886e-34 6.2720718915355e-34 5.7081918432209e-34 5.2390249563364e-34 4.8424448456151e-34 4.5026066737275e-34 4.3385595494080e-34 4.3385595494080e-34
 1  10 1.0046493794062e-33 1.0046493794062e-33 9.9077909707949e-34 9.0183145993369e-34 8.2775162227387e-34 7.6509818663478e-34 7.1141133925181e-34 6.7116824423366e-34 6.7116824423366e-34
 1  11 1.5397702237440e-33 1.5397702237440e-33 1.5397702237440e-33 1.4273895658921e-33 1.3099588741064e-33 1.2106559582493e-33 1.1255825851799e-33 1.0518818444482e-33 1.0394535630822e-33
 1  12 2.4046156722840e-33 2.4046156722840e-33 2.4046156722840e-33 2.2613912365280e-33 2.0749739955349e-33 1.9173721618423e-33 1.7823791252778e-33 1.6654499471366e-33 1.6300750976876e-33
 1  13 3.9316057928762e-33 3.9316057928762e-33 3.9287559537595e-33 3.5758027546655e-33 3.2816977415096e-33 3.0328586280810e-33 2.8195848309205e-33 2.6360629794503e-33 2.6360629794503e-33
 1  14 6.4342622857937e-33 6.4342622857937e-33 6.2355016194330e-33 5.6728159835814e-33 5.2043807500947e-33 4.8083251118920e-33 4.4690645852752e-33 4.2643606929452e-33 4.2643606929452e-33
 1  15 1.0544351834821e-32 1.0544351834821e-32 9.8797780220599e-33 8.9870980611538e-33 8.2440416333762e-33 7.6158574522967e-33 7.0777866681513e-33 6.9034623252923e-33 6.9034623252923e-33
 1  16 1.7300562921522e-32 1.7300562921522e-32 1.5616931750198e-32 1.4209992847274e-32 1.3037697310454e-32 1.2045872482580e-32 1.1195803457207e-32 1.1181446263080e-32 1.1181446263080e-32
 1  17 2.8424094047304e-32 2.7527268264760e-32 2.4783881916395e-32 2.2542070191319e-32 2.0675656995282e-32 1.9097548482463e-32 1.8121176997199e-32 1.8121176997199e-32 1.8121176997199e-32
 1  18 4.6761999876700e-32 4.3621848920102e-32 3.9267450502672e-32 3.5710172436949e-32 3.2749155064474e-32 3.0245872253473e-32 2.9383035890082e-32 2.9383035890082e-32 2.9383035890082e-32
 1  19 7.7052202960878e-32 6.8933233926429e-32 6.2075922978718e-32 5.6467051683769e-32 5.1794061971171e-32 4.7840657002901e-32 4.7676111303673e-32 4.7676111303673e-32 4.7676111303673e-32
 1  20 1.2305680243998e-31 1.0938432201704e-31 9.8462992082645e-32 8.9537228377981e-32 8.2105235874568e-32 7.7405679989642e-32 7.7405679989642e-32 7.7405679989642e-32 7.7405679989642e-32
 1  21 1.9507247642786e-31 1.7335521829641e-31 1.5601614764933e-31 1.4184990082432e-31 1.3005720043755e-31 1.2575928746241e-31 1.2575928746241e-31 1.2575928746241e-31 1.2575928746241e-31
 1  22 3.0916625199226e-31 2.7468601692699e-31 2.4716720046661e-31 2.2468967960883e-31 2.0598147542651e-31 1.9912434668042e-31 1.9912434668042e-31 1.9912434668042e-31 1.9912434668042e-31
 1  23 4.7307370480764e-31 4.3451133051027e-31 3.9101068093521e-31 3.5546603573527e-31 3.2587228366659e-31 3.0084866555482e-31 2.9498866164676e-31 2.9498866164676e-31 2.9498866164676e-31
 1  24 5.6606640462435e-31 5.4676666817481e-31 4.9201388104515e-31 4.4727179188618e-31 4.1001952955269e-31 3.7851851438992e-31 3.5960278843491e-31 3.5960278843491e-31 3.5960278843491e-31
 1  25 6.7896473769879e-31 6.7896473769879e-31 6.1823855847599e-31 5.6212737007452e-31 5.1537922927622e-31 4.7583103839647e-31 4.4193763362102e-31 4.3878862531449e-31 4.3878862531449e-31
 1  26 8.1614619797365e-31 8.1614619797365e-31 7.7897720765998e-31 7.0809151288166e-31 6.4907064682349e-31 5.9915972092486e-31 5.5639838676680e-31 5.3588840835343e-31 5.3588840835343e-31
 1  27 9.8298881316327e-31 9.8298881316327e-31 9.7800838465815e-31 8.8933294645359e-31 8.1541927226711e-31 7.5286881985138e-31 6.9924102783522e-31 6.5503171973583e-31 6.5503171973583e-31
 1  28 1.1860772794430e-30 1.1860772794430e-30 1.1860772794430e-30 1.1205311502038e-30 1.0271594710084e-30 9.4817358571790e-31 8.8048655212749e-31 8.2183314560338e-31 8.0130017452051e-31
 1  29 1.4335219435961e-30 1.4335219435961e-30 1.4335219435961e-30 1.4086240328502e-30 1.2914271520337e-30 1.1922430764514e-30 1.1072119528531e-30 1.0334976425085e-30 9.8097128869906e-31
 1  30 1.7352303422093e-30 1.7352303422093e-30 1.7352303422093e-30 1.7352303422093e-30 1.6248416425541e-30 1.5000360219035e-30 1.3930383883516e-30 1.3002631079700e-30 1.2190600522547e-30
 1  31 2.1016281697787e-30 2.1016281697787e-30 2.1016281697787e-30 2.1016281697787e-30 2.0424851933673e-30 1.8856166947642e-30 1.7510863504086e-30 1.6344502274172e-30 1.5323478225398e-30
2.03956761 2.03977565 2.03998368  4903.0  4902.0  1
1.0000000000000 
 1   1 2.2293599051244e-35 1.9856074048556e-35 1.7907376477550e-35 1.6313839773568e-35 1.5073390463299e-35 1.5072838015393e-35 1.5072838015393e-35 1.5072838015393e-35 1.5072838015393e-35
 1   2 3.7349717266618e-35 3.3248211994676e-35 2.9973254886749e-35 2.7297478473505e-35 2.5070028603207e-35 2.4543013389349e-35 2.4543013389349e-35 2.4543013389349e-35 2.4543013389349e-35
 1   3 5.7315256356735e-35 5.1010307587163e-35 4.5977246001069e-35 4.1865851194135e-35 3.8443876936296e-35 3.6674798116338e-35 3.6674798116338e-35 3.6674798116338e-35 3.6674798116338e-35
 1   4 9.0141125514158e-35 8.0261744083688e-35 7.2364316153271e-35 6.5906524419500e-35 6.0527926039393e-35 5.6384664315292e-35 5.6384664315292e-35 5.6384664315292e-35 5.6384664315292e-35
 1   5 1.3884048467600e-34 1.2732489890908e-34 1.1475708498605e-34 1.0448759210762e-34 9.5938040318983e-35 8.8709324033277e-35 8.7158538187687e-35 8.7158538187687e-35 8.7158538187687e-35
 1   6 2.1349169983404e-34 2.0354072689459e-34 1.8340991547984e-34 1.6696546123693e-34 1.5327833332786e-34 1.4170787585198e-34 1.3591655727270e-34 1.3591655727270e-34 1.3591655727270e-34
 1   7 3.2370547619528e-34 3.1960922276578e-34 2.8809066059476e-34 2.6230116401605e-34 2.4080816816623e-34 2.2264347436816e-34 2.0881881132415e-34 2.0881881132415e-34 2.0881881132415e-34
 1   8 4.9406514293190e-34 4.9406514293190e-34 4.5579178155310e-34 4.1490432277616e-34 3.8086209821184e-34 3.5207722621383e-34 3.2741820163396e-34 3.2268784706236e-34 3.2268784706236e-34
 1   9 7.5752722241376e-34 7.5752722241376e-34 7.2369447461618e-34 6.5863159698214e-34 6.0449774032162e-34 5.5873895948647e-34 5.1952708525468e-34 5.0059873338832e-34 5.0059873338832e-34
 1  10 1.1592018154489e-33 1.1592018154489e-33 1.1431975516979e-33 1.0405651399277e-33 9.5508961922059e-34 8.8279836968395e-34 8.2085220511852e-34 7.7441824971562e-34 7.7441824971562e-34
 1  11 1.7766438148717e-33 1.7766438148717e-33 1.7766438148717e-33 1.6469733799936e-33 1.5114772685812e-33 1.3968991709771e-33 1.2987380458438e-33 1.2136993865920e-33 1.1993592738669e-33
 1  12 2.7745349282802e-33 2.7745349282802e-33 2.7745349282802e-33 2.6092747488920e-33 2.3941791191587e-33 2.2123340001773e-33 2.0565738355246e-33 1.9216564714090e-33 1.8808396341286e-33
 1  13 4.5364325338628e-33 4.5364325338628e-33 4.5331440884164e-33 4.1258881931023e-33 3.7865409737771e-33 3.4994235398529e-33 3.2533393076380e-33 3.0415853879389e-33 3.0415853879389e-33
 1  14 7.4240902426395e-33 7.4240902426395e-33 7.1947498254261e-33 6.5454963774761e-33 6.0050022382581e-33 5.5480218298782e-33 5.1565689867430e-33 4.9203739680964e-33 4.9203739680964e-33
 1  15 1.2166464243979e-32 1.2166464243979e-32 1.1399645197899e-32 1.0369635170722e-32 9.5122751416386e-33 8.7874543046621e-33 8.1666066776997e-33 7.9654641659107e-33 7.9654641659107e-33
 1  16 1.9962029068577e-32 1.9962029068577e-32 1.8019371839578e-32 1.6395999447413e-32 1.5043374260969e-32 1.3898964388886e-32 1.2918123086352e-32 1.2901557432213e-32 1.2901557432213e-32
 1  17 3.2796777279362e-32 3.1761974908653e-32 2.8596524374890e-32 2.6009854933378e-32 2.3856328711520e-32 2.2035442411690e-32 2.0908870666381e-32 2.0908870666381e-32 2.0908870666381e-32
 1  18 5.3955725552673e-32 5.0332464050303e-32 4.5308192544641e-32 4.1203695409988e-32 3.7787168099097e-32 3.4898778645087e-32 3.3903205459601e-32 3.3903205459601e-32 3.3903205459601e-32
 1  19 8.8905694038002e-32 7.9537679971200e-32 7.1625433373287e-32 6.5153755102306e-32 5.9761868309576e-32 5.5200268441662e-32 5.5010408471589e-32 5.5010408471589e-32 5.5010408471589e-32
 1  20 1.4198730435899e-31 1.2621160593366e-31 1.1361021245330e-31 1.0331133028755e-31 9.4735999081286e-32 8.9313455395887e-32 8.9313455395887e-32 8.9313455395887e-32 8.9313455395887e-32
 1  21 2.2508182452426e-31 2.0002359985880e-31 1.8001714445060e-31 1.6367156636400e-31 1.5006469028078e-31 1.4510559699813e-31 1.4510559699813e-31 1.4510559699813e-31 1.4510559699813e-31
 1  22 3.5672727064404e-31 3.1694242924159e-31 2.8519002285695e-31 2.5925483238600e-31 2.3766908856253e-31 2.2975723575522e-31 2.2975723575522e-31 2.2975723575522e-31 2.2975723575522e-31
 1  23 5.4584832496817e-31 5.0135511147317e-31 4.5116277222695e-31 4.1014996240586e-31 3.7600384985487e-31 3.4713069933314e-31 3.4036916178766e-31 3.4036916178766e-31 3.4036916178766e-31
 1  24 6.5314636785643e-31 6.3087846115129e-31 5.6770424441324e-31 5.1607888351383e-31 4.7309599218053e-31 4.3674867241807e-31 4.1492176417359e-31 4.1492176417359e-31 4.1492176417359e-31
 1  25 7.8341305314224e-31 7.8341305314224e-31 7.1334536137277e-31 6.4860153053796e-31 5.9466293781545e-31 5.4903175174930e-31 5.0992263151947e-31 5.0628903742176e-31 5.0628903742176e-31
 1  26 9.4169783435899e-31 9.4169783435899e-31 8.9881109846359e-31 8.1702029557293e-31 7.4892009922809e-31 6.9133136144741e-31 6.4199196090216e-31 6.1832747286869e-31 6.1832747286869e-31
 1  27 1.1342084501536e-30 1.1342084501536e-30 1.1284617874109e-30 1.0261445962057e-30 9.4086097642076e-31 8.6868835042716e-31 8.0680778873208e-31 7.5579786965498e-31 7.5579786965498e-31
 1  28 1.3685392993290e-30 1.3685392993290e-30 1.3685392993290e-30 1.2929061120061e-30 1.1851721487928e-30 1.0940379525645e-30 1.0159381078959e-30 9.4825972594393e-31 9.2456702604604e-31
 1  29 1.6540403579912e-30 1.6540403579912e-30 1.6540403579912e-30 1.6253150376390e-30 1.4900993330572e-30 1.3756540494170e-30 1.2775352538352e-30 1.1924881435137e-30 1.1318768335989e-30
 1  30 2.0021623517104e-30 2.0021623517104e-30 2.0021623517104e-30 2.0021623517104e-30 1.8747934950982e-30 1.7307980702298e-30 1.6073250840149e-30 1.5002855088245e-30 1.4066019004482e-30
 1  31 2.4249282367068e-30 2.4249282367068e-30 2.4249282367068e-30 2.4249282367068e-30 2.3566869340201e-30 2.1756925893607e-30 2.0204737325097e-30 1.8858865882672e-30 1.7680736543712e-30
2.03998368 2.04019180 2.04039992  4902.0  4901.0  1
1.0000000000000 
 1   1 2.5266180613423e-35 2.2503634005606e-35 2.0295115161884e-35 1.8489092643737e-35 1.7083238995310e-35 1.7082611931062e-35 1.7082611931062e-35 1.7082611931062e-35 1.7082611931062e-35
 1   2 4.2329838559036e-35 3.7681438558177e-35 3.3969815145456e-35 3.0937257829638e-35 2.8412806225047e-35 2.7815522507332e-35 2.7815522507332e-35 2.7815522507332e-35 2.7815522507332e-35
 1   3 6.4957553799388e-35 5.7811908459675e-35 5.2107741766251e-35 4.7448146444439e-35 4.3569899003376e-35 4.1564937841677e-35 4.1564937841677e-35 4.1564937841677e-35 4.1564937841677e-35
 1   4 1.0216034288173e-34 9.0963678834089e-35 8.2013201967821e-35 7.4694372101510e-35 6.8598578674438e-35 6.3902869043762e-35 6.3902869043762e-35 6.3902869043762e-35 6.3902869043762e-35
 1   5 1.5735315464845e-34 1.4430213678295e-34 1.3005853168490e-34 1.1841976007932e-34 1.0873020835913e-34 1.0053762114406e-34 9.8780061939147e-35 9.8780061939147e-35 9.8780061939147e-35
 1   6 2.4195806337250e-34 2.3068032006119e-34 2.0786537520304e-34 1.8922825665386e-34 1.7371615080626e-34 1.6060287995380e-34 1.5403936260508e-34 1.5403936260508e-34 1.5403936260508e-34
 1   7 3.6686740174669e-34 3.6222500262154e-34 3.2650407110520e-34 2.9727574845511e-34 2.7291704890655e-34 2.5233023981507e-34 2.3666223173330e-34 2.3666223173330e-34 2.3666223173330e-34
 1   8 5.5994232591038e-34 5.5994232591038e-34 5.1656603335206e-34 4.7022671442795e-34 4.3164547454828e-34 3.9902242982384e-34 3.7107537305728e-34 3.6571426933919e-34 3.6571426933919e-34
 1   9 8.5853377856008e-34 8.5853377856008e-34 8.2019007119122e-34 7.4645199933036e-34 6.8510014817831e-34 6.3324009248491e-34 5.8879961019711e-34 5.6734738930758e-34 5.6734738930758e-34
 1  10 1.3137662819416e-33 1.3137662819416e-33 1.2956282204374e-33 1.1793119523976e-33 1.0824390037688e-33 1.0005089760619e-33 9.3030275963007e-34 8.7767734691169e-34 8.7767734691169e-34
 1  11 2.0135365996181e-33 2.0135365996181e-33 2.0135365996181e-33 1.8665770305623e-33 1.7130141219907e-33 1.5831589140943e-33 1.4719088430356e-33 1.3755312550731e-33 1.3592790354825e-33
 1  12 3.1444830206221e-33 3.1444830206221e-33 3.1444830206221e-33 2.9571891179827e-33 2.7134134464703e-33 2.5073219197933e-33 2.3307929740135e-33 2.1778859545555e-33 2.1316267621018e-33
 1  13 5.1413081313334e-33 5.1413081313334e-33 5.1375814468993e-33 4.6760257941009e-33 4.2914286544248e-33 3.9660297775981e-33 3.6871323552640e-33 3.4471430612581e-33 3.4471430612581e-33
 1  14 8.4139975453539e-33 8.4139975453539e-33 8.1540788466558e-33 7.4182590559754e-33 6.8056964601344e-33 6.2877839347377e-33 5.8441339996381e-33 5.5764449159391e-33 5.5764449159391e-33
 1  15 1.3788705957515e-32 1.3788705957515e-32 1.2919648290273e-32 1.1752297911250e-32 1.0780621791232e-32 9.9591540127831e-33 9.2555229308481e-33 9.0275600460771e-33 9.0275600460771e-33
 1  16 2.2623709743352e-32 2.2623709743352e-32 2.0422038211620e-32 1.8582201473487e-32 1.7049229005004e-32 1.5752219395034e-32 1.4640596999131e-32 1.4621821415613e-32 1.4621821415613e-32
 1  17 3.7169801404781e-32 3.5997031262116e-32 3.2409525359163e-32 2.9477948242703e-32 2.7037284015770e-32 2.4973597888410e-32 2.3696811189378e-32 2.3696811189378e-32 2.3696811189378e-32
 1  18 6.1150033098349e-32 5.7043678682622e-32 5.1349478252747e-32 4.6697712090653e-32 4.2825627821573e-32 3.9552096459724e-32 3.8423771758464e-32 3.8423771758464e-32 3.8423771758464e-32
 1  19 1.0076011963313e-31 9.0143007636734e-32 8.1175796001260e-32 7.3841240224587e-32 6.7730379944591e-32 6.2560532279788e-32 6.2345358038870e-32 6.2345358038870e-32 6.2345358038870e-32
 1  20 1.6091964004918e-31 1.4304034746328e-31 1.2875874937763e-31 1.1708660769148e-31 1.0736785549775e-31 1.0122227699210e-31 1.0122227699210e-31 1.0122227699210e-31 1.0122227699210e-31
 1  21 2.5509355887420e-31 2.2669425012529e-31 2.0402021012194e-31 1.8549513620453e-31 1.7007394336553e-31 1.6445358749077e-31 1.6445358749077e-31 1.6445358749077e-31 1.6445358749077e-31
 1  22 4.0429270915458e-31 3.5920297929631e-31 3.2321674788854e-31 2.9382341760668e-31 2.6935924076635e-31 2.6039233475941e-31 2.6039233475941e-31 2.6039233475941e-31 2.6039233475941e-31
 1  23 6.1863122060894e-31 5.6820538116488e-31 5.1132015324328e-31 4.6483758012871e-31 4.2613847232846e-31 3.9341588343631e-31 3.8575290629296e-31 3.8575290629296e-31 3.8575290629296e-31
 1  24 7.4023644033993e-31 7.1499923490461e-31 6.4340123756947e-31 5.8489138241548e-31 5.3617616937051e-31 4.9498346189397e-31 4.7024753426962e-31 4.7024753426962e-31 4.7024753426962e-31
 1  25 8.8787081956026e-31 8.8787081956026e-31 8.0846053378933e-31 7.3508335522457e-31 6.7395355826147e-31 6.2223669688178e-31 5.7791557575974e-31 5.7379777202903e-31 5.7379777202903e-31
 1  26 1.0672608495296e-30 1.0672608495296e-30 1.0186557567955e-30 9.2595881135742e-31 8.4877848538977e-31 7.8351123043042e-31 7.2759310522113e-31 7.0077382544892e-31 7.0077382544892e-31
 1  27 1.2854416288389e-30 1.2854416288389e-30 1.2789287318585e-30 1.1629683770595e-30 1.0663135891620e-30 9.8451404059334e-31 9.1438451782103e-31 8.5657342352894e-31 8.5657342352894e-31
 1  28 1.5510175880569e-30 1.5510175880569e-30 1.5510175880569e-30 1.4653029850232e-30 1.3432024119727e-30 1.2399149207106e-30 1.1514004782124e-30 1.0746973089116e-30 1.0478454444360e-30
 1  29 1.8745787087704e-30 1.8745787087704e-30 1.8745787087704e-30 1.8420220291510e-30 1.6887757458603e-30 1.5590819495013e-30 1.4478790554389e-30 1.3514902113833e-30 1.2827967665495e-30
 1  30 2.2691191876522e-30 2.2691191876522e-30 2.2691191876522e-30 2.2691191876522e-30 2.1247675409757e-30 1.9615803370590e-30 1.8216461041134e-30 1.7003307612893e-30 1.5941512718055e-30
 1  31 2.7482570797366e-30 2.7482570797366e-30 2.7482570797366e-30 2.7482570797366e-30 2.6709219646728e-30 2.4658036547481e-30 2.2898872576052e-30 2.1373487159532e-30 2.0038221497337e-30
2.04039992 2.04060813 2.04081633  4901.0  4900.0  1
1.0000000000000 
 1   1 2.8239182609983e-35 2.5151569914218e-35 2.2683175270454e-35 2.0664652588846e-35 1.9093367338597e-35 1.9092667092939e-35 1.9092667092939e-35 1.9092667092939e-35 1.9092667092939e-35
 1   2 4.7310674446409e-35 4.2115313709870e-35 3.7966943636296e-35 3.4577559500156e-35 3.1756063113382e-35 3.1088493672655e-35 3.1088493672655e-35 3.1088493672655e-35 3.1088493672655e-35
 1   3 7.2600930309122e-35 6.4614496563771e-35 5.8239109968647e-35 5.3031239515616e-35 4.8696650014707e-35 4.6455763463378e-35 4.6455763463378e-35 4.6455763463378e-35 4.6455763463378e-35
 1   4 1.1418126494570e-34 1.0166715182905e-34 9.1663482533969e-35 8.3483453822999e-35 7.6670384992904e-35 7.1422152839312e-35 7.1422152839312e-35 7.1422152839312e-35 7.1422152839312e-35
 1   5 1.7586847637084e-34 1.6128180829746e-34 1.4536215947679e-34 1.3235387955531e-34 1.2152417867088e-34 1.1236760573208e-34 1.1040324446926e-34 1.1040324446926e-34 1.1040324446926e-34
 1   6 2.7042865134378e-34 2.5782390807186e-34 2.3232442799003e-34 2.1149430075147e-34 1.9415683814392e-34 1.7950058172333e-34 1.7216475081079e-34 1.7216475081079e-34 1.7216475081079e-34
 1   7 4.1003584761833e-34 4.0484718800316e-34 3.6492306062204e-34 3.3225552159971e-34 3.0503042958619e-34 2.8202127561255e-34 2.6450962402766e-34 2.6450962402766e-34 2.6450962402766e-34
 1   8 6.2582942712244e-34 6.2582942712244e-34 5.7734919319415e-34 5.2555723352116e-34 4.8243605997117e-34 4.4597433742507e-34 4.1473883521208e-34 4.0874689051201e-34 4.0874689051201e-34
 1   9 9.5955539572776e-34 9.5955539572776e-34 9.1669990226815e-34 8.3428535048353e-34 7.6571417322526e-34 7.0775164881216e-34 6.5808200745538e-34 6.3410559611845e-34 6.3410559611845e-34
 1  10 1.4683542583213e-33 1.4683542583213e-33 1.4480818480509e-33 1.3180788768412e-33 1.2098071227583e-33 1.1182361128292e-33 1.0397689261760e-33 9.8095122962265e-34 9.8095122962265e-34
 1  11 2.2504646491951e-33 2.2504646491951e-33 2.2504646491951e-33 2.0862128235547e-33 1.9145807301010e-33 1.7694450139989e-33 1.6451043439758e-33 1.5373862660993e-33 1.5192216641367e-33
 1  12 3.5144871326167e-33 3.5144871326167e-33 3.5144871326167e-33 3.3051547312803e-33 3.0326947935559e-33 2.8023520837374e-33 2.6050508670817e-33 2.4341516208874e-33 2.3824493385764e-33
 1  13 5.7462733602482e-33 5.7462733602482e-33 5.7421080694845e-33 5.2262427409681e-33 4.7963916401793e-33 4.4327017695585e-33 4.1209871163433e-33 3.8527591419529e-33 3.8527591419529e-33
 1  14 9.4040525195462e-33 9.4040525195462e-33 9.1135496618916e-33 8.2911481001174e-33 7.6065056600520e-33 7.0276496300369e-33 6.5317974601852e-33 6.2326099033300e-33 6.2326099033300e-33
 1  15 1.5411189382077e-32 1.5411189382077e-32 1.4439871053153e-32 1.3135164893920e-32 1.2049149907767e-32 1.1131020494165e-32 1.0344594936998e-32 1.0089808740509e-32 1.0089808740509e-32
 1  16 2.5285788616838e-32 2.5285788616838e-32 2.2825049885128e-32 2.0768729699244e-32 1.9055364398316e-32 1.7605738887410e-32 1.6363314826988e-32 1.6342330783458e-32 1.6342330783458e-32
 1  17 4.1543486745772e-32 4.0232716505057e-32 3.6223072948308e-32 3.2946544075864e-32 3.0218683069138e-32 2.7912172134993e-32 2.6485151380453e-32 2.6485151380453e-32 2.6485151380453e-32
 1  18 6.8345410343885e-32 6.3755868975252e-32 5.7391654397824e-32 5.2192507536326e-32 4.7864801656867e-32 4.4206075489933e-32 4.2944981640484e-32 4.2944981640484e-32 4.2944981640484e-32
 1  19 1.1261632022474e-31 1.0074998687183e-31 9.0727575099926e-32 8.2529924351105e-32 7.5700025931655e-32 6.9921848185358e-32 6.9681353796123e-32 6.9681353796123e-32 6.9681353796123e-32
 1  20 1.7985458533683e-31 1.5987160455082e-31 1.4390934341707e-31 1.3086381290614e-31 1.2000153980793e-31 1.1313282068755e-31 1.1313282068755e-31 1.1313282068755e-31 1.1313282068755e-31
 1  21 2.8510992467189e-31 2.5336875601324e-31 2.2802657893240e-31 2.0732179759520e-31 1.9008605290156e-31 1.8380435215008e-31 1.8380435215008e-31 1.8380435215008e-31 1.8380435215008e-31
 1  22 4.5186454235439e-31 4.0146940682278e-31 3.6124902125346e-31 3.2839686937397e-31 3.0105407143768e-31 2.9103211223110e-31 2.9103211223110e-31 2.9103211223110e-31 2.9103211223110e-31
 1  23 6.9142309702655e-31 6.3506331507976e-31 5.7148505742345e-31 5.1953389650976e-31 4.7628153485148e-31 4.3970833209457e-31 4.3114358621494e-31 4.3114358621494e-31 4.3114358621494e-31
 1  24 8.2733718631213e-31 7.9913011790934e-31 7.1910711746299e-31 6.5371370844991e-31 5.9926716110852e-31 5.5322699704783e-31 5.2557932289672e-31 5.2557932289672e-31 5.2557932289672e-31
 1  25 9.9234593627491e-31 9.9234593627491e-31 9.0359338564093e-31 8.2157952094225e-31 7.5325569855212e-31 6.9545419629394e-31 6.4591632528249e-31 6.4131379470128e-31 6.4131379470128e-31
 1  26 1.1928446474404e-30 1.1928446474404e-30 1.1385214799861e-30 1.0349166992888e-30 9.4865234105710e-31 8.7570482918745e-31 8.1320708593841e-31 7.8323193297266e-31 7.8323193297266e-31
 1  27 1.4366961545016e-30 1.4366961545016e-30 1.4294169292440e-30 1.2998117181393e-30 1.1917842574964e-30 1.1003614538951e-30 1.0219797727009e-30 9.5736557538314e-31 9.5736557538314e-31
 1  28 1.7335216436209e-30 1.7335216436209e-30 1.7335216436209e-30 1.6377181017125e-30 1.5012482857176e-30 1.3858108848454e-30 1.2868817504780e-30 1.2011548282634e-30 1.1711448336451e-30
 1  29 2.0951678409056e-30 2.0951678409056e-30 2.0951678409056e-30 2.0587786735443e-30 1.8874920314317e-30 1.7425306323256e-30 1.6182487179183e-30 1.5105162593377e-30 1.4337433126923e-30
 1  30 2.5361273691872e-30 2.5361273691872e-30 2.5361273691872e-30 2.5361273691872e-30 2.3747799549888e-30 2.1923868660915e-30 2.0359953360762e-30 1.9004128772569e-30 1.7817353437560e-30
 1  31 3.0716320021450e-30 3.0716320021450e-30 3.0716320021450e-30 3.0716320021450e-30 2.9852002535177e-30 2.7559474458983e-30 2.5593284303278e-30 2.3888471429049e-30 2.2396043112544e-30
