0.3000000142E-03  0.2300000051E-04
0.2739999909E-03  0.2300000051E-04
0.2360000071E-03  0.2300000051E-04
0.1900000061E-03  0.2300000051E-04
0.1460000058E-03  0.2300000051E-04
0.1180000036E-03  0.2300000051E-04
0.9709999722E-04  0.2300000051E-04
0.8299999899E-04  0.2300000051E-04
0.7210000331E-04  0.2300000051E-04
0.6559999747E-04  0.2320000021E-04
0.6080000094E-04  0.2379999933E-04
0.5790000068E-04  0.2619999941E-04
0.5600000077E-04  0.3149999975E-04
0.5590000001E-04  0.4450000051E-04
0.5640000018E-04  0.7480000204E-04
0.5750000128E-04  0.1710000070E-03
0.5750000128E-04  0.3190000134E-03
0.5370000144E-04  0.5189999938E-03
0.4780000017E-04  0.7709999918E-03
0.3970000034E-04  0.1060000039E-02
0.3189999916E-04  0.1389999990E-02
0.2669999958E-04  0.1760000014E-02
0.2280000081E-04  0.2159999916E-02
0.2069999937E-04  0.2580000088E-02
0.1899999916E-04  0.3060000017E-02
0.1750000047E-04  0.3740000073E-02
0.1340000017E-04  0.6159999873E-02
0.1160000011E-04  0.7280000020E-02
0.1359999987E-04  0.4029999953E-02
0.2099999983E-04  0.1150000026E-02
0.3559999823E-04  0.4429999972E-03
0.4320000153E-04  0.2309999982E-03
0.4320000153E-04  0.2309999982E-03
0.4320000153E-04  0.2309999982E-03
0.4320000153E-04  0.2309999982E-03
0.4320000153E-04  0.2309999982E-03
0.4320000153E-04  0.2309999982E-03
0.4320000153E-04  0.2309999982E-03
0.4320000153E-04  0.2309999982E-03
0.4320000153E-04  0.2309999982E-03
0.4320000153E-04  0.2309999982E-03
0.4320000153E-04  0.2309999982E-03
0.4320000153E-04  0.2309999982E-03
0.4320000153E-04  0.2309999982E-03
0.4320000153E-04  0.2309999982E-03
0.4320000153E-04  0.2309999982E-03
0.4320000153E-04  0.2309999982E-03
0.4320000153E-04  0.2309999982E-03
0.3579999941E-06  0.1699999993E-03
0.3579999941E-06  0.1699999993E-03
