-----------------------------------------------------------------------------------------------
Content :
Spectral range definition: line 1 (3 values)  ==> max, min and step of the wavenumber (in cm-1)
Temperatures definition :  line 2 (1 value)   ==> NT = number of T values
Temperatures definition :  line 3 (NT values) ==> list of T values (in K)
Pressures definition :     line 4 (1 value)   ==> NP = number of P values
Pressures definition :     line 5 (NP values) ==> list of P values (in mbar)
For each spectral range: 
    First line of the block (6 values): 
    --> min, mean and max wavelengths (in microns), min and max wavenumbers (in cm-1)
        of the spectral range, nmaxai (number of exponentials for the CKD expansion) 
    If nmaxai not null, second line of the block (nmaxnai values): 
    --> coefs kdis_ai for nai = 1 to nmaxai 
    If nmaxai not null, following lines of the block : 
    --> for nai = 1 to nmaxai 
    -->     for pressure index ip = 1 to NP 
    -->         line : nai, ip, kdis_ki(T,P,nai) for temperature index it = 1 to IT 
-----------------------------------------------------------------------------------------------
8000 7750  5
9
  160.00  180.00  200.00  220.00  240.00  260.00  280.00  300.00  320.00
31
    0.007    0.011    0.017    0.028    0.044    0.069    0.110    0.174    0.276    0.438    0.694    1.100    1.743    2.763    4.379    6.941   11.000   17.434   27.631   43.792   69.405  110.000  174.338  219.479  276.308  347.851  437.918  551.306  694.053  873.761 1098.900
1.25000000 1.25039087 1.25078174  8000.0  7995.0  0
1.25078174 1.25117310 1.25156446  7995.0  7990.0  0
1.25156446 1.25195630 1.25234815  7990.0  7985.0  0
1.25234815 1.25274049 1.25313283  7985.0  7980.0  0
1.25313283 1.25352566 1.25391850  7980.0  7975.0  0
1.25391850 1.25431182 1.25470514  7975.0  7970.0  0
1.25470514 1.25509896 1.25549278  7970.0  7965.0  0
1.25549278 1.25588709 1.25628141  7965.0  7960.0  0
1.25628141 1.25667622 1.25707102  7960.0  7955.0  0
1.25707102 1.25746633 1.25786164  7955.0  7950.0  0
1.25786164 1.25825744 1.25865324  7950.0  7945.0  0
1.25865324 1.25904954 1.25944584  7945.0  7940.0  0
1.25944584 1.25984264 1.26023945  7940.0  7935.0  0
1.26023945 1.26063675 1.26103405  7935.0  7930.0  0
1.26103405 1.26143185 1.26182965  7930.0  7925.0  0
1.26182965 1.26222796 1.26262626  7925.0  7920.0  0
1.26262626 1.26302507 1.26342388  7920.0  7915.0  0
1.26342388 1.26382319 1.26422250  7915.0  7910.0  0
1.26422250 1.26462232 1.26502214  7910.0  7905.0  0
1.26502214 1.26542246 1.26582278  7905.0  7900.0  0
1.26582278 1.26622361 1.26662445  7900.0  7895.0  0
1.26662445 1.26702578 1.26742712  7895.0  7890.0  0
1.26742712 1.26782897 1.26823082  7890.0  7885.0  0
1.26823082 1.26863318 1.26903553  7885.0  7880.0  0
1.26903553 1.26943840 1.26984127  7880.0  7875.0  0
1.26984127 1.27024465 1.27064803  7875.0  7870.0  0
1.27064803 1.27105193 1.27145582  7870.0  7865.0  0
1.27145582 1.27186022 1.27226463  7865.0  7860.0  0
1.27226463 1.27266955 1.27307447  7860.0  7855.0  0
1.27307447 1.27347991 1.27388535  7855.0  7850.0  0
1.27388535 1.27429130 1.27469726  7850.0  7845.0  0
1.27469726 1.27510373 1.27551020  7845.0  7840.0  0
1.27551020 1.27591719 1.27632419  7840.0  7835.0  0
1.27632419 1.27673170 1.27713921  7835.0  7830.0  0
1.27713921 1.27754724 1.27795527  7830.0  7825.0  0
1.27795527 1.27836382 1.27877238  7825.0  7820.0  1
1.0000000000000 
 1   1 0.0000000000000e+00 0.0000000000000e+00 0.0000000000000e+00 0.0000000000000e+00 0.0000000000000e+00 0.0000000000000e+00 0.0000000000000e+00 0.0000000000000e+00 0.0000000000000e+00
 1   2 0.0000000000000e+00 0.0000000000000e+00 0.0000000000000e+00 0.0000000000000e+00 0.0000000000000e+00 0.0000000000000e+00 0.0000000000000e+00 0.0000000000000e+00 0.0000000000000e+00
 1   3 0.0000000000000e+00 0.0000000000000e+00 0.0000000000000e+00 0.0000000000000e+00 0.0000000000000e+00 0.0000000000000e+00 0.0000000000000e+00 0.0000000000000e+00 0.0000000000000e+00
 1   4 0.0000000000000e+00 0.0000000000000e+00 0.0000000000000e+00 0.0000000000000e+00 0.0000000000000e+00 0.0000000000000e+00 0.0000000000000e+00 0.0000000000000e+00 0.0000000000000e+00
 1   5 0.0000000000000e+00 0.0000000000000e+00 0.0000000000000e+00 0.0000000000000e+00 0.0000000000000e+00 0.0000000000000e+00 0.0000000000000e+00 0.0000000000000e+00 0.0000000000000e+00
 1   6 0.0000000000000e+00 0.0000000000000e+00 0.0000000000000e+00 0.0000000000000e+00 0.0000000000000e+00 0.0000000000000e+00 0.0000000000000e+00 0.0000000000000e+00 0.0000000000000e+00
 1   7 0.0000000000000e+00 0.0000000000000e+00 0.0000000000000e+00 0.0000000000000e+00 0.0000000000000e+00 0.0000000000000e+00 0.0000000000000e+00 0.0000000000000e+00 0.0000000000000e+00
 1   8 0.0000000000000e+00 0.0000000000000e+00 0.0000000000000e+00 0.0000000000000e+00 0.0000000000000e+00 0.0000000000000e+00 0.0000000000000e+00 0.0000000000000e+00 0.0000000000000e+00
 1   9 0.0000000000000e+00 0.0000000000000e+00 0.0000000000000e+00 0.0000000000000e+00 0.0000000000000e+00 0.0000000000000e+00 0.0000000000000e+00 0.0000000000000e+00 0.0000000000000e+00
 1  10 0.0000000000000e+00 0.0000000000000e+00 0.0000000000000e+00 0.0000000000000e+00 0.0000000000000e+00 0.0000000000000e+00 0.0000000000000e+00 0.0000000000000e+00 0.0000000000000e+00
 1  11 0.0000000000000e+00 0.0000000000000e+00 0.0000000000000e+00 0.0000000000000e+00 0.0000000000000e+00 0.0000000000000e+00 0.0000000000000e+00 0.0000000000000e+00 0.0000000000000e+00
 1  12 0.0000000000000e+00 0.0000000000000e+00 0.0000000000000e+00 0.0000000000000e+00 0.0000000000000e+00 0.0000000000000e+00 0.0000000000000e+00 0.0000000000000e+00 0.0000000000000e+00
 1  13 0.0000000000000e+00 0.0000000000000e+00 0.0000000000000e+00 0.0000000000000e+00 0.0000000000000e+00 0.0000000000000e+00 0.0000000000000e+00 0.0000000000000e+00 0.0000000000000e+00
 1  14 0.0000000000000e+00 0.0000000000000e+00 0.0000000000000e+00 0.0000000000000e+00 0.0000000000000e+00 0.0000000000000e+00 0.0000000000000e+00 0.0000000000000e+00 0.0000000000000e+00
 1  15 0.0000000000000e+00 0.0000000000000e+00 0.0000000000000e+00 0.0000000000000e+00 0.0000000000000e+00 0.0000000000000e+00 0.0000000000000e+00 0.0000000000000e+00 0.0000000000000e+00
 1  16 0.0000000000000e+00 0.0000000000000e+00 0.0000000000000e+00 0.0000000000000e+00 0.0000000000000e+00 0.0000000000000e+00 0.0000000000000e+00 0.0000000000000e+00 0.0000000000000e+00
 1  17 0.0000000000000e+00 0.0000000000000e+00 0.0000000000000e+00 0.0000000000000e+00 0.0000000000000e+00 0.0000000000000e+00 0.0000000000000e+00 0.0000000000000e+00 0.0000000000000e+00
 1  18 0.0000000000000e+00 0.0000000000000e+00 0.0000000000000e+00 0.0000000000000e+00 0.0000000000000e+00 0.0000000000000e+00 0.0000000000000e+00 0.0000000000000e+00 0.0000000000000e+00
 1  19 0.0000000000000e+00 0.0000000000000e+00 0.0000000000000e+00 0.0000000000000e+00 0.0000000000000e+00 0.0000000000000e+00 0.0000000000000e+00 0.0000000000000e+00 0.0000000000000e+00
 1  20 0.0000000000000e+00 0.0000000000000e+00 0.0000000000000e+00 0.0000000000000e+00 0.0000000000000e+00 0.0000000000000e+00 0.0000000000000e+00 0.0000000000000e+00 0.0000000000000e+00
 1  21 0.0000000000000e+00 0.0000000000000e+00 0.0000000000000e+00 0.0000000000000e+00 0.0000000000000e+00 0.0000000000000e+00 0.0000000000000e+00 0.0000000000000e+00 0.0000000000000e+00
 1  22 0.0000000000000e+00 0.0000000000000e+00 0.0000000000000e+00 0.0000000000000e+00 0.0000000000000e+00 0.0000000000000e+00 0.0000000000000e+00 0.0000000000000e+00 0.0000000000000e+00
 1  23 0.0000000000000e+00 0.0000000000000e+00 0.0000000000000e+00 0.0000000000000e+00 0.0000000000000e+00 0.0000000000000e+00 0.0000000000000e+00 0.0000000000000e+00 0.0000000000000e+00
 1  24 0.0000000000000e+00 0.0000000000000e+00 0.0000000000000e+00 0.0000000000000e+00 0.0000000000000e+00 0.0000000000000e+00 0.0000000000000e+00 0.0000000000000e+00 0.0000000000000e+00
 1  25 0.0000000000000e+00 0.0000000000000e+00 0.0000000000000e+00 0.0000000000000e+00 0.0000000000000e+00 0.0000000000000e+00 0.0000000000000e+00 0.0000000000000e+00 0.0000000000000e+00
 1  26 0.0000000000000e+00 0.0000000000000e+00 0.0000000000000e+00 0.0000000000000e+00 0.0000000000000e+00 0.0000000000000e+00 0.0000000000000e+00 0.0000000000000e+00 0.0000000000000e+00
 1  27 0.0000000000000e+00 0.0000000000000e+00 0.0000000000000e+00 0.0000000000000e+00 0.0000000000000e+00 0.0000000000000e+00 0.0000000000000e+00 0.0000000000000e+00 0.0000000000000e+00
 1  28 0.0000000000000e+00 0.0000000000000e+00 0.0000000000000e+00 0.0000000000000e+00 0.0000000000000e+00 0.0000000000000e+00 0.0000000000000e+00 0.0000000000000e+00 0.0000000000000e+00
 1  29 0.0000000000000e+00 0.0000000000000e+00 0.0000000000000e+00 0.0000000000000e+00 0.0000000000000e+00 0.0000000000000e+00 0.0000000000000e+00 0.0000000000000e+00 0.0000000000000e+00
 1  30 0.0000000000000e+00 0.0000000000000e+00 0.0000000000000e+00 0.0000000000000e+00 0.0000000000000e+00 0.0000000000000e+00 0.0000000000000e+00 0.0000000000000e+00 0.0000000000000e+00
 1  31 0.0000000000000e+00 0.0000000000000e+00 0.0000000000000e+00 0.0000000000000e+00 0.0000000000000e+00 0.0000000000000e+00 1.4277855433323e-35 4.0120169619218e-36 0.0000000000000e+00
1.27877238 1.27918145 1.27959053  7820.0  7815.0  1
1.0000000000000 
 1   1 3.2606901880925e-33 3.4502191830374e-33 3.5650884909998e-33 3.6177212505578e-33 3.6222818012970e-33 3.6222810666131e-33 3.6222810666131e-33 3.6222810666131e-33 3.6222810666131e-33
 1   2 5.4442447804838e-33 5.7616249491280e-33 5.9542517390293e-33 6.0427315661577e-33 6.0461070716544e-33 6.0419921067426e-33 6.0419921067426e-33 6.0419921067426e-33 6.0419921067426e-33
 1   3 8.3412873422838e-33 8.8284085278447e-33 9.1240225818735e-33 9.2599273612438e-33 9.2652134124027e-33 9.2305510227328e-33 9.2305510227328e-33 9.2305510227328e-33 9.2305510227328e-33
 1   4 1.3182543193730e-32 1.3944896830644e-32 1.4405148419398e-32 1.4614218905899e-32 1.4617968732878e-32 1.4486871725403e-32 1.4486871725403e-32 1.4486871725403e-32 1.4486871725403e-32
 1   5 2.1225951451308e-32 2.2071803390697e-32 2.2802570025037e-32 2.3134952807675e-32 2.3141817694684e-32 2.2888686741178e-32 2.2819996728788e-32 2.2819996728788e-32 2.2819996728788e-32
 1   6 3.4560577165412e-32 3.5230700046193e-32 3.6399905502238e-32 3.6931537516077e-32 3.6943192542565e-32 3.6539175134187e-32 3.6209078688061e-32 3.6209078688061e-32 3.6209078688061e-32
 1   7 5.5253959146136e-32 5.5502088371179e-32 5.7325991283387e-32 5.8143394790118e-32 5.8141866647462e-32 5.7491647824777e-32 5.6525226899192e-32 5.6525226899192e-32 5.6525226899192e-32
 1   8 8.8574569034319e-32 8.8574569034319e-32 9.0590606498168e-32 9.1883397552787e-32 9.1885301853636e-32 9.0856908865875e-32 8.9026064659526e-32 8.8633684645221e-32 8.8633684645221e-32
 1   9 1.4212144001936e-31 1.4212144001936e-31 1.4361834979053e-31 1.4567752201958e-31 1.4568989997509e-31 1.4406727108311e-31 1.4116523413968e-31 1.3934655629987e-31 1.3934655629987e-31
 1  10 2.2684396108581e-31 2.2684396108581e-31 2.2740608248437e-31 2.3059771421606e-31 2.3054820239401e-31 2.2791822186314e-31 2.2327922744717e-31 2.1819935211997e-31 2.1819935211997e-31
 1  11 3.6153003493297e-31 3.6153003493297e-31 3.6153003493297e-31 3.6481998501216e-31 3.6472009150223e-31 3.6053829385907e-31 3.5318223829072e-31 3.4342589378765e-31 3.4166942310888e-31
 1  12 5.7471489272154e-31 5.7471489272154e-31 5.7471489272154e-31 5.7803354837278e-31 5.7774066220033e-31 5.7099891997972e-31 5.5924750295455e-31 5.4370948948697e-31 5.3844139400432e-31
 1  13 9.0490288634775e-31 9.0490288634775e-31 9.0500040535909e-31 9.1699477355669e-31 9.1617625333032e-31 9.0518058513318e-31 8.8628108100021e-31 8.6165626110190e-31 8.6165626110190e-31
 1  14 1.4219200964722e-30 1.4219200964722e-30 1.4307892483689e-30 1.4501594204399e-30 1.4491843243660e-30 1.4320265267028e-30 1.4022970520564e-30 1.3778417854632e-30 1.3778417854632e-30
 1  15 2.2302609179168e-30 2.2302609179168e-30 2.2663356170294e-30 2.2968505099813e-30 2.2951514034268e-30 2.2678120379341e-30 2.2205498299463e-30 2.2022770053616e-30 2.2022770053616e-30
 1  16 3.4901894292864e-30 3.4901894292864e-30 3.5965601952109e-30 3.6433633021251e-30 3.6392970320667e-30 3.5947226624417e-30 3.5187229089605e-30 3.5174266678299e-30 3.5174266678299e-30
 1  17 5.4486743605812e-30 5.5125832612885e-30 5.6875577583180e-30 5.7630632399346e-30 5.7577289406101e-30 5.6879948541374e-30 5.6139131312785e-30 5.6139131312785e-30 5.6139131312785e-30
 1  18 8.4825244696580e-30 8.7289404351949e-30 9.0057627720452e-30 9.1250312500660e-30 9.1161561736778e-30 9.0052474353218e-30 8.9520451252408e-30 8.9520451252408e-30 8.9520451252408e-30
 1  19 1.3166868329210e-29 1.3855054255854e-29 1.4287539880459e-29 1.4470975679866e-29 1.4451803649122e-29 1.4271410217175e-29 1.4263565061917e-29 1.4263565061917e-29 1.4263565061917e-29
 1  20 2.0739259244778e-29 2.1905548252319e-29 2.2595298997043e-29 2.2891148919890e-29 2.2863817265641e-29 2.2703071328392e-29 2.2703071328392e-29 2.2703071328392e-29 2.2703071328392e-29
 1  21 3.2823906913152e-29 3.4671884843040e-29 3.5767076942978e-29 3.6234876298673e-29 3.6190531761704e-29 3.6101319075561e-29 3.6101319075561e-29 3.6101319075561e-29 3.6101319075561e-29
 1  22 5.1743105184439e-29 5.4709350262411e-29 5.6473405794973e-29 5.7245131942220e-29 5.7200733238471e-29 5.7066327402477e-29 5.7066327402477e-29 5.7066327402477e-29 5.7066327402477e-29
 1  23 8.3437123165999e-29 8.6572139892410e-29 8.9392471702971e-29 9.0603490433471e-29 9.0528908796374e-29 8.9414656008518e-29 8.9083323835710e-29 8.9083323835710e-29 8.9083323835710e-29
 1  24 1.0750934561502e-28 1.0888589200571e-28 1.1238546319647e-28 1.1392373955424e-28 1.1379242724322e-28 1.1244718925119e-28 1.1105109467156e-28 1.1105109467156e-28 1.1105109467156e-28
 1  25 1.3781977552453e-28 1.3781977552453e-28 1.4146089052914e-28 1.4334349908684e-28 1.4320656546780e-28 1.4149429337661e-28 1.3851046215084e-28 1.3821784116991e-28 1.3821784116991e-28
 1  26 1.7578244269677e-28 1.7578244269677e-28 1.7762329468586e-28 1.8007524424631e-28 1.7994666434840e-28 1.7783184882471e-28 1.7412550498030e-28 1.7179665845448e-28 1.7179665845448e-28
 1  27 2.2355366644571e-28 2.2355366644571e-28 2.2373971127834e-28 2.2689277156092e-28 2.2666214145007e-28 2.2380292992876e-28 2.1913271833249e-28 2.1309227980317e-28 2.1309227980317e-28
 1  28 2.8355146385360e-28 2.8355146385360e-28 2.8355146385360e-28 2.8490729446032e-28 2.8471214960871e-28 2.8122385714519e-28 2.7528544475466e-28 2.6739440421590e-28 2.6422535871478e-28
 1  29 3.5788646154649e-28 3.5788646154649e-28 3.5788646154649e-28 3.5805380078454e-28 3.5793350238538e-28 3.5355360065411e-28 3.4615668151670e-28 3.3640227968262e-28 3.2734429411642e-28
 1  30 4.5134476395506e-28 4.5134476395506e-28 4.5134476395506e-28 4.5134476395506e-28 4.4994610548120e-28 4.4443592361381e-28 4.3511196712229e-28 4.2300561964013e-28 4.0835670759362e-28
 1  31 5.6627111856422e-28 5.6627111856422e-28 5.6627111856422e-28 5.6627111856422e-28 5.6462945587962e-28 5.5806540514667e-28 5.4642445863556e-28 5.3096680045716e-28 5.1290841463011e-28
1.27959053 1.28000013 1.28040973  7815.0  7810.0  1
1.0000000000000 
 1   1 2.1607265655667e-32 2.1189721246048e-32 2.0632763206420e-32 1.9968829303397e-32 1.9286750175700e-32 1.9286432792225e-32 1.9286432792225e-32 1.9286432792225e-32 1.9286432792225e-32
 1   2 3.6112314931837e-32 3.5414603198643e-32 3.4483120903900e-32 3.3372575554697e-32 3.2129819417120e-32 3.1814087511961e-32 3.1814087511961e-32 3.1814087511961e-32 3.1814087511961e-32
 1   3 5.5362680618644e-32 5.4290847237149e-32 5.2860970031337e-32 5.1156268123774e-32 4.9248699401147e-32 4.8101302304045e-32 4.8101302304045e-32 4.8101302304045e-32 4.8101302304045e-32
 1   4 8.7354482305298e-32 8.5643679582055e-32 8.3370520361378e-32 8.0666313239727e-32 7.7644904844978e-32 7.4751061097180e-32 7.4751061097180e-32 7.4751061097180e-32 7.4751061097180e-32
 1   5 1.3794229899343e-31 1.3565033186314e-31 1.3204671287137e-31 1.2775947338494e-31 1.2296844052963e-31 1.1782888535425e-31 1.1666675637420e-31 1.1666675637420e-31 1.1666675637420e-31
 1   6 2.1899201147062e-31 2.1663930654722e-31 2.1087698621972e-31 2.0402176177448e-31 1.9636105333523e-31 1.8814384236041e-31 1.8351094876012e-31 1.8351094876012e-31 1.8351094876012e-31
 1   7 3.4205623127996e-31 3.4092900272718e-31 3.3182089633882e-31 3.2097602055700e-31 3.0885432281132e-31 2.9588236649181e-31 2.8412267398640e-31 2.8412267398640e-31 2.8412267398640e-31
 1   8 5.3668125578317e-31 5.3668125578317e-31 5.2455071831998e-31 5.0738342266238e-31 4.8822507467335e-31 4.6769229166957e-31 4.4631710239422e-31 4.4205443073972e-31 4.4205443073972e-31
 1   9 8.4420609448372e-31 8.4420609448372e-31 8.3203916371542e-31 8.0478198878764e-31 7.7438850089233e-31 7.4181621070788e-31 7.0787794906800e-31 6.8987069216708e-31 6.8987069216708e-31
 1  10 1.3228998377826e-30 1.3228998377826e-30 1.3164364056045e-30 1.2731042984095e-30 1.2247974991218e-30 1.1730593848042e-30 1.1192206150620e-30 1.0727183406621e-30 1.0727183406621e-30
 1  11 2.0726579704433e-30 2.0726579704433e-30 2.0726579704433e-30 2.0143794055578e-30 1.9377967949577e-30 1.8558048414737e-30 1.7705092786661e-30 1.6836746646150e-30 1.6686095290148e-30
 1  12 3.2693168619533e-30 3.2693168619533e-30 3.2693168619533e-30 3.1911485564937e-30 3.0692091672286e-30 2.9388131775642e-30 2.8032786789144e-30 2.6653785213935e-30 2.6215179119383e-30
 1  13 5.2332214804823e-30 5.2332214804823e-30 5.2318131442104e-30 5.0570007713618e-30 4.8627895443799e-30 4.6552897769400e-30 4.4397725737902e-30 4.2224227279277e-30 4.2224227279277e-30
 1  14 8.3704684488156e-30 8.3704684488156e-30 8.2822179753287e-30 8.0058492852583e-30 7.6986228340438e-30 7.3702532831585e-30 7.0291282079736e-30 6.7981497746472e-30 6.7981497746472e-30
 1  15 1.3382613108066e-29 1.3382613108066e-29 1.3119792883765e-29 1.2680969745936e-29 1.2193341587294e-29 1.1672336159936e-29 1.1131204764660e-29 1.0944319594630e-29 1.0944319594630e-29
 1  16 2.1380368221344e-29 2.1380368221344e-29 2.0793436556893e-29 2.0093707087645e-29 1.9317193198927e-29 1.8488235335044e-29 1.7627922428886e-29 1.7613342537354e-29 1.7613342537354e-29
 1  17 3.4133855248217e-29 3.3861603985719e-29 3.2921936747322e-29 3.1815243234497e-29 3.0586442753933e-29 2.9274249506776e-29 2.8338082044200e-29 2.8338082044200e-29 2.8338082044200e-29
 1  18 5.4448326569636e-29 5.3630209584854e-29 5.2138829621231e-29 5.0382790772063e-29 4.8433484852976e-29 4.6352565696314e-29 4.5574168007369e-29 4.5574168007369e-29 4.5574168007369e-29
 1  19 8.6785695430588e-29 8.5002200042650e-29 8.2620944148223e-29 7.9822772569085e-29 7.6720328132858e-29 7.3411056876197e-29 7.3271920474777e-29 7.3271920474777e-29 7.3271920474777e-29
 1  20 1.3745523309725e-28 1.3456311224801e-28 1.3079974884018e-28 1.2637339608605e-28 1.2146334602640e-28 1.1775346328571e-28 1.1775346328571e-28 1.1775346328571e-28 1.1775346328571e-28
 1  21 2.1765695043848e-28 2.1307696866011e-28 2.0711286917895e-28 2.0009663416917e-28 1.9231327718843e-28 1.8916091505545e-28 1.8916091505545e-28 1.8916091505545e-28 1.8916091505545e-28
 1  22 3.4394867505783e-28 3.3684478616146e-28 3.2751642410520e-28 3.1649752889201e-28 3.0424454591870e-28 2.9924656512002e-28 2.9924656512002e-28 2.9924656512002e-28 2.9924656512002e-28
 1  23 5.4242887622468e-28 5.3313573461228e-28 5.1834536301136e-28 5.0087973027295e-28 4.8145836382426e-28 4.6070319459258e-28 4.5556067275157e-28 4.5556067275157e-28 4.5556067275157e-28
 1  24 6.7630917408503e-28 6.7057288804217e-28 6.5199830484178e-28 6.3003735902017e-28 6.0560929693980e-28 5.7950023505572e-28 5.6148677154462e-28 5.6148677154462e-28 5.6148677154462e-28
 1  25 8.4206693475415e-28 8.4206693475415e-28 8.2033637830213e-28 7.9269528729554e-28 7.6190188230423e-28 7.2899703216663e-28 6.9483435718235e-28 6.9160033561974e-28 6.9160033561974e-28
 1  26 1.0470135179316e-27 1.0470135179316e-27 1.0313968260881e-27 9.9673923525636e-28 9.5814629547276e-28 9.1683808335707e-28 8.7392605308019e-28 8.5134105780835e-28 8.5134105780835e-28
 1  27 1.3002798537804e-27 1.3002798537804e-27 1.2978520264925e-27 1.2539532460086e-27 1.2053231297268e-27 1.1532371247529e-27 1.0992952936845e-27 1.0472837259028e-27 1.0472837259028e-27
 1  28 1.6125998239559e-27 1.6125998239559e-27 1.6125998239559e-27 1.5763896446995e-27 1.5154858657716e-27 1.4502019443713e-27 1.3822946174971e-27 1.3132967327920e-27 1.2877348276051e-27
 1  29 1.9984304215857e-27 1.9984304215857e-27 1.9984304215857e-27 1.9829313077653e-27 1.9062088069427e-27 1.8236879088366e-27 1.7385321459735e-27 1.6517154611264e-27 1.5826727985501e-27
 1  30 2.4731943010715e-27 2.4731943010715e-27 2.4731943010715e-27 2.4731943010715e-27 2.3968627640277e-27 2.2933342072741e-27 2.1861775836914e-27 2.0772720231261e-27 1.9680305803785e-27
 1  31 3.0550167743060e-27 3.0550167743060e-27 3.0550167743060e-27 3.0550167743060e-27 3.0098645023178e-27 2.8810829595404e-27 2.7465752418524e-27 2.6092443034590e-27 2.4720834246796e-27
1.28040973 1.28081985 1.28122998  7810.0  7805.0  1
1.0000000000000 
 1   1 7.2452705155093e-32 6.9628286103655e-32 6.6746167912007e-32 6.3805239737987e-32 6.1052790328177e-32 6.1051520794279e-32 6.1051520794279e-32 6.1051520794279e-32 6.1051520794279e-32
 1   2 1.2114935126679e-31 1.1641062791010e-31 1.1157999265011e-31 1.0665422463231e-31 1.0166191187931e-31 1.0041993156801e-31 1.0041993156801e-31 1.0041993156801e-31 1.0041993156801e-31
 1   3 1.8576679294901e-31 1.7848472299510e-31 1.7106621341189e-31 1.6350317679825e-31 1.5583896538583e-31 1.5142510164793e-31 1.5142510164793e-31 1.5142510164793e-31 1.5142510164793e-31
 1   4 2.9292056741559e-31 2.8142472637217e-31 2.6970279074532e-31 2.5775019961695e-31 2.4564002171591e-31 2.3472445170383e-31 2.3472445170383e-31 2.3472445170383e-31 2.3472445170383e-31
 1   5 4.6010555708982e-31 4.4587600989402e-31 4.2726186876965e-31 4.0829239921292e-31 3.8907722782697e-31 3.6978301620088e-31 3.6547720390371e-31 3.6547720390371e-31 3.6547720390371e-31
 1   6 7.2554473578516e-31 7.1220936363214e-31 6.8242487585010e-31 6.5207967726272e-31 6.2134712977686e-31 5.9049331829376e-31 5.7359601017866e-31 5.7359601017866e-31 5.7359601017866e-31
 1   7 1.1262931413929e-30 1.1203597161077e-30 1.0734877722444e-30 1.0256393217139e-30 9.7713005527922e-31 9.2849524604785e-31 8.8620669571769e-31 8.8620669571769e-31 8.8620669571769e-31
 1   8 1.7571385476431e-30 1.7571385476431e-30 1.6972353555252e-30 1.6214545261118e-30 1.5447383793534e-30 1.4677414305045e-30 1.3912050873620e-30 1.3760699863381e-30 1.3760699863381e-30
 1   9 2.7495950744265e-30 2.7495950744265e-30 2.6926059798240e-30 2.5722013159834e-30 2.4504144588654e-30 2.3282149562104e-30 2.2066662072280e-30 2.1434595938657e-30 2.1434595938657e-30
 1  10 4.2879592651329e-30 4.2879592651329e-30 4.2590214154021e-30 4.0681719141845e-30 3.8750094162427e-30 3.6811969169447e-30 3.4885655543704e-30 3.3270499974600e-30 3.3270499974600e-30
 1  11 6.6882265707549e-30 6.6882265707549e-30 6.6882265707549e-30 6.4372350169674e-30 6.1310403676742e-30 5.8239151030134e-30 5.5187473655851e-30 5.2183147074811e-30 5.1664767231635e-30
 1  12 1.0528302175682e-29 1.0528302175682e-29 1.0528302175682e-29 1.0197582388412e-29 9.7105756431033e-30 9.2224787913537e-30 8.7378019698882e-30 8.2608574562229e-30 8.1106063325381e-30
 1  13 1.6925502676247e-29 1.6925502676247e-29 1.6919333681894e-29 1.6154298636571e-29 1.5380894823786e-29 1.4605771215747e-29 1.3836190674828e-29 1.3085118621602e-29 1.3085118621602e-29
 1  14 2.7198298647518e-29 2.7198298647518e-29 2.6796050123040e-29 2.5583003147567e-29 2.4357195381581e-29 2.3128901962259e-29 2.1909618283959e-29 2.1103821232290e-29 2.1103821232290e-29
 1  15 4.3703623595210e-29 4.3703623595210e-29 4.2449033708985e-29 4.0523660478722e-29 3.8578603642575e-29 3.6630047030606e-29 3.4696145541809e-29 3.4037327037551e-29 3.4037327037551e-29
 1  16 7.0203763610092e-29 7.0203763610092e-29 6.7246365772801e-29 6.4189385320324e-29 6.1100891839132e-29 5.8006722883135e-29 5.4936525736414e-29 5.4884531646447e-29 5.4884531646447e-29
 1  17 1.1274712876590e-28 1.1128486645562e-28 1.0651291761004e-28 1.0166555657008e-28 9.6769704225229e-29 9.1865979641734e-29 8.8484883235210e-29 8.8484883235210e-29 8.8484883235210e-29
 1  18 1.8101378601939e-28 1.7627182149564e-28 1.6869823439702e-28 1.6100728594241e-28 1.5324100955286e-28 1.4546474240171e-28 1.4261355960086e-28 1.4261355960086e-28 1.4261355960086e-28
 1  19 2.9056560441456e-28 2.7923162706246e-28 2.6721459458147e-28 2.5500711170309e-28 2.4267817486760e-28 2.3033395096317e-28 2.2981623692000e-28 2.2981623692000e-28 2.2981623692000e-28
 1  20 4.6100802115453e-28 4.4223155234771e-28 4.2317563110597e-28 4.0382419998838e-28 3.8428523144246e-28 3.7023769102109e-28 3.7023769102109e-28 3.7023769102109e-28 3.7023769102109e-28
 1  21 7.3015942718456e-28 7.0037318725767e-28 6.7014990567814e-28 6.3946170461003e-28 6.0848186960010e-28 5.9630864420061e-28 5.9630864420061e-28 5.9630864420061e-28 5.9630864420061e-28
 1  22 1.1545536904628e-27 1.1077170001453e-27 1.0601255378825e-27 1.0117455999005e-27 9.6285952752916e-28 9.4352434644548e-28 9.4352434644548e-28 9.4352434644548e-28 9.4352434644548e-28
 1  23 1.8091750637406e-27 1.7530480725573e-27 1.6776939449602e-27 1.6010701480473e-27 1.5236267716466e-27 1.4460408764299e-27 1.4270842368768e-27 1.4270842368768e-27 1.4270842368768e-27
 1  24 2.2362785326717e-27 2.2051501121665e-27 2.1104109219002e-27 2.0140379652620e-27 1.9166184582921e-27 1.8189944175621e-27 1.7538492594142e-27 1.7538492594142e-27 1.7538492594142e-27
 1  25 2.7629225352204e-27 2.7629225352204e-27 2.6547948577597e-27 2.5335182787896e-27 2.4108962451604e-27 2.2879880183415e-27 2.1660075119768e-27 2.1545070139069e-27 2.1545070139069e-27
 1  26 3.4117617853227e-27 3.4117617853227e-27 3.3390536928762e-27 3.1866602489806e-27 3.0325417496339e-27 2.8780746569673e-27 2.7247186332856e-27 2.6455702311050e-27 2.6455702311050e-27
 1  27 4.2106729633655e-27 4.2106729633655e-27 4.2000160226112e-27 4.0083559486375e-27 3.8143146548806e-27 3.6198065157052e-27 3.4268760983402e-27 3.2472781236083e-27 3.2472781236083e-27
 1  28 5.1936321698697e-27 5.1936321698697e-27 5.1936321698697e-27 5.0409452142507e-27 4.7973100688678e-27 4.5529384478743e-27 4.3103174972001e-27 4.0717198141798e-27 3.9842521650115e-27
 1  29 6.4022914917427e-27 6.4022914917427e-27 6.4022914917427e-27 6.3392785306363e-27 6.0327929726343e-27 5.7261144364519e-27 5.4207181844264e-27 5.1206925806439e-27 4.8863273212694e-27
 1  30 7.8866507666427e-27 7.8866507666427e-27 7.8866507666427e-27 7.8866507666427e-27 7.5859067909909e-27 7.2007762688958e-27 6.8170917350030e-27 6.4399811703824e-27 6.0713073344762e-27
 1  31 9.7027210447702e-27 9.7027210447702e-27 9.7027210447702e-27 9.7027210447702e-27 9.5296138391368e-27 9.0453541620602e-27 8.5637592016546e-27 8.0900651762529e-27 7.6275615742001e-27
1.28122998 1.28164063 1.28205128  7805.0  7800.0  1
1.0000000000000 
 1   1 2.3721903879537e-31 2.3054232492225e-31 2.2322578947398e-31 2.1528650062852e-31 2.0749840386647e-31 2.0749480685376e-31 2.0749480685376e-31 2.0749480685376e-31 2.0749480685376e-31
 1   2 3.9662637009739e-31 3.8540314970382e-31 3.7313098868123e-31 3.5982975288416e-31 3.4565893338613e-31 3.4209300074325e-31 3.4209300074325e-31 3.4209300074325e-31 3.4209300074325e-31
 1   3 6.0813067063237e-31 5.9087159237586e-31 5.7201962523443e-31 5.5159447049341e-31 5.2983940846365e-31 5.1699454659334e-31 5.1699454659334e-31 5.1699454659334e-31 5.1699454659334e-31
 1   4 9.5906628060991e-31 9.3181220898722e-31 9.0199499544246e-31 8.6967905706603e-31 8.3527431224798e-31 8.0311589011456e-31 8.0311589011456e-31 8.0311589011456e-31 8.0311589011456e-31
 1   5 1.5105013070496e-30 1.4761947395197e-30 1.4288127251477e-30 1.3775113304913e-30 1.3229165768222e-30 1.2658782054966e-30 1.2530433118184e-30 1.2530433118184e-30 1.2530433118184e-30
 1   6 2.3907207868606e-30 2.3577875728906e-30 2.2819458058502e-30 2.1998669598238e-30 2.1125403308571e-30 2.0213370155610e-30 1.9704292704529e-30 1.9704292704529e-30 1.9704292704529e-30
 1   7 3.7244754215973e-30 3.7094870222684e-30 3.5900944120441e-30 3.4605496683688e-30 3.3225552832207e-30 3.1786973441716e-30 3.0500252875023e-30 3.0500252875023e-30 3.0500252875023e-30
 1   8 5.8306035718300e-30 5.8306035718300e-30 5.6758238796686e-30 5.4705844468059e-30 5.2523513815080e-30 5.0245875960927e-30 4.7909538620871e-30 4.7444780128002e-30 4.7444780128002e-30
 1   9 9.1540608823957e-30 9.1540608823957e-30 9.0037337747561e-30 8.6776001081657e-30 8.3312050567071e-30 7.9697644298745e-30 7.5987859359188e-30 7.4030362219306e-30 7.4030362219306e-30
 1  10 1.4321163908949e-29 1.4321163908949e-29 1.4243335274337e-29 1.3725955259636e-29 1.3176061635429e-29 1.2602313563301e-29 1.2014092428568e-29 1.1509853876472e-29 1.1509853876472e-29
 1  11 2.2406098949498e-29 2.2406098949498e-29 2.2406098949498e-29 2.1718721010651e-29 2.0846768265392e-29 1.9937378752206e-29 1.9005413728954e-29 1.8064598455753e-29 1.7901582027656e-29
 1  12 3.5320965364016e-29 3.5320965364016e-29 3.5320965364016e-29 3.4407093549811e-29 3.3018886255163e-29 3.1572687404329e-29 3.0091764638451e-29 2.8597721474827e-29 2.8123545485457e-29
 1  13 5.6612722752325e-29 5.6612722752325e-29 5.6595955124747e-29 5.4515698006503e-29 5.2308804975885e-29 5.0009921707033e-29 4.7656658000642e-29 4.5302428320012e-29 4.5302428320012e-29
 1  14 9.0689681817013e-29 9.0689681817013e-29 8.9615404112565e-29 8.6318031491842e-29 8.2821776511705e-29 7.9180824007434e-29 7.5453728267870e-29 7.2946263776775e-29 7.2946263776775e-29
 1  15 1.4525190306874e-28 1.4525190306874e-28 1.4196322120689e-28 1.3672709917058e-28 1.3117750796171e-28 1.2540057275996e-28 1.1948748634820e-28 1.1745328302976e-28 1.1745328302976e-28
 1  16 2.3253964630611e-28 2.3253964630611e-28 2.2493874711346e-28 2.1661634641541e-28 2.0779498541700e-28 1.9861339125957e-28 1.8921732072870e-28 1.8905811854467e-28 1.8905811854467e-28
 1  17 3.7215038019711e-28 3.6846910955316e-28 3.5621689695183e-28 3.4302403609153e-28 3.2904700878026e-28 3.1450060435504e-28 3.0424004405745e-28 3.0424004405745e-28 3.0424004405745e-28
 1  18 5.9531370879134e-28 5.8362875478100e-28 5.6417113270111e-28 5.4323054456403e-28 5.2105461681238e-28 4.9798130200314e-28 4.8941173227085e-28 4.8941173227085e-28 4.8941173227085e-28
 1  19 9.5202039380215e-28 9.2469433678621e-28 8.9379693157790e-28 8.6052572141663e-28 8.2528958122960e-28 7.8862676028802e-28 7.8708673855624e-28 7.8708673855624e-28 7.8708673855624e-28
 1  20 1.5094109049481e-27 1.4642251217788e-27 1.4152294639936e-27 1.3625029910166e-27 1.3066741337887e-27 1.2653466623736e-27 1.2653466623736e-27 1.2653466623736e-27 1.2653466623736e-27
 1  21 2.3905343508234e-27 2.3187982752198e-27 2.2410575352357e-27 2.1574228718427e-27 2.0688849834043e-27 2.0335031466170e-27 2.0335031466170e-27 2.0335031466170e-27 2.0335031466170e-27
 1  22 3.7787373362039e-27 3.6663215757220e-27 3.5442110690861e-27 3.4126261426817e-27 3.2731187108581e-27 3.2169840159550e-27 3.2169840159550e-27 3.2169840159550e-27 3.2169840159550e-27
 1  23 5.9391935477090e-27 5.8022183285763e-27 5.6088877029689e-27 5.4003996235132e-27 5.1793648808417e-27 4.9492089339536e-27 4.8924756600239e-27 4.8924756600239e-27 4.8924756600239e-27
 1  24 7.3763656130416e-27 7.2981466646522e-27 7.0550403796321e-27 6.7929290179208e-27 6.5148701858979e-27 6.2253185595250e-27 6.0276480433809e-27 6.0276480433809e-27 6.0276480433809e-27
 1  25 9.1549711611469e-27 9.1549711611469e-27 8.8756034671339e-27 8.5455337414049e-27 8.1954728628532e-27 7.8309158947961e-27 7.4574657526277e-27 7.4221534419114e-27 7.4221534419114e-27
 1  26 1.1353735274804e-26 1.1353735274804e-26 1.1160988205970e-26 1.0746417148373e-26 1.0306709623514e-26 9.8485963713619e-27 9.3795654075416e-27 9.1341302880327e-27 9.1341302880327e-27
 1  27 1.4069605415553e-26 1.4069605415553e-26 1.4040587043895e-26 1.3517441300497e-26 1.2965087673935e-26 1.2387638409825e-26 1.1797478778454e-26 1.1235419235344e-26 1.1235419235344e-26
 1  28 1.7419065678291e-26 1.7419065678291e-26 1.7419065678291e-26 1.6995387283173e-26 1.6301616472654e-26 1.5577680976974e-26 1.4834091751398e-26 1.4087548919659e-26 1.3812375130693e-26
 1  29 2.1544798968133e-26 2.1544798968133e-26 2.1544798968133e-26 2.1367915399064e-26 2.0499478150029e-26 1.9592046212224e-26 1.8655885562624e-26 1.7714435539026e-26 1.6970841691217e-26
 1  30 2.6634806862531e-26 2.6634806862531e-26 2.6634806862531e-26 2.6634806862531e-26 2.5771430957389e-26 2.4633716346506e-26 2.3459526163219e-26 2.2277886482908e-26 2.1100585537576e-26
 1  31 3.2869313263448e-26 3.2869313263448e-26 3.2869313263448e-26 3.2869313263448e-26 3.2380885103600e-26 3.0956297834896e-26 2.9450664352645e-26 2.7980933286044e-26 2.6497212264328e-26
1.28205128 1.28246246 1.28287364  7800.0  7795.0  1
1.0000000000000 
 1   1 2.8129925880714e-30 3.0769642325994e-30 3.2749310229728e-30 3.4127102456350e-30 3.4906927289476e-30 3.4907247023939e-30 3.4907247023939e-30 3.4907247023939e-30 3.4907247023939e-30
 1   2 4.6997844010283e-30 5.1376340414553e-30 5.4699291792350e-30 5.6994507518828e-30 5.8339957664079e-30 5.8616509167030e-30 5.8616509167030e-30 5.8616509167030e-30 5.8616509167030e-30
 1   3 7.1994345818371e-30 7.8714600002248e-30 8.3814011105155e-30 8.7287598792626e-30 8.9336577604866e-30 9.0116172981495e-30 9.0116172981495e-30 9.0116172981495e-30 9.0116172981495e-30
 1   4 1.1371754167030e-29 1.2433151462659e-29 1.3236243936926e-29 1.3783069614917e-29 1.4093410655963e-29 1.4228719271619e-29 1.4228719271619e-29 1.4228719271619e-29 1.4228719271619e-29
 1   5 1.8443446931407e-29 1.9681260162258e-29 2.0952652282616e-29 2.1820151314879e-29 2.2309506039623e-29 2.2509349859376e-29 2.2540694369221e-29 2.2540694369221e-29 2.2540694369221e-29
 1   6 3.0357034404901e-29 3.1410707668209e-29 3.3443249872081e-29 3.4830978693509e-29 3.5618840522571e-29 3.5915162900109e-29 3.5958424101484e-29 3.5958424101484e-29 3.5958424101484e-29
 1   7 4.9052894015746e-29 4.9479415276055e-29 5.2701008571998e-29 5.4852097782477e-29 5.6084843410162e-29 5.6499845201991e-29 5.6420358462067e-29 5.6420358462067e-29 5.6420358462067e-29
 1   8 7.9452741241457e-29 7.9452741241457e-29 8.3279269132932e-29 8.6692173476194e-29 8.8667094263542e-29 8.9288874727556e-29 8.8988375489452e-29 8.8896803539128e-29 8.8896803539128e-29
 1   9 1.2876715848806e-28 1.2876715848806e-28 1.3197749111236e-28 1.3745307846312e-28 1.4056275717370e-28 1.4161367695904e-28 1.4102998777821e-28 1.4039988368572e-28 1.4039988368572e-28
 1  10 2.0751664039179e-28 2.0751664039179e-28 2.0893585816781e-28 2.1766109118786e-28 2.2247384567414e-28 2.2416666587288e-28 2.2301563384162e-28 2.2080242737190e-28 2.2080242737190e-28
 1  11 3.3378946682356e-28 3.3378946682356e-28 3.3378946682356e-28 3.4434616292423e-28 3.5197717884638e-28 3.5465655665913e-28 3.5276071937013e-28 3.4805482992164e-28 3.4716716881027e-28
 1  12 5.3289229706731e-28 5.3289229706731e-28 5.3289229706731e-28 5.4563299772491e-28 5.5767988212005e-28 5.6173329057750e-28 5.5871632131962e-28 5.5096796811561e-28 5.4814282148019e-28
 1  13 8.3151226087992e-28 8.3151226087992e-28 8.3178959479191e-28 8.6605015516561e-28 8.8447706768752e-28 8.9079016974872e-28 8.8538504735980e-28 8.7367202292052e-28 8.7367202292052e-28
 1  14 1.2943165005971e-27 1.2943165005971e-27 1.3150891957912e-27 1.3688310190349e-27 1.3985528366052e-27 1.4082103160148e-27 1.4009864416829e-27 1.3911579396942e-27 1.3911579396942e-27
 1  15 2.0102215424842e-27 2.0102215424842e-27 2.0836691920294e-27 2.1675940930650e-27 2.2149677326510e-27 2.2291909178833e-27 2.2193112824546e-27 2.2136478928602e-27 2.2136478928602e-27
 1  16 3.1138358303655e-27 3.1138358303655e-27 3.3079322057188e-27 3.4385934561219e-27 3.5133018194086e-27 3.5332767944198e-27 3.5191755205530e-27 3.5189270755902e-27 3.5189270755902e-27
 1  17 4.8100554880538e-27 4.9165632658383e-27 5.2287360949661e-27 5.4372557596729e-27 5.5543130113208e-27 5.5907650873782e-27 5.5882972007475e-27 5.5882972007475e-27 5.5882972007475e-27
 1  18 7.4076296190148e-27 7.7872912704397e-27 8.2773010039583e-27 8.6086272063830e-27 8.7900035848256e-27 8.8539205774480e-27 8.8640825542065e-27 8.8640825542065e-27 8.8640825542065e-27
 1  19 1.1372485358370e-26 1.2360448901242e-26 1.3130181470256e-26 1.3654504342035e-26 1.3932630196420e-26 1.4039849027540e-26 1.4044050636307e-26 1.4044050636307e-26 1.4044050636307e-26
 1  20 1.7903076525218e-26 1.9533383926862e-26 2.0752298825689e-26 2.1582927758800e-26 2.2039665896971e-26 2.2222220944540e-26 2.2222220944540e-26 2.2222220944540e-26 2.2222220944540e-26
 1  21 2.8314720056566e-26 3.0888653012273e-26 3.2843903314134e-26 3.4121827165713e-26 3.4875996680032e-26 3.5108233016446e-26 3.5108233016446e-26 3.5108233016446e-26 3.5108233016446e-26
 1  22 4.4625075628935e-26 4.8825282318611e-26 5.1919829575397e-26 5.4074572323130e-26 5.5197398725171e-26 5.5450579934916e-26 5.5450579934916e-26 5.5450579934916e-26 5.5450579934916e-26
 1  23 7.2414448218991e-26 7.7048839636817e-26 8.1959609705383e-26 8.5290426966259e-26 8.7170424251844e-26 8.7820796927368e-26 8.7909839602045e-26 8.7909839602045e-26 8.7909839602045e-26
 1  24 9.4553798709140e-26 9.6817324143106e-26 1.0299808631337e-25 1.0720087220843e-25 1.0957492445078e-25 1.1036807478718e-25 1.1026575706258e-25 1.1026575706258e-25 1.1026575706258e-25
 1  25 1.2275687645869e-25 1.2275687645869e-25 1.2958321034631e-25 1.3484973203123e-25 1.3784357010010e-25 1.3881815844470e-25 1.3809537696624e-25 1.3801233703002e-25 1.3801233703002e-25
 1  26 1.5862580249936e-25 1.5862580249936e-25 1.6252976418574e-25 1.6918559318426e-25 1.7296560510090e-25 1.7423646001922e-25 1.7338900153988e-25 1.7243563848402e-25 1.7243563848402e-25
 1  27 2.0397761315574e-25 2.0397761315574e-25 2.0445174321168e-25 2.1277282060328e-25 2.1752321771500e-25 2.1908787401670e-25 2.1798526833833e-25 2.1503130472302e-25 2.1503130472302e-25
 1  28 2.6109787266334e-25 2.6109787266334e-25 2.6109787266334e-25 2.6660855912438e-25 2.7263387871846e-25 2.7468183558412e-25 2.7348434472999e-25 2.6953348279761e-25 2.6771254530933e-25
 1  29 3.3275797264172e-25 3.3275797264172e-25 3.3275797264172e-25 3.3457691332583e-25 3.4248544111590e-25 3.4577277241938e-25 3.4416270731182e-25 3.3827390995815e-25 3.3257653463352e-25
 1  30 4.2237067327827e-25 4.2237067327827e-25 4.2237067327827e-25 4.2237067327827e-25 4.2880620054306e-25 4.3207657133708e-25 4.3021998719664e-25 4.2399991756658e-25 4.1479775649957e-25
 1  31 5.3322614084536e-25 5.3322614084536e-25 5.3322614084536e-25 5.3322614084536e-25 5.3577495043013e-25 5.4027993784462e-25 5.3807186686710e-25 5.3066263872623e-25 5.1898577169573e-25
1.28287364 1.28328534 1.28369705  7795.0  7790.0  1
1.0000000000000 
 1   1 1.2936562918121e-28 1.1454638066819e-28 1.0236247839458e-28 9.4961749526997e-29 8.5285576559842e-29 8.5280894142665e-29 8.5280894142665e-29 8.5280894142665e-29 8.5280894142665e-29
 1   2 2.1628137904983e-28 1.9494668546082e-28 1.7123062764383e-28 1.5901151696342e-28 1.4097850526338e-28 1.3677749834982e-28 1.3677749834982e-28 1.3677749834982e-28 1.3677749834982e-28
 1   3 3.3104472776332e-28 2.9772272119977e-28 2.6418691233827e-28 2.4341356714274e-28 2.1721723655805e-28 2.0256235412873e-28 2.0256235412873e-28 2.0256235412873e-28 2.0256235412873e-28
 1   4 5.2022396322737e-28 4.6611163921065e-28 4.1831193577266e-28 3.8126585477214e-28 3.4284800609462e-28 3.0852959560021e-28 3.0852959560021e-28 3.0852959560021e-28 3.0852959560021e-28
 1   5 8.0380226972957e-28 7.3872451912974e-28 6.5883135983972e-28 6.0363825208646e-28 5.4136412585493e-28 4.8324658977762e-28 4.6956921309156e-28 4.6956921309156e-28 4.6956921309156e-28
 1   6 1.2425746593042e-27 1.1798914174042e-27 1.0503095544385e-27 9.6545539220471e-28 8.6266494810236e-28 7.7272435673722e-28 7.2902038406720e-28 7.2902038406720e-28 7.2902038406720e-28
 1   7 1.8820695862057e-27 1.8517184710262e-27 1.6697575728454e-27 1.5204324242408e-27 1.3507765813642e-27 1.2131834276089e-27 1.1191174461546e-27 1.1191174461546e-27 1.1191174461546e-27
 1   8 2.8304851206345e-27 2.8304851206345e-27 2.6334686502995e-27 2.4115408539128e-27 2.1648371243496e-27 1.9169522219515e-27 1.7472360011712e-27 1.7256584598532e-27 1.7256584598532e-27
 1   9 4.3689466565672e-27 4.3689466565672e-27 4.1470040305199e-27 3.8360969225516e-27 3.4105981384503e-27 3.0351764217979e-27 2.7653287920929e-27 2.6641446698607e-27 2.6641446698607e-27
 1  10 6.6845484658583e-27 6.6845484658583e-27 6.5860625714782e-27 6.0820582606117e-27 5.3525579829506e-27 4.7783034514327e-27 4.3778259639828e-27 4.1074943480828e-27 4.1074943480828e-27
 1  11 1.0298653843742e-26 1.0298653843742e-26 1.0298653843742e-26 9.5840514045729e-27 8.4645722687747e-27 7.5309738763731e-27 6.9018049191649e-27 6.3877349280371e-27 6.2860200195122e-27
 1  12 1.6016383166402e-26 1.6016383166402e-26 1.6016383166402e-26 1.5142810617763e-26 1.3399181498192e-26 1.1896636437199e-26 1.0916768733442e-26 1.0081636976121e-26 9.7914116594532e-27
 1  13 2.6128351998403e-26 2.6128351998403e-26 2.6108602742381e-26 2.4043691530231e-26 2.1098323725449e-26 1.8804038879154e-26 1.7302537672191e-26 1.6017671228349e-26 1.6017671228349e-26
 1  14 4.2519328538988e-26 4.2519328538988e-26 4.1141801753662e-26 3.7922941111569e-26 3.3574172808215e-26 2.9888214065594e-26 2.7445614124654e-26 2.6102014521227e-26 2.6102014521227e-26
 1  15 7.0122110873056e-26 7.0122110873056e-26 6.4796541716788e-26 5.9642062932316e-26 5.3305636318741e-26 4.7359215141137e-26 4.3394529653988e-26 4.2366825702272e-26 4.2366825702272e-26
 1  16 1.1605552772074e-25 1.1605552772074e-25 1.0276732600966e-25 9.4009164209794e-26 8.4027288093677e-26 7.4942235893231e-26 6.8630066752492e-26 6.8510196872753e-26 6.8510196872753e-26
 1  17 1.9217323415548e-25 1.8529656108135e-25 1.6168156614930e-25 1.4910385694289e-25 1.3316732591347e-25 1.1898440802445e-25 1.1223280638165e-25 1.1223280638165e-25 1.1223280638165e-25
 1  18 3.1515695742823e-25 2.8981913958299e-25 2.5670532257975e-25 2.3705124755662e-25 2.1101639714590e-25 1.8905293182274e-25 1.8278689871900e-25 1.8278689871900e-25 1.8278689871900e-25
 1  19 5.1192097994760e-25 4.5351031656238e-25 4.0897056425222e-25 3.7842239408370e-25 3.3557257904774e-25 3.0151644304131e-25 3.0002702434845e-25 3.0002702434845e-25 3.0002702434845e-25
 1  20 8.1961671837093e-25 7.3449108321518e-25 6.5622350894657e-25 6.0222208498348e-25 5.3538954257412e-25 4.9736516504350e-25 4.9736516504350e-25 4.9736516504350e-25 4.9736516504350e-25
 1  21 1.2992235397542e-24 1.1656809255910e-24 1.0435771889840e-24 9.5454417785322e-25 8.4953969162016e-25 8.1735046890165e-25 8.1735046890165e-25 8.1735046890165e-25 8.1735046890165e-25
 1  22 2.0247799350530e-24 1.8218894461804e-24 1.6357880867383e-24 1.4987115729350e-24 1.3357108218110e-24 1.2853639439027e-24 1.2853639439027e-24 1.2853639439027e-24 1.2853639439027e-24
 1  23 3.0308601986291e-24 2.7979304781313e-24 2.5164980393065e-24 2.3142544163761e-24 2.0695199840774e-24 1.8838258740776e-24 1.8390943053080e-24 1.8390943053080e-24 1.8390943053080e-24
 1  24 3.5758843952615e-24 3.4598713550961e-24 3.1163654237917e-24 2.8258955972214e-24 2.5713061228490e-24 2.3322189485555e-24 2.2175386888894e-24 2.2175386888894e-24 2.2175386888894e-24
 1  25 4.1649650929439e-24 4.1649650929439e-24 3.8499946271641e-24 3.4642739878081e-24 3.2088625203724e-24 2.8771279714957e-24 2.6452647909418e-24 2.6304422917479e-24 2.6304422917479e-24
 1  26 4.8705072982164e-24 4.8705072982164e-24 4.7150894725438e-24 4.2576964812136e-24 3.9005925600554e-24 3.5296413689974e-24 3.2747698768514e-24 3.1322564350817e-24 3.1322564350817e-24
 1  27 5.6511498505268e-24 5.6511498505268e-24 5.6206789147713e-24 5.1016597150947e-24 4.7024195775451e-24 4.3199951934816e-24 4.0155532597733e-24 3.6821857688227e-24 3.6821857688227e-24
 1  28 6.4073617750330e-24 6.4073617750330e-24 6.4073617750330e-24 6.0554564472402e-24 5.5818945683661e-24 5.1292051601832e-24 4.8745340387071e-24 4.4609322939475e-24 4.3066981540632e-24
 1  29 7.0589096067867e-24 7.0589096067867e-24 7.0589096067867e-24 6.9908900752340e-24 6.4949355907043e-24 6.0984860486069e-24 5.7506575539723e-24 5.2987747560650e-24 4.9569956412821e-24
 1  30 7.7616087573568e-24 7.7616087573568e-24 7.7616087573568e-24 7.7616087573568e-24 7.3613675553184e-24 6.9947870481058e-24 6.6015749911634e-24 6.0720323870112e-24 5.5881297249610e-24
 1  31 8.3374204201829e-24 8.3374204201829e-24 8.3374204201829e-24 8.3374204201829e-24 8.1692581521561e-24 7.6825199295820e-24 7.1891876187013e-24 6.6405790353307e-24 6.1486773237016e-24
1.28369705 1.28410928 1.28452152  7790.0  7785.0  1
1.0000000000000 
 1   1 5.4529366090577e-29 4.4962874833755e-29 3.7532209792602e-29 3.1892012607640e-29 2.7903956369876e-29 2.7902153819819e-29 2.7902153819819e-29 2.7902153819819e-29 2.7902153819819e-29
 1   2 9.1483092731728e-29 7.5493059368453e-29 6.3012636105772e-29 5.3477585655292e-29 4.6080055636980e-29 4.4436837162101e-29 4.4436837162101e-29 4.4436837162101e-29 4.4436837162101e-29
 1   3 1.4034740209473e-28 1.1568765064205e-28 9.6688165166208e-29 8.2160484391175e-29 7.0828661673203e-29 6.4839194083560e-29 6.4839194083560e-29 6.4839194083560e-29 6.4839194083560e-29
 1   4 2.2021588540734e-28 1.8141779797348e-28 1.5208765436860e-28 1.2921952332081e-28 1.1114883561624e-28 9.7175804609596e-29 9.7175804609596e-29 9.7175804609596e-29 9.7175804609596e-29
 1   5 3.3292705946859e-28 2.8790717108995e-28 2.4122344775823e-28 2.0508881310390e-28 1.7650886736060e-28 1.5196030225102e-28 1.4656072894775e-28 1.4656072894775e-28 1.4656072894775e-28
 1   6 4.9817254684662e-28 4.6068749826353e-28 3.8551325252325e-28 3.2777437834713e-28 2.8095870474009e-28 2.4267131374217e-28 2.2309531919307e-28 2.2309531919307e-28 2.2309531919307e-28
 1   7 7.3840900365660e-28 7.2384165474324e-28 6.0126584343272e-28 5.1403840587673e-28 4.3994686980293e-28 3.8117810458905e-28 3.3471713912953e-28 3.3471713912953e-28 3.3471713912953e-28
 1   8 1.0994009309419e-27 1.0994009309419e-27 9.5001906370044e-28 8.1274513283334e-28 7.0077811402847e-28 6.0229867151365e-28 5.1940977634338e-28 5.0355138029180e-28 5.0355138029180e-28
 1   9 1.6385800411267e-27 1.6385800411267e-27 1.5092342971722e-27 1.2897526244079e-27 1.1079989562891e-27 9.5584066843984e-28 8.2384176339391e-28 7.6169055964108e-28 7.6169055964108e-28
 1  10 2.4429976454735e-27 2.4429976454735e-27 2.3833673877214e-27 2.0338301695215e-27 1.7417124340907e-27 1.5099057726473e-27 1.2982554125193e-27 1.1494256130964e-27 1.1494256130964e-27
 1  11 3.6511548774100e-27 3.6511548774100e-27 3.6511548774100e-27 3.2199755629376e-27 2.7571006415915e-27 2.3910609000702e-27 2.0537396629146e-27 1.7846456495969e-27 1.7421914128678e-27
 1  12 5.6428460849343e-27 5.6428460849343e-27 5.6428460849343e-27 5.0985509344453e-27 4.3704373263441e-27 3.7784588467340e-27 3.2550600361415e-27 2.8232971648960e-27 2.6963774185960e-27
 1  13 9.4342009585759e-27 9.4342009585759e-27 9.4220051997961e-27 8.0510265762802e-27 6.8871701627035e-27 5.9796272913335e-27 5.1219810277767e-27 4.4607241517650e-27 4.4607241517650e-27
 1  14 1.5843983162244e-26 1.5843983162244e-26 1.4987506708536e-26 1.2785406884215e-26 1.0984275659480e-26 9.4717042071970e-27 8.1323871015948e-27 7.3608064102068e-27 7.3608064102068e-27
 1  15 2.6709948945241e-26 2.6709948945241e-26 2.3778312250590e-26 2.0236573305181e-26 1.7447165766551e-26 1.4977619754573e-26 1.2854972244178e-26 1.2190698206316e-26 1.2190698206316e-26
 1  16 4.4991874379448e-26 4.4991874379448e-26 3.7622782618620e-26 3.1971669671993e-26 2.7546945773120e-26 2.3559236949044e-26 2.0242257109633e-26 2.0186325022560e-26 2.0186325022560e-26
 1  17 7.5420784802837e-26 7.1640168914565e-26 6.0203158740082e-26 5.1113059062438e-26 4.3725268832966e-26 3.7258495280755e-26 3.3428282844556e-26 3.3428282844556e-26 3.3428282844556e-26
 1  18 1.2767421625948e-25 1.1335423378818e-25 9.5579398004613e-26 8.1113895348204e-26 6.9241729776878e-26 5.8585414564651e-26 5.5172173665131e-26 5.5172173665131e-26 5.5172173665131e-26
 1  19 2.1612528223524e-25 1.8061931849263e-25 1.5043338339103e-25 1.2718297778266e-25 1.0750766514485e-25 9.2459958488481e-26 9.1837171292736e-26 9.1837171292736e-26 9.1837171292736e-26
 1  20 3.4818210153534e-25 2.8889143915845e-25 2.3930297705486e-25 2.0196744765782e-25 1.7310551697802e-25 1.5518789737060e-25 1.5518789737060e-25 1.5518789737060e-25 1.5518789737060e-25
 1  21 5.5607332759759e-25 4.5619441579240e-25 3.8221200791667e-25 3.2243249829757e-25 2.7305606721417e-25 2.5552957470432e-25 2.5552957470432e-25 2.5552957470432e-25 2.5552957470432e-25
 1  22 8.8422541258466e-25 7.2917825292993e-25 6.0438765607973e-25 5.1104342149435e-25 4.3553518406460e-25 4.0749011885215e-25 4.0749011885215e-25 4.0749011885215e-25 4.0749011885215e-25
 1  23 1.2992811266002e-24 1.1383035078753e-24 9.5034516986234e-25 8.0634773281847e-25 6.8494761083510e-25 5.8842594313110e-25 5.6610443356458e-25 5.6610443356458e-25 5.6610443356458e-25
 1  24 1.4855606699993e-24 1.4071577567816e-24 1.1829662485310e-24 1.0060216906539e-24 8.5383484203386e-25 7.3153645399848e-25 6.6010628232207e-25 6.6010628232207e-25 6.6010628232207e-25
 1  25 1.7258925681936e-24 1.7258925681936e-24 1.4715499086768e-24 1.2477704816416e-24 1.0636036063543e-24 9.0974023109552e-25 7.9245534993565e-25 7.8201472655124e-25 7.8201472655124e-25
 1  26 1.9724362529784e-24 1.9724362529784e-24 1.8271071694227e-24 1.5437435991019e-24 1.3160403779240e-24 1.1312438930268e-24 9.9213961226663e-25 9.2621736603809e-25 9.2621736603809e-25
 1  27 2.2342580041299e-24 2.2342580041299e-24 2.2153263284807e-24 1.8787805169431e-24 1.6077458564947e-24 1.4033675759548e-24 1.2331587069170e-24 1.0866912970751e-24 1.0866912970751e-24
 1  28 2.5265575935698e-24 2.5265575935698e-24 2.5265575935698e-24 2.3000093633649e-24 1.9974912641891e-24 1.7451462963073e-24 1.5291861571722e-24 1.3372180391780e-24 1.2707171634755e-24
 1  29 2.8304832178157e-24 2.8304832178157e-24 2.8304832178157e-24 2.7532115311361e-24 2.4018455869873e-24 2.1065919106726e-24 1.8504730322201e-24 1.6246309311329e-24 1.4671321890000e-24
 1  30 3.1653814933528e-24 3.1653814933528e-24 3.1653814933528e-24 3.1653814933528e-24 2.8518923111377e-24 2.4975965375869e-24 2.1982052858243e-24 1.9409297400696e-24 1.7212380916375e-24
 1  31 3.4262828410431e-24 3.4262828410431e-24 3.4262828410431e-24 3.4262828410431e-24 3.2871889140823e-24 2.9357912182820e-24 2.5970515845670e-24 2.3272710157427e-24 2.0812927470117e-24
1.28452152 1.28493428 1.28534704  7785.0  7780.0  1
1.0000000000000 
 1   1 9.9884391858298e-30 8.1255706577427e-30 6.7043178659036e-30 5.6253994978375e-30 4.8320119049308e-30 4.8316617016538e-30 4.8316617016538e-30 4.8316617016538e-30 4.8316617016538e-30
 1   2 1.6775253057195e-29 1.3674186864584e-29 1.1232892361090e-29 9.4350074176660e-30 8.0115698990462e-30 7.6799556075945e-30 7.6799556075945e-30 7.6799556075945e-30 7.6799556075945e-30
 1   3 2.5897850563757e-29 2.0877190435350e-29 1.7277335470533e-29 1.4464085966416e-29 1.2272510849703e-29 1.1198325680171e-29 1.1198325680171e-29 1.1198325680171e-29 1.1198325680171e-29
 1   4 4.0588109918752e-29 3.2740279423848e-29 2.7154387444786e-29 2.2756631741072e-29 1.9289801359367e-29 1.6802869087038e-29 1.6802869087038e-29 1.6802869087038e-29 1.6802869087038e-29
 1   5 6.1126891893381e-29 5.2052632219157e-29 4.2966573214759e-29 3.6073561610238e-29 3.0623498849769e-29 2.6281571040317e-29 2.5369441590859e-29 2.5369441590859e-29 2.5369441590859e-29
 1   6 9.1256055683940e-29 8.3858209692746e-29 6.8699576212339e-29 5.7599948423287e-29 4.9004784887588e-29 4.1968766966165e-29 3.8606716201232e-29 3.8606716201232e-29 3.8606716201232e-29
 1   7 1.3441313045359e-28 1.3145124279212e-28 1.0820047761262e-28 9.0313379180004e-29 7.6929989681429e-29 6.5838053575092e-29 5.7951569064352e-29 5.7951569064352e-29 5.7951569064352e-29
 1   8 1.9942300405994e-28 1.9942300405994e-28 1.7108053751585e-28 1.4290886484664e-28 1.2128396972620e-28 1.0415269046320e-28 9.0129687593027e-29 8.7462009804683e-29 8.7462009804683e-29
 1   9 2.9681358596952e-28 2.9681358596952e-28 2.7179845229385e-28 2.2674794162910e-28 1.9280867451837e-28 1.6535288204655e-28 1.4305356237078e-28 1.3255448768663e-28 1.3255448768663e-28
 1  10 4.3969592113118e-28 4.3969592113118e-28 4.2818473415007e-28 3.5775682238711e-28 3.0438525917526e-28 2.6084166832136e-28 2.2562599113999e-28 2.0016217597259e-28 2.0016217597259e-28
 1  11 6.5431635412284e-28 6.5431635412284e-28 6.5431635412284e-28 5.6695145331707e-28 4.8186396467054e-28 4.1285023919162e-28 3.5684838530647e-28 3.1054811462668e-28 3.0280664662222e-28
 1  12 1.0089710089262e-27 1.0089710089262e-27 1.0089710089262e-27 8.9893377192557e-28 7.6300019200326e-28 6.5405158690374e-28 5.6488753049217e-28 4.9148244399880e-28 4.6966984293116e-28
 1  13 1.6937398302919e-27 1.6937398302919e-27 1.6915084478583e-27 1.4153135308357e-27 1.2044426908528e-27 1.0321064349761e-27 8.9196864628169e-28 7.7721374758583e-28 7.7721374758583e-28
 1  14 2.8463557463412e-27 2.8463557463412e-27 2.6883823056178e-27 2.2518554540619e-27 1.9134801554477e-27 1.6392833907424e-27 1.4169777269006e-27 1.2868936777019e-27 1.2868936777019e-27
 1  15 4.7937455577268e-27 4.7937455577268e-27 4.2554697086859e-27 3.5700662934035e-27 3.0317072441890e-27 2.5981754062896e-27 2.2454650259134e-27 2.1332919326045e-27 2.1332919326045e-27
 1  16 8.0923647366065e-27 8.0923647366065e-27 6.7037368910802e-27 5.6376584000361e-27 4.7866527429276e-27 4.1019037586403e-27 3.5461924658129e-27 3.5368170388436e-27 3.5368170388436e-27
 1  17 1.3682980371821e-26 1.2931088077069e-26 1.0677784708874e-26 8.9663787083887e-27 7.6115170370194e-27 6.5180918815089e-27 5.8717309180591e-27 5.8717309180591e-27 5.8717309180591e-27
 1  18 2.3206617665154e-26 2.0508460687290e-26 1.6955622222425e-26 1.4230543825426e-26 1.2067977179888e-26 1.0334624052127e-26 9.7529508384638e-27 9.7529508384638e-27 9.7529508384638e-27
 1  19 3.9409672746974e-26 3.2370820964083e-26 2.6781710635713e-26 2.2499402322880e-26 1.9062168958485e-26 1.6304434493348e-26 1.6189966461918e-26 1.6189966461918e-26 1.6189966461918e-26
 1  20 6.3818532920613e-26 5.1623014496832e-26 4.2640467991746e-26 3.5612389090592e-26 3.0220537129358e-26 2.7046019098305e-26 2.7046019098305e-26 2.7046019098305e-26 2.7046019098305e-26
 1  21 1.0064912354558e-25 8.1338776172974e-26 6.7252623167339e-26 5.6373349978799e-26 4.7809981355737e-26 4.4772259817517e-26 4.4772259817517e-26 4.4772259817517e-26 4.4772259817517e-26
 1  22 1.6059952015827e-25 1.2988657666817e-25 1.0701832486458e-25 8.9470656369807e-26 7.5795130117243e-26 7.0940375335924e-26 7.0940375335924e-26 7.0940375335924e-26 7.0940375335924e-26
 1  23 2.3771514796407e-25 2.0434590026492e-25 1.6865444327602e-25 1.4130093790651e-25 1.1969994184334e-25 1.0237756092975e-25 9.8463633711472e-26 9.8463633711472e-26 9.8463633711472e-26
 1  24 2.7160737346554e-25 2.5559443386187e-25 2.1105517458977e-25 1.7697166264475e-25 1.5021229279639e-25 1.2864661058468e-25 1.1605872014222e-25 1.1605872014222e-25 1.1605872014222e-25
 1  25 3.1161324633056e-25 3.1161324633056e-25 2.6429263606997e-25 2.2182181939517e-25 1.8812647631931e-25 1.6114257693581e-25 1.3906286556269e-25 1.3702033211575e-25 1.3702033211575e-25
 1  26 3.5908881845522e-25 3.5908881845522e-25 3.3061382404942e-25 2.7748027034158e-25 2.3566112673020e-25 2.0209218628846e-25 1.7466122463882e-25 1.6177955746487e-25 1.6177955746487e-25
 1  27 4.1497357387382e-25 4.1497357387382e-25 4.1128165553358e-25 3.4570769139469e-25 2.9388063925732e-25 2.5205767460093e-25 2.1765394675814e-25 1.9062262943866e-25 1.9062262943866e-25
 1  28 4.7917457491097e-25 4.7917457491097e-25 4.7917457491097e-25 4.3312358697353e-25 3.6821857688227e-25 3.1591192196643e-25 2.7282843153921e-25 2.3719679239363e-25 2.2500080558369e-25
 1  29 5.5175599047093e-25 5.5175599047093e-25 5.5175599047093e-25 5.3627957489044e-25 4.5694777795688e-25 3.9234603557988e-25 3.3928806460752e-25 2.9551856101559e-25 2.6543522713547e-25
 1  30 6.1851102729635e-25 6.1851102729635e-25 6.1851102729635e-25 6.1851102729635e-25 5.5351209345357e-25 4.7700915172614e-25 4.1498989343380e-25 3.6650877017401e-25 3.2137759405206e-25
 1  31 6.7027908742916e-25 6.7027908742916e-25 6.7027908742916e-25 6.7027908742916e-25 6.4235913062590e-25 5.6301939577949e-25 5.0204468793327e-25 4.3993140728178e-25 3.8698200329151e-25
1.28534704 1.28576034 1.28617363  7780.0  7775.0  1
1.0000000000000 
 1   1 2.2731075553489e-29 1.8851273129561e-29 1.5778685121370e-29 1.3416286789438e-29 1.1608970807817e-29 1.1608169590867e-29 1.1608169590867e-29 1.1608169590867e-29 1.1608169590867e-29
 1   2 3.8114216794000e-29 3.1574486945121e-29 2.6456024182092e-29 2.2458645239692e-29 1.9236757035726e-29 1.8456552282826e-29 1.8456552282826e-29 1.8456552282826e-29 1.8456552282826e-29
 1   3 5.8507103556811e-29 4.8472168961468e-29 4.0644395221376e-29 3.4441004963160e-29 2.9471840891274e-29 2.6885828551103e-29 2.6885828551103e-29 2.6885828551103e-29 2.6885828551103e-29
 1   4 9.1812005455043e-29 7.6127773655750e-29 6.3870601784810e-29 5.4142651394806e-29 4.6309460976746e-29 4.0362640698309e-29 4.0362640698309e-29 4.0362640698309e-29 4.0362640698309e-29
 1   5 1.3912695232604e-28 1.2094679957825e-28 1.0140509861922e-28 8.5980084953381e-29 7.3556921995360e-29 6.3113765483446e-29 6.0905446060963e-29 6.0905446060963e-29 6.0905446060963e-29
 1   6 2.0940773507831e-28 1.9346398421901e-28 1.6213893830361e-28 1.3751198784529e-28 1.1754687118799e-28 1.0072493840377e-28 9.2641834501299e-29 9.2641834501299e-29 9.2641834501299e-29
 1   7 3.0967595725136e-28 3.0306219345171e-28 2.5410943575601e-28 2.1570634451668e-28 1.8455483692633e-28 1.5810324840164e-28 1.3909288744014e-28 1.3909288744014e-28 1.3909288744014e-28
 1   8 4.6110224727705e-28 4.6110224727705e-28 4.0224763373590e-28 3.4144113834436e-28 2.9202358153071e-28 2.5008855144049e-28 2.1622584004506e-28 2.0984239339263e-28 2.0984239339263e-28
 1   9 6.9064353362337e-28 6.9064353362337e-28 6.3923025597897e-28 5.4210912370567e-28 4.6389797533258e-28 3.9731561603782e-28 3.4299704899819e-28 3.1791708370577e-28 3.1791708370577e-28
 1  10 1.0327156066175e-27 1.0327156066175e-27 1.0086027711208e-27 8.5489362818376e-28 7.3103057344666e-28 6.2716493080461e-28 5.4069732075993e-28 4.8030660956926e-28 4.8030660956926e-28
 1  11 1.5461079592944e-27 1.5461079592944e-27 1.5461079592944e-27 1.3536742392621e-27 1.1568141544386e-27 9.9187992141368e-28 8.5528170306756e-28 7.4371055916276e-28 7.2514175375220e-28
 1  12 2.3870418694623e-27 2.3870418694623e-27 2.3870418694623e-27 2.1434571834440e-27 1.8302339521245e-27 1.5697463419493e-27 1.3543547666079e-27 1.1770591448280e-27 1.1246375465612e-27
 1  13 3.9919635885089e-27 3.9919635885089e-27 3.9870686449622e-27 3.3810085359707e-27 2.8902118674768e-27 2.4802940492185e-27 2.1378598532466e-27 1.8626747012938e-27 1.8626747012938e-27
 1  14 6.6874119384996e-27 6.6874119384996e-27 6.3413739424158e-27 5.3732112704882e-27 4.5934484583245e-27 3.9328525614697e-27 3.3908130601316e-27 3.0807159982979e-27 3.0807159982979e-27
 1  15 1.1207104213302e-26 1.1207104213302e-26 1.0042454316588e-26 8.5127374655679e-27 7.2755062025980e-27 6.2281076912704e-27 5.3782533550826e-27 5.1103457146107e-27 5.1103457146107e-27
 1  16 1.8853048403635e-26 1.8853048403635e-26 1.5829113442330e-26 1.3431940796174e-26 1.1475943233495e-26 9.8240307497353e-27 8.4891733275123e-27 8.4666599768344e-27 8.4666599768344e-27
 1  17 3.1735387341951e-26 3.0103551522304e-26 2.5156977645700e-26 2.1340091103972e-26 1.8237356333806e-26 1.5602870599903e-26 1.4049159743263e-26 1.4049159743263e-26 1.4049159743263e-26
 1  18 5.3320507579400e-26 4.7737064107298e-26 3.9869664936380e-26 3.3773042793528e-26 2.8867424972750e-26 2.4762198984956e-26 2.3369015159553e-26 2.3369015159553e-26 2.3369015159553e-26
 1  19 8.9837131564089e-26 7.5303873151493e-26 6.2875911931608e-26 5.3299664395170e-26 4.5562430355100e-26 3.9131793411622e-26 3.8860428341714e-26 3.8860428341714e-26 3.8860428341714e-26
 1  20 1.4424650754875e-25 1.1962389072170e-25 9.9893388635403e-26 8.4602903872480e-26 7.2428210144002e-26 6.4824651049512e-26 6.4824651049512e-26 6.4824651049512e-26 6.4824651049512e-26
 1  21 2.2818060528502e-25 1.8974594612797e-25 1.5883952217492e-25 1.3392150159077e-25 1.1468024734010e-25 1.0778433345545e-25 1.0778433345545e-25 1.0778433345545e-25 1.0778433345545e-25
 1  22 3.6130334823140e-25 3.0180067948622e-25 2.5249527053620e-25 2.1354242837203e-25 1.8193494126732e-25 1.7034610618346e-25 1.7034610618346e-25 1.7034610618346e-25 1.7034610618346e-25
 1  23 5.4273600696922e-25 4.7216135494452e-25 3.9824264758689e-25 3.3764900886170e-25 2.8727548224600e-25 2.4693106479312e-25 2.3774938945774e-25 2.3774938945774e-25 2.3774938945774e-25
 1  24 6.2722399599452e-25 5.9235999246544e-25 4.9936379345068e-25 4.2495246710964e-25 3.6157937559251e-25 3.1050257947981e-25 2.8170918109115e-25 2.8170918109115e-25 2.8170918109115e-25
 1  25 7.2626942694954e-25 7.2626942694954e-25 6.2214708442374e-25 5.3159531883523e-25 4.5311795686965e-25 3.8910130276529e-25 3.3745186759110e-25 3.3276576264316e-25 3.3276576264316e-25
 1  26 8.4222280950901e-25 8.4222280950901e-25 7.7832088536255e-25 6.6356543739147e-25 5.6851233287015e-25 4.8832762938664e-25 4.2242811221293e-25 3.9238104128255e-25 3.9238104128255e-25
 1  27 9.7445581596191e-25 9.7445581596191e-25 9.6619792139844e-25 8.1952156202424e-25 7.0330410827675e-25 6.0581376868495e-25 5.2644593066879e-25 4.6202173129927e-25 4.6202173129927e-25
 1  28 1.1207312367810e-24 1.1207312367810e-24 1.1207312367810e-24 1.0178750160081e-24 8.7539174816800e-25 7.5770272370563e-25 6.5898457141865e-25 5.7412483169177e-25 5.4562575237646e-25
 1  29 1.2955546462916e-24 1.2955546462916e-24 1.2955546462916e-24 1.2584969191927e-24 1.0813199431714e-24 9.3659887415842e-25 8.1372407532035e-25 7.1062981576928e-25 6.3904813349526e-25
 1  30 1.4557492219605e-24 1.4557492219605e-24 1.4557492219605e-24 1.4557492219605e-24 1.3093067598447e-24 1.1426899689388e-24 9.9554611087060e-25 8.7203504640867e-25 7.6675159923800e-25
 1  31 1.5957101070562e-24 1.5957101070562e-24 1.5957101070562e-24 1.5957101070562e-24 1.5237728950329e-24 1.3380674451577e-24 1.1801558329485e-24 1.0442993911427e-24 9.2708935316120e-25
1.28617363 1.28658746 1.28700129  7775.0  7770.0  1
1.0000000000000 
 1   1 1.9747157059012e-29 1.6874280462890e-29 1.4360329499928e-29 1.2593093173693e-29 1.1167103797896e-29 1.1166355995410e-29 1.1166355995410e-29 1.1166355995410e-29 1.1166355995410e-29
 1   2 3.3145717769797e-29 2.8012747337610e-29 2.4057138505511e-29 2.1086212514994e-29 1.8511651934828e-29 1.7804232287498e-29 1.7804232287498e-29 1.7804232287498e-29 1.7804232287498e-29
 1   3 5.0692353917968e-29 4.3049677091859e-29 3.6996042933147e-29 3.2354142507061e-29 2.8362622604663e-29 2.6049066157047e-29 2.6049066157047e-29 2.6049066157047e-29 2.6049066157047e-29
 1   4 7.9714288546436e-29 6.7767209452136e-29 5.8271116953312e-29 5.0941996568478e-29 4.4592864570986e-29 3.9220230212813e-29 3.9220230212813e-29 3.9220230212813e-29 3.9220230212813e-29
 1   5 1.2158433053809e-28 1.0755746978950e-28 9.2345361660485e-29 8.0762879160251e-29 7.0823485736478e-29 6.1367067394508e-29 5.9358388666354e-29 5.9358388666354e-29 5.9358388666354e-29
 1   6 1.8424722980303e-28 1.7207212662184e-28 1.4737701028056e-28 1.2901356918738e-28 1.1324766592138e-28 9.8028425833038e-29 9.0590767258776e-29 9.0590767258776e-29 9.0590767258776e-29
 1   7 2.7517325933540e-28 2.7014793033151e-28 2.3166977597260e-28 2.0245216686178e-28 1.7777392648164e-28 1.5389753499677e-28 1.3654247471129e-28 1.3654247471129e-28 1.3654247471129e-28
 1   8 4.1336783286417e-28 4.1336783286417e-28 3.6673107814897e-28 3.1990522118736e-28 2.8074343392056e-28 2.4349019508040e-28 2.1285563116125e-28 2.0720232862487e-28 2.0720232862487e-28
 1   9 6.2347961570778e-28 6.2347961570778e-28 5.8260550820155e-28 5.0732076223071e-28 4.4603988621974e-28 3.8629084673829e-28 3.3790929578997e-28 3.1578204591767e-28 3.1578204591767e-28
 1  10 9.3842823951614e-28 9.3842823951614e-28 9.1927178473129e-28 8.0062207790890e-28 7.0443073646450e-28 6.0975818337425e-28 5.3367176906405e-28 4.8019986490210e-28 4.8019986490210e-28
 1  11 1.4160409545757e-27 1.4160409545757e-27 1.4160409545757e-27 1.2678838824823e-27 1.1151596601189e-27 9.6464322754716e-28 8.4403918331369e-28 7.4713332185993e-28 7.3094371400617e-28
 1  12 2.1936927549274e-27 2.1936927549274e-27 2.1936927549274e-27 2.0085540723384e-27 1.7663470040093e-27 1.5275620243019e-27 1.3354189270982e-27 1.1819534142992e-27 1.1353838504649e-27
 1  13 3.6429280750595e-27 3.6429280750595e-27 3.6389918594392e-27 3.1728813757865e-27 2.7870476966688e-27 2.4121184403032e-27 2.1111063752031e-27 1.8689449514137e-27 1.8689449514137e-27
 1  14 6.0638370374079e-27 6.0638370374079e-27 5.7814487148701e-27 5.0370016800966e-27 4.4251279589749e-27 3.8294247308523e-27 3.3489248542131e-27 3.0750233345682e-27 3.0750233345682e-27
 1  15 1.0110790162875e-26 1.0110790162875e-26 9.1636447792444e-27 7.9835042428019e-27 7.0072064427893e-27 6.0657429376808e-27 5.3010043050133e-27 5.0646561081680e-27 5.0646561081680e-27
 1  16 1.6878472550341e-26 1.6878472550341e-26 1.4468778278058e-26 1.2630678442855e-26 1.1064723294001e-26 9.5862631425210e-27 8.3695075963478e-27 8.3499085628617e-27 8.3499085628617e-27
 1  17 2.8221480395354e-26 2.6924845749180e-26 2.2972623339887e-26 2.0023708742519e-26 1.7582087173991e-26 1.5219242303164e-26 1.3781464725457e-26 1.3781464725457e-26 1.3781464725457e-26
 1  18 4.7218693129419e-26 4.2681285380616e-26 3.6391891517027e-26 3.1711157602507e-26 2.7868921200479e-26 2.4111074426381e-26 2.2824953816959e-26 2.2824953816959e-26 2.2824953816959e-26
 1  19 7.9056502966556e-26 6.7365405624882e-26 5.7442201038591e-26 5.0149366859097e-26 4.4052199292886e-26 3.8100567319224e-26 3.7853126921457e-26 3.7853126921457e-26 3.7853126921457e-26
 1  20 1.2647391508838e-25 1.0688426781450e-25 9.1202908636011e-26 7.9487707895897e-26 6.9892755727839e-26 6.2833868110550e-26 6.2833868110550e-26 6.2833868110550e-26 6.2833868110550e-26
 1  21 2.0060962082471e-25 1.6943365296110e-25 1.4439567621555e-25 1.2581183892177e-25 1.1069297454656e-25 1.0470523677905e-25 1.0470523677905e-25 1.0470523677905e-25 1.0470523677905e-25
 1  22 3.1732191222690e-25 2.6795193994216e-25 2.2838812500690e-25 1.9882738682459e-25 1.7512503787324e-25 1.6597193409376e-25 1.6597193409376e-25 1.6597193409376e-25 1.6597193409376e-25
 1  23 4.7654466056438e-25 4.2186210451344e-25 3.6032180805008e-25 3.1296205056707e-25 2.7647513828882e-25 2.4146844954350e-25 2.3296174332015e-25 2.3296174332015e-25 2.3296174332015e-25
 1  24 5.5652544350390e-25 5.2928504106668e-25 4.5209657921261e-25 3.9415639740165e-25 3.4683423407116e-25 3.0570110362448e-25 2.7749972069328e-25 2.7749972069328e-25 2.7749972069328e-25
 1  25 6.4923178543979e-25 6.4923178543979e-25 5.6528564524877e-25 4.9328616251782e-25 4.3477013689795e-25 3.8416929508204e-25 3.3454281974359e-25 3.3039977157317e-25 3.3039977157317e-25
 1  26 7.5860434241649e-25 7.5860434241649e-25 7.1129743861413e-25 6.2030790452703e-25 5.4458115262653e-25 4.8188510098131e-25 4.2200922707226e-25 3.9499113549889e-25 3.9499113549889e-25
 1  27 8.9691207087765e-25 8.9691207087765e-25 8.9055040071511e-25 7.7715692109689e-25 6.8055631799857e-25 6.0015078276540e-25 5.2878219154341e-25 4.6833493581994e-25 4.6833493581994e-25
 1  28 1.0572479512562e-24 1.0572479512562e-24 1.0572479512562e-24 9.7366902581656e-25 8.5429760756239e-25 7.5228813036361e-25 6.6126975354966e-25 5.7995545055368e-25 5.5297083626497e-25
 1  29 1.2477304469506e-24 1.2477304469506e-24 1.2477304469506e-24 1.2156775492573e-24 1.0599210064336e-24 9.2698344858468e-25 8.2066393122261e-25 7.2076539650240e-25 6.5073900280683e-25
 1  30 1.4339470786924e-24 1.4339470786924e-24 1.4339470786924e-24 1.4339470786924e-24 1.2918656368759e-24 1.1322497892886e-24 1.0084080934998e-24 8.9498409482529e-25 7.8971179031491e-25
 1  31 1.6393227752394e-24 1.6393227752394e-24 1.6393227752394e-24 1.6393227752394e-24 1.5695952612193e-24 1.3839892078181e-24 1.2283051415900e-24 1.0990918946823e-24 9.7169332367944e-25
1.28700129 1.28741565 1.28783001  7770.0  7765.0  1
1.0000000000000 
 1   1 1.7482144578423e-29 1.5679025769912e-29 1.4153034738703e-29 1.2701294325381e-29 1.1358324567250e-29 1.1357697887701e-29 1.1357697887701e-29 1.1357697887701e-29 1.1357697887701e-29
 1   2 2.9165350205483e-29 2.6079733582146e-29 2.3633080329045e-29 2.1239590265573e-29 1.8852567113742e-29 1.8250172338324e-29 1.8250172338324e-29 1.8250172338324e-29 1.8250172338324e-29
 1   3 4.4837845869178e-29 4.0054281258619e-29 3.6222360763300e-29 3.2578143205921e-29 2.8931229346619e-29 2.6902235066817e-29 2.6902235066817e-29 2.6902235066817e-29 2.6902235066817e-29
 1   4 7.0797750497596e-29 6.3206432806426e-29 5.7030872235907e-29 5.1254550924328e-29 4.5540888539783e-29 4.0756129250806e-29 4.0756129250806e-29 4.0756129250806e-29 4.0756129250806e-29
 1   5 1.0901222097300e-28 1.0026774069056e-28 9.0392757586368e-29 8.1293719619704e-29 7.2196096007843e-29 6.3847695255534e-29 6.2044597511881e-29 6.2044597511881e-29 6.2044597511881e-29
 1   6 1.6789409845992e-28 1.6042706343548e-28 1.4458925076018e-28 1.3004438707893e-28 1.1528581739622e-28 1.0202978603375e-28 9.5301585884216e-29 9.5301585884216e-29 9.5301585884216e-29
 1   7 2.5576852810660e-28 2.5256214363869e-28 2.2757871558473e-28 2.0449078778204e-28 1.8100313321939e-28 1.6027929646049e-28 1.4498766548037e-28 1.4498766548037e-28 1.4498766548037e-28
 1   8 3.9129159606127e-28 3.9129159606127e-28 3.6004104752353e-28 3.2306904260350e-28 2.8570756650047e-28 2.5326440991879e-28 2.2638552976181e-28 2.2158098455192e-28 2.2158098455192e-28
 1   9 6.0033619704856e-28 6.0033619704856e-28 5.7157378148010e-28 5.1221527244313e-28 4.5380610242399e-28 4.0180688466813e-28 3.5910687520400e-28 3.3875379199646e-28 3.3875379199646e-28
 1  10 9.1754143297276e-28 9.1754143297276e-28 9.0354281117198e-28 8.0881719871176e-28 7.1680714747312e-28 6.3424662335837e-28 5.6722103536104e-28 5.1573274274531e-28 5.1573274274531e-28
 1  11 1.4029962458764e-27 1.4029962458764e-27 1.4029962458764e-27 1.2802792639009e-27 1.1345546413273e-27 1.0030399150694e-27 8.9674755254920e-28 8.0273992677224e-28 7.8653072258130e-28
 1  12 2.1884490254678e-27 2.1884490254678e-27 2.1884490254678e-27 2.0290806336857e-27 1.7976065803437e-27 1.5886211294798e-27 1.4194104653099e-27 1.2704944805220e-27 1.2240194798480e-27
 1  13 3.5849945615884e-27 3.5849945615884e-27 3.5820760073507e-27 3.2040750853168e-27 2.8400612295040e-27 2.5092209392042e-27 2.2449363581437e-27 2.0081573307699e-27 2.0081573307699e-27
 1  14 5.8767541285400e-27 5.8767541285400e-27 5.6792831387382e-27 5.0837909925375e-27 4.5026004169178e-27 3.9830919848130e-27 3.5562496719825e-27 3.3003051379531e-27 3.3003051379531e-27
 1  15 9.6259249734237e-27 9.6259249734237e-27 8.9884483248074e-27 8.0621623032186e-27 7.1323448964838e-27 6.3086354444771e-27 5.6310813492760e-27 5.4179641046060e-27 5.4179641046060e-27
 1  16 1.5761112707853e-26 1.5761112707853e-26 1.4220911094216e-26 1.2755234495334e-26 1.1268522119228e-26 9.9770397208410e-27 8.9054746405713e-27 8.8895356443516e-27 8.8895356443516e-27
 1  17 2.5816117154331e-26 2.5029997232607e-26 2.2551362372035e-26 2.0213358916003e-26 1.7880801989854e-26 1.5826714503991e-26 1.4542863410415e-26 1.4542863410415e-26 1.4542863410415e-26
 1  18 4.2296398296066e-26 3.9650303056458e-26 3.5745644953816e-26 3.1988534655330e-26 2.8334068719159e-26 2.5077623169016e-26 2.3931930585930e-26 2.3931930585930e-26 2.3931930585930e-26
 1  19 6.9741232804278e-26 6.2845774979838e-26 5.6572605150101e-26 5.0586247889170e-26 4.4789873602417e-26 3.9627084045048e-26 3.9407725246614e-26 3.9407725246614e-26 3.9407725246614e-26
 1  20 1.1141069005890e-25 9.9769075250096e-26 8.9867872487489e-26 8.0166380956396e-26 7.0996766564696e-26 6.4984407708771e-26 6.4984407708771e-26 6.4984407708771e-26 6.4984407708771e-26
 1  21 1.7681838943605e-25 1.5818018236957e-25 1.4255521441986e-25 1.2693375936637e-25 1.1233281915329e-25 1.0694547849036e-25 1.0694547849036e-25 1.0694547849036e-25 1.0694547849036e-25
 1  22 2.8096062604781e-25 2.5188451963223e-25 2.2685625573658e-25 2.0097575089234e-25 1.7799360729556e-25 1.6930444001002e-25 1.6930444001002e-25 1.6930444001002e-25 1.6930444001002e-25
 1  23 4.3167780214949e-25 3.9980114091277e-25 3.5719118889580e-25 3.1619226341062e-25 2.8060154642451e-25 2.4928655415231e-25 2.4188070332219e-25 2.4188070332219e-25 2.4188070332219e-25
 1  24 5.2094490775384e-25 5.0396679683264e-25 4.4946015676356e-25 3.9757312654549e-25 3.5213434397430e-25 3.1264971095241e-25 2.8811830616752e-25 2.8811830616752e-25 2.8811830616752e-25
 1  25 6.2595609930460e-25 6.2595609930460e-25 5.6154289468394e-25 4.9744538233680e-25 4.4161399828881e-25 3.9241121521217e-25 3.4954337963491e-25 3.4555477563860e-25 3.4555477563860e-25
 1  26 7.4250245874576e-25 7.4250245874576e-25 7.0179679230210e-25 6.2199000249599e-25 5.5233688792002e-25 4.9157482739156e-25 4.3826750241744e-25 4.1466932008344e-25 4.1466932008344e-25
 1  27 8.7492967289276e-25 8.7492967289276e-25 8.6950428201711e-25 7.7260923658591e-25 6.8667245520436e-25 6.1188272214785e-25 5.4621458773840e-25 4.9609416221377e-25 4.9609416221377e-25
 1  28 1.0370448290430e-24 1.0370448290430e-24 1.0370448290430e-24 9.6340811480713e-25 8.5518823152438e-25 7.6063176424671e-25 6.7974729183646e-25 6.1396467398814e-25 5.9178565242263e-25
 1  29 1.2304594221146e-24 1.2304594221146e-24 1.2304594221146e-24 1.2020386372441e-24 1.0672593850044e-24 9.4892985479077e-25 8.4583322865698e-25 7.5948895131408e-25 7.0292476478895e-25
 1  30 1.4354346731445e-24 1.4354346731445e-24 1.4354346731445e-24 1.4354346731445e-24 1.3220189575095e-24 1.1790638522404e-24 1.0561768753621e-24 9.4610030933135e-25 8.4866060474890e-25
 1  31 1.6533754447974e-24 1.6533754447974e-24 1.6533754447974e-24 1.6533754447974e-24 1.6016556530912e-24 1.4503360584289e-24 1.2992319214013e-24 1.1651899582851e-24 1.0453064706958e-24
1.28783001 1.28824490 1.28865979  7765.0  7760.0  1
1.0000000000000 
 1   1 9.5114472762322e-30 9.1544332790061e-30 8.2880567027890e-30 7.7007706973216e-30 7.2033518932514e-30 7.2030645083925e-30 7.2030645083925e-30 7.2030645083925e-30 7.2030645083925e-30
 1   2 1.5933397481215e-29 1.5511843013677e-29 1.3917571747408e-29 1.2866558674835e-29 1.1965534919845e-29 1.1727432050357e-29 1.1727432050357e-29 1.1727432050357e-29 1.1727432050357e-29
 1   3 2.4514972678376e-29 2.3810186138392e-29 2.1514805654626e-29 1.9730777626688e-29 1.8338531897687e-29 1.7579471749090e-29 1.7579471749090e-29 1.7579471749090e-29 1.7579471749090e-29
 1   4 3.8600502067895e-29 3.7462789045904e-29 3.4129374451831e-29 3.1123232531354e-29 2.8918445986613e-29 2.7072652783506e-29 2.7072652783506e-29 2.7072652783506e-29 2.7072652783506e-29
 1   5 6.0245411813428e-29 5.9070943622154e-29 5.4072156340311e-29 4.9317643179257e-29 4.5874516782196e-29 4.2551733923269e-29 4.1845188467577e-29 4.1845188467577e-29 4.1845188467577e-29
 1   6 9.5796796639697e-29 9.4054955505338e-29 8.5995107206948e-29 7.8728507322933e-29 7.3352213697865e-29 6.7933441280461e-29 6.5097527492944e-29 6.5097527492944e-29 6.5097527492944e-29
 1   7 1.4918005385743e-28 1.4779275837024e-28 1.3650472648438e-28 1.2374362300643e-28 1.1543510104103e-28 1.0674783291501e-28 9.9710346472003e-29 9.9710346472003e-29 9.9710346472003e-29
 1   8 2.2831834490575e-28 2.2831834490575e-28 2.1468658868525e-28 1.9515251922363e-28 1.8130044865455e-28 1.6868974826820e-28 1.5596108467275e-28 1.5338413022185e-28 1.5338413022185e-28
 1   9 3.5045545344907e-28 3.5045545344907e-28 3.3789959391788e-28 3.0943374748673e-28 2.8767774468533e-28 2.6740694683466e-28 2.4727975113547e-28 2.3567852692947e-28 2.3567852692947e-28
 1  10 5.3647727121404e-28 5.3647727121404e-28 5.3026503973367e-28 4.8852137485756e-28 4.5505588651315e-28 4.2235855532706e-28 3.9074552269966e-28 3.6089765301454e-28 3.6089765301454e-28
 1  11 8.2257922001887e-28 8.2257922001887e-28 8.2257922001887e-28 7.7385535909706e-28 7.2030800662953e-28 6.6800287897613e-28 6.1833121978044e-28 5.6325337893436e-28 5.5327109143961e-28
 1  12 1.2888407928757e-27 1.2888407928757e-27 1.2888407928757e-27 1.2271737679109e-27 1.1404037868649e-27 1.0579593481776e-27 9.7879890893490e-28 8.9145394150406e-28 8.6286736333952e-28
 1  13 2.0987650161195e-27 2.0987650161195e-27 2.0974445985496e-27 1.9391878535314e-27 1.8068169551167e-27 1.6733367210541e-27 1.5480061558476e-27 1.4103825723991e-27 1.4103825723991e-27
 1  14 3.4269935800668e-27 3.4269935800668e-27 3.3396853978979e-27 3.0747579414219e-27 2.8615652002980e-27 2.6527187052796e-27 2.4522823611424e-27 2.3056790330317e-27 2.3056790330317e-27
 1  15 5.5932179517554e-27 5.5932179517554e-27 5.3157927506842e-27 4.8770035092226e-27 4.5303099265857e-27 4.2041371275062e-27 3.8852065953896e-27 3.7706615267611e-27 3.7706615267611e-27
 1  16 9.1208406010444e-27 9.1208406010444e-27 8.4510121812223e-27 7.7437675648125e-27 7.1710999995688e-27 6.6610675279764e-27 6.1489481186962e-27 6.1402648709490e-27 6.1402648709490e-27
 1  17 1.4893920379934e-26 1.4540975999070e-26 1.3372808583905e-26 1.2273864483546e-26 1.1386470691255e-26 1.0549929153214e-26 9.9870638010156e-27 9.9870638010156e-27 9.9870638010156e-27
 1  18 2.3955297508760e-26 2.3123881255487e-26 2.1164475567179e-26 1.9445732543977e-26 1.8073914215005e-26 1.6693236608289e-26 1.6236715715016e-26 1.6236715715016e-26 1.6236715715016e-26
 1  19 3.8169253684760e-26 3.6729040190860e-26 3.3556167674351e-26 3.0813412321950e-26 2.8633561610719e-26 2.6420409259634e-26 2.6339569505776e-26 2.6339569505776e-26 2.6339569505776e-26
 1  20 6.0358151419030e-26 5.8310077456826e-26 5.3200366528725e-26 4.8835571406746e-26 4.5345237842668e-26 4.2646717249230e-26 4.2646717249230e-26 4.2646717249230e-26 4.2646717249230e-26
 1  21 9.5670653187610e-26 9.2462848924141e-26 8.4360587989109e-26 7.7425175592414e-26 7.1736810538430e-26 6.9108849855179e-26 6.9108849855179e-26 6.9108849855179e-26 6.9108849855179e-26
 1  22 1.5168954577498e-25 1.4669280219370e-25 1.3385365955292e-25 1.2296092026221e-25 1.1364985941241e-25 1.0946619723133e-25 1.0946619723133e-25 1.0946619723133e-25 1.0946619723133e-25
 1  23 2.3783722418916e-25 2.3054521584842e-25 2.1277479275554e-25 1.9619686850637e-25 1.7924851243244e-25 1.6529544888968e-25 1.6224455399064e-25 1.6224455399064e-25 1.6224455399064e-25
 1  24 2.9332037545129e-25 2.9002732490625e-25 2.6684191404090e-25 2.4549743335740e-25 2.2595128436687e-25 2.0670554346980e-25 1.9659687028912e-25 1.9659687028912e-25 1.9659687028912e-25
 1  25 3.6237289570746e-25 3.6237289570746e-25 3.3649209504039e-25 3.0897211536798e-25 2.8201710801512e-25 2.6026483554743e-25 2.4173350680766e-25 2.3998376401607e-25 2.3998376401607e-25
 1  26 4.3882803739441e-25 4.3882803739441e-25 4.2183957267383e-25 3.8722504640602e-25 3.5409020132928e-25 3.2591753786541e-25 3.0268040730697e-25 2.9080085232763e-25 2.9080085232763e-25
 1  27 5.2851506351938e-25 5.2851506351938e-25 5.2613669719394e-25 4.8432909067330e-25 4.4205822558606e-25 4.0720077946326e-25 3.7842076705808e-25 3.5188262338983e-25 3.5188262338983e-25
 1  28 6.4206074398850e-25 6.4206074398850e-25 6.4206074398850e-25 6.0852473848955e-25 5.5428552226733e-25 5.0937729795872e-25 4.7119504963943e-25 4.3706054523246e-25 4.2457963172431e-25
 1  29 7.7614643958111e-25 7.7614643958111e-25 7.7614643958111e-25 7.6146519579308e-25 6.9367936428357e-25 6.3873145514562e-25 5.8548950701903e-25 5.4236711588841e-25 5.0965581516207e-25
 1  30 9.3212701890194e-25 9.3212701890194e-25 9.3212701890194e-25 9.3212701890194e-25 8.6839386168539e-25 7.9808116078504e-25 7.3122938989112e-25 6.6909426765332e-25 6.1952353026820e-25
 1  31 1.1020941020723e-24 1.1020941020723e-24 1.1020941020723e-24 1.1020941020723e-24 1.0705905473919e-24 9.8670268430024e-25 9.0678703168921e-25 8.3386295467354e-25 7.6586960344215e-25
1.28865979 1.28907522 1.28949065  7760.0  7755.0  1
1.0000000000000 
 1   1 5.5075972844501e-30 5.5231047820843e-30 5.4678441343753e-30 5.1782406944683e-30 4.9162893955910e-30 4.9161742911841e-30 4.9161742911841e-30 4.9161742911841e-30 4.9161742911841e-30
 1   2 9.2103454327041e-30 9.1178293253170e-30 9.1024813187562e-30 8.6393869497300e-30 8.2136322998170e-30 8.0984142932104e-30 8.0984142932104e-30 8.0984142932104e-30 8.0984142932104e-30
 1   3 1.4214693084946e-29 1.4003507343380e-29 1.3873585313038e-29 1.3247590372637e-29 1.2579294938884e-29 1.2224112832054e-29 1.2224112832054e-29 1.2224112832054e-29 1.2224112832054e-29
 1   4 2.2650317398876e-29 2.2173085500352e-29 2.1824657690022e-29 2.0843081915108e-29 1.9871590189012e-29 1.8950425419776e-29 1.8950425419776e-29 1.8950425419776e-29 1.8950425419776e-29
 1   5 3.6142774717614e-29 3.5287646775979e-29 3.4503588658556e-29 3.2985615815373e-29 3.1515075015602e-29 2.9863593097556e-29 2.9488704815349e-29 2.9488704815349e-29 2.9488704815349e-29
 1   6 5.7740126030583e-29 5.6734676247522e-29 5.4960070229984e-29 5.2680485381028e-29 5.0383088689351e-29 4.7754248482042e-29 4.6245676584400e-29 4.6245676584400e-29 4.6245676584400e-29
 1   7 9.0395429814166e-29 9.0046661956831e-29 8.7157797132905e-29 8.2861270112627e-29 7.9397310570246e-29 7.5195292543457e-29 7.1341127557281e-29 7.1341127557281e-29 7.1341127557281e-29
 1   8 1.4168003728269e-28 1.4168003728269e-28 1.3785328670556e-28 1.3103762526243e-28 1.2553045266058e-28 1.1897128897486e-28 1.1192447982722e-28 1.1052092226906e-28 1.1052092226906e-28
 1   9 2.2200822803596e-28 2.2200822803596e-28 2.1937769662142e-28 2.0807966193691e-28 1.9893460026310e-28 1.8889981914030e-28 1.7773206157947e-28 1.7184877893360e-28 1.7184877893360e-28
 1  10 3.4963062580214e-28 3.4963062580214e-28 3.4713953171557e-28 3.2945167073570e-28 3.1453401923958e-28 2.9900979610748e-28 2.8122814233931e-28 2.6601734023154e-28 2.6601734023154e-28
 1  11 5.4204133097162e-28 5.4204133097162e-28 5.4204133097162e-28 5.2007263328199e-28 4.9759077155867e-28 4.7304980183531e-28 4.4522261784784e-28 4.1673161395679e-28 4.1179829625600e-28
 1  12 8.4975649894660e-28 8.4975649894660e-28 8.4975649894660e-28 8.2333428085357e-28 7.8695177901539e-28 7.4881027721076e-28 7.0507491188265e-28 6.5956557248277e-28 6.4508700893985e-28
 1  13 1.3720118849311e-27 1.3720118849311e-27 1.3714868764282e-27 1.3056271019745e-27 1.2505959649295e-27 1.1870468249266e-27 1.1156008906691e-27 1.0445061497371e-27 1.0445061497371e-27
 1  14 2.2060108102587e-27 2.2060108102587e-27 2.1768449123669e-27 2.0634455794624e-27 1.9778462749331e-27 1.8776518880993e-27 1.7652132090511e-27 1.6891410947707e-27 1.6891410947707e-27
 1  15 3.4943256316666e-27 3.4943256316666e-27 3.4319031606811e-27 3.2711958624016e-27 3.1346807479326e-27 2.9709100654836e-27 2.7929042570367e-27 2.7314023805646e-27 2.7314023805646e-27
 1  16 5.5660107246170e-27 5.5660107246170e-27 5.4089522932102e-27 5.1974304889060e-27 4.9727376348982e-27 4.7041100818131e-27 4.4219189745016e-27 4.4171357348917e-27 4.4171357348917e-27
 1  17 8.8169373299119e-27 8.7508625253799e-27 8.5791296633548e-27 8.2300379127511e-27 7.8656727673164e-27 7.4446775777970e-27 7.1382883162922e-27 7.1382883162922e-27 7.1382883162922e-27
 1  18 1.3906152511545e-26 1.3802674606749e-26 1.3498279067922e-26 1.3042409909342e-26 1.2453717836589e-26 1.1789415294963e-26 1.1534919830624e-26 1.1534919830624e-26 1.1534919830624e-26
 1  19 2.1984747619421e-26 2.1980020616965e-26 2.1407142740172e-26 2.0677423291683e-26 1.9728730230749e-26 1.8684073473290e-26 1.8640025144346e-26 1.8640025144346e-26 1.8640025144346e-26
 1  20 3.4743763870794e-26 3.4798691392808e-26 3.3986522113028e-26 3.2698675870376e-26 3.1279780109843e-26 3.0031457031138e-26 3.0031457031138e-26 3.0031457031138e-26 3.0031457031138e-26
 1  21 5.4933013225381e-26 5.5144187591924e-26 5.3900351159616e-26 5.1741614803552e-26 4.9546470667818e-26 4.8455972155451e-26 4.8455972155451e-26 4.8455972155451e-26 4.8455972155451e-26
 1  22 8.6585120275050e-26 8.7352478557627e-26 8.5486668442384e-26 8.1660988874902e-26 7.8548840159168e-26 7.6786715949154e-26 7.6786715949154e-26 7.6786715949154e-26 7.6786715949154e-26
 1  23 1.3728900088373e-25 1.3864798635630e-25 1.3537651855259e-25 1.2902845624066e-25 1.2458294154286e-25 1.1715553262331e-25 1.1532309502215e-25 1.1532309502215e-25 1.1532309502215e-25
 1  24 1.7413113476242e-25 1.7486407282503e-25 1.7132083011352e-25 1.6248567425670e-25 1.5733210759265e-25 1.4797306181311e-25 1.4199014349269e-25 1.4199014349269e-25 1.4199014349269e-25
 1  25 2.2153053250591e-25 2.2153053250591e-25 2.1537004652611e-25 2.0373355931319e-25 1.9634474294824e-25 1.8608719692361e-25 1.7414216648914e-25 1.7301087832129e-25 1.7301087832129e-25
 1  26 2.7712787138408e-25 2.7712787138408e-25 2.7084003367189e-25 2.5681623149264e-25 2.4609366429033e-25 2.3454533228357e-25 2.1930204975247e-25 2.1191520553979e-25 2.1191520553979e-25
 1  27 3.4217295358982e-25 3.4217295358982e-25 3.4119239948463e-25 3.2346353950069e-25 3.0781907189548e-25 2.9520501345767e-25 2.7628793173525e-25 2.6012895425650e-25 2.6012895425650e-25
 1  28 4.2108877430729e-25 4.2108877430729e-25 4.2108877430729e-25 4.0645429517979e-25 3.8346134172341e-25 3.6734984381040e-25 3.4743120456118e-25 3.2630400575326e-25 3.1905400425573e-25
 1  29 5.1580784553904e-25 5.1580784553904e-25 5.1580784553904e-25 5.0962638078954e-25 4.8106286139904e-25 4.5703134790903e-25 4.3420417850226e-25 4.0930558361790e-25 3.8707765267626e-25
 1  30 6.2948635046308e-25 6.2948635046308e-25 6.2948635046308e-25 6.2948635046308e-25 6.0081076352023e-25 5.7092126755566e-25 5.4167360854511e-25 5.0860317889166e-25 4.7367054446383e-25
 1  31 7.6159772442515e-25 7.6159772442515e-25 7.6159772442515e-25 7.6159772442515e-25 7.4604671218531e-25 7.1077920630320e-25 6.7289638000126e-25 6.3271229852737e-25 5.9032842911546e-25
1.28949065 1.28990662 1.29032258  7755.0  7750.0  1
1.0000000000000 
 1   1 2.9894435060056e-30 3.3186989094336e-30 3.4068888214515e-30 3.3954287859660e-30 3.4278212725346e-30 3.4278306764894e-30 3.4278306764894e-30 3.4278306764894e-30 3.4278306764894e-30
 1   2 4.9709816682714e-30 5.5144836124758e-30 5.6557904466650e-30 5.6567026302812e-30 5.7146471666920e-30 5.7192806833043e-30 5.7192806833043e-30 5.7192806833043e-30 5.7192806833043e-30
 1   3 7.6866549849987e-30 8.4765608576779e-30 8.6121011867796e-30 8.6662499108723e-30 8.7456140232251e-30 8.7404072415278e-30 8.7404072415278e-30 8.7404072415278e-30 8.7404072415278e-30
 1   4 1.2291596364063e-29 1.3444895876909e-29 1.3529257627004e-29 1.3685721379392e-29 1.3793577970176e-29 1.3606699570994e-29 1.3606699570994e-29 1.3606699570994e-29 1.3606699570994e-29
 1   5 1.9999502029975e-29 2.1330077375671e-29 2.1440827375270e-29 2.1658749357743e-29 2.1809668538377e-29 2.1474905802856e-29 2.1350295126189e-29 2.1350295126189e-29 2.1350295126189e-29
 1   6 3.2735654182716e-29 3.4000848720698e-29 3.4413238470040e-29 3.4572503848644e-29 3.4786248970551e-29 3.4387539342345e-29 3.3809998091006e-29 3.3809998091006e-29 3.3809998091006e-29
 1   7 5.2983187401506e-29 5.3602265545067e-29 5.3865473964623e-29 5.4457769644895e-29 5.4752394796668e-29 5.4253410422202e-29 5.2679823342609e-29 5.2679823342609e-29 5.2679823342609e-29
 1   8 8.5921524646010e-29 8.5921524646010e-29 8.5590571640660e-29 8.6079577290602e-29 8.6814981602804e-29 8.5591570716819e-29 8.2870303927773e-29 8.2395056639871e-29 8.2395056639871e-29
 1   9 1.3727246234552e-28 1.3727246234552e-28 1.3649538572415e-28 1.3683861051436e-28 1.3729854665921e-28 1.3519313208107e-28 1.3140762047888e-28 1.2921248163945e-28 1.2921248163945e-28
 1  10 2.1772869132891e-28 2.1772869132891e-28 2.1716174570153e-28 2.1716721052775e-28 2.1700812871434e-28 2.1331157100146e-28 2.0777724278739e-28 2.0179843401628e-28 2.0179843401628e-28
 1  11 3.4421816080530e-28 3.4421816080530e-28 3.4421816080530e-28 3.4356139462014e-28 3.4363397810492e-28 3.3688821588171e-28 3.2811615868988e-28 3.1692012607005e-28 3.1481643279180e-28
 1  12 5.4457662515042e-28 5.4457662515042e-28 5.4457662515042e-28 5.4415287241440e-28 5.4467860314097e-28 5.3320405697706e-28 5.1898327915719e-28 5.0178337660285e-28 4.9550508572540e-28
 1  13 8.6388704694857e-28 8.6388704694857e-28 8.6376446150761e-28 8.6423092174014e-28 8.6269460742350e-28 8.4634192145170e-28 8.2442281645813e-28 7.9497515501546e-28 7.9497515501546e-28
 1  14 1.3658310942570e-27 1.3658310942570e-27 1.3603325642658e-27 1.3632516962825e-27 1.3652646782604e-27 1.3424077416804e-27 1.3041066765799e-27 1.2743536589445e-27 1.2743536589445e-27
 1  15 2.1517974230681e-27 2.1517974230681e-27 2.1450738090393e-27 2.1476641848145e-27 2.1646978796146e-27 2.1316408328632e-27 2.0640903808077e-27 2.0417794453670e-27 2.0417794453670e-27
 1  16 3.3684214282261e-27 3.3684214282261e-27 3.3912575647627e-27 3.4071611238715e-27 3.4389659309731e-27 3.3891486714736e-27 3.2718649304643e-27 3.2703299642986e-27 3.2703299642986e-27
 1  17 5.1990528922912e-27 5.2837837950085e-27 5.3243870204681e-27 5.3812697465615e-27 5.4398326539385e-27 5.3490974720265e-27 5.2278224338005e-27 5.2278224338005e-27 5.2278224338005e-27
 1  18 7.9325294994059e-27 8.2851911537545e-27 8.3821547931066e-27 8.5123083683763e-27 8.6193507843134e-27 8.4542138471618e-27 8.3475142467549e-27 8.3475142467549e-27 8.3475142467549e-27
 1  19 1.2014445571897e-26 1.3111906706199e-26 1.3296983951623e-26 1.3501052407042e-26 1.3692987503812e-26 1.3392499291657e-26 1.3370115363471e-26 1.3370115363471e-26 1.3370115363471e-26
 1  20 1.8804590465490e-26 2.0682102531076e-26 2.1060994580895e-26 2.1453898156246e-26 2.1650356877269e-26 2.1477456131325e-26 2.1477456131325e-26 2.1477456131325e-26 2.1477456131325e-26
 1  21 2.9700637733474e-26 3.2691918167387e-26 3.3344398580642e-26 3.4015706885033e-26 3.4203514328746e-26 3.4261168967561e-26 3.4261168967561e-26 3.4261168967561e-26 3.4261168967561e-26
 1  22 4.6704565360392e-26 5.1566765016505e-26 5.2723228940583e-26 5.3856267393561e-26 5.3981696277491e-26 5.4125139539749e-26 5.4125139539749e-26 5.4125139539749e-26 5.4125139539749e-26
 1  23 7.6629523087837e-26 8.1306833469288e-26 8.4387896134976e-26 8.5566207808343e-26 8.5343083431682e-26 8.3773373489809e-26 8.2965561433935e-26 8.2965561433935e-26 8.2965561433935e-26
 1  24 1.0104455240027e-25 1.0212020122240e-25 1.0533171559731e-25 1.0799012754410e-25 1.0636297866756e-25 1.0532888062843e-25 1.0257761728791e-25 1.0257761728791e-25 1.0257761728791e-25
 1  25 1.2890511044256e-25 1.2890511044256e-25 1.3345898258127e-25 1.3535414695036e-25 1.3435575719314e-25 1.3192733517808e-25 1.2764103479766e-25 1.2731257283824e-25 1.2731257283824e-25
 1  26 1.6526510239673e-25 1.6526510239673e-25 1.6769582936475e-25 1.7093028233568e-25 1.6807972112871e-25 1.6561755065805e-25 1.5977439630331e-25 1.5719080288301e-25 1.5719080288301e-25
 1  27 2.1128939232291e-25 2.1128939232291e-25 2.1161593143387e-25 2.1562484859849e-25 2.1141743430859e-25 2.0772102932195e-25 2.0027181579395e-25 1.9379084274545e-25 1.9379084274545e-25
 1  28 2.6943302629171e-25 2.6943302629171e-25 2.6943302629171e-25 2.7082378806762e-25 2.6540335222452e-25 2.5931063432685e-25 2.5071513194786e-25 2.4133291337922e-25 2.3800685393568e-25
 1  29 3.4063208637479e-25 3.4063208637479e-25 3.4063208637479e-25 3.3970931633091e-25 3.3381603233084e-25 3.2356907429867e-25 3.1498796863119e-25 3.0163632524700e-25 2.9084665556394e-25
 1  30 4.2082514685352e-25 4.2082514685352e-25 4.2082514685352e-25 4.2082514685352e-25 4.1684583662475e-25 4.0443752297178e-25 3.9363392496336e-25 3.7806602616976e-25 3.5991976015935e-25
 1  31 5.1951987983237e-25 5.1951987983237e-25 5.1951987983237e-25 5.1951987983237e-25 5.1747475793558e-25 5.0504255658833e-25 4.8380859038727e-25 4.7242158043563e-25 4.4977831422740e-25
