-----------------------------------------------------------------------------------------------
Content :
Spectral range definition: line 1 (3 values)  ==> max, min and step of the wavenumber (in cm-1)
Temperatures definition :  line 2 (1 value)   ==> NT = number of T values
Temperatures definition :  line 3 (NT values) ==> list of T values (in K)
Pressures definition :     line 4 (1 value)   ==> NP = number of P values
Pressures definition :     line 5 (NP values) ==> list of P values (in mbar)
For each spectral range: 
    First line of the block (6 values): 
    --> min, mean and max wavelengths (in microns), min and max wavenumbers (in cm-1)
        of the spectral range, nmaxai (number of exponentials for the CKD expansion) 
    If nmaxai not null, second line of the block (nmaxnai values): 
    --> coefs kdis_ai for nai = 1 to nmaxai 
    If nmaxai not null, following lines of the block : 
    --> for nai = 1 to nmaxai 
    -->     for pressure index ip = 1 to NP 
    -->         line : nai, ip, kdis_ki(T,P,nai) for temperature index it = 1 to IT 
-----------------------------------------------------------------------------------------------
25250 25000  5
9
  160.00  180.00  200.00  220.00  240.00  260.00  280.00  300.00  320.00
31
    0.007    0.011    0.017    0.028    0.044    0.069    0.110    0.174    0.276    0.438    0.694    1.100    1.743    2.763    4.379    6.941   11.000   17.434   27.631   43.792   69.405  110.000  174.338  219.479  276.308  347.851  437.918  551.306  694.053  873.761 1098.900
0.39603960 0.39607882 0.39611804 25250.0 25245.0  0
0.39611804 0.39615728 0.39619651 25245.0 25240.0  0
0.39619651 0.39623576 0.39627501 25240.0 25235.0  0
0.39627501 0.39631428 0.39635355 25235.0 25230.0  0
0.39635355 0.39639283 0.39643211 25230.0 25225.0  0
0.39643211 0.39647141 0.39651071 25225.0 25220.0  0
0.39651071 0.39655002 0.39658933 25220.0 25215.0  0
0.39658933 0.39662866 0.39666799 25215.0 25210.0  0
0.39666799 0.39670734 0.39674668 25210.0 25205.0  0
0.39674668 0.39678604 0.39682540 25205.0 25200.0  0
0.39682540 0.39686478 0.39690415 25200.0 25195.0  0
0.39690415 0.39694354 0.39698293 25195.0 25190.0  0
0.39698293 0.39702234 0.39706174 25190.0 25185.0  0
0.39706174 0.39710116 0.39714059 25185.0 25180.0  0
0.39714059 0.39718003 0.39721946 25180.0 25175.0  0
0.39721946 0.39725892 0.39729837 25175.0 25170.0  0
0.39729837 0.39733784 0.39737731 25170.0 25165.0  0
0.39737731 0.39741680 0.39745628 25165.0 25160.0  0
0.39745628 0.39749578 0.39753528 25160.0 25155.0  0
0.39753528 0.39757480 0.39761431 25155.0 25150.0  0
0.39761431 0.39765384 0.39769338 25150.0 25145.0  0
0.39769338 0.39773292 0.39777247 25145.0 25140.0  0
0.39777247 0.39781204 0.39785160 25140.0 25135.0  0
0.39785160 0.39789118 0.39793076 25135.0 25130.0  0
0.39793076 0.39797036 0.39800995 25130.0 25125.0  0
0.39800995 0.39804956 0.39808917 25125.0 25120.0  0
0.39808917 0.39812880 0.39816843 25120.0 25115.0  0
0.39816843 0.39820807 0.39824771 25115.0 25110.0  0
0.39824771 0.39828737 0.39832703 25110.0 25105.0  0
0.39832703 0.39836670 0.39840637 25105.0 25100.0  0
0.39840637 0.39844606 0.39848575 25100.0 25095.0  0
0.39848575 0.39852546 0.39856517 25095.0 25090.0  0
0.39856517 0.39860489 0.39864461 25090.0 25085.0  0
0.39864461 0.39868434 0.39872408 25085.0 25080.0  0
0.39872408 0.39876384 0.39880359 25080.0 25075.0  0
0.39880359 0.39884336 0.39888313 25075.0 25070.0  0
0.39888313 0.39892292 0.39896270 25070.0 25065.0  0
0.39896270 0.39900250 0.39904230 25065.0 25060.0  0
0.39904230 0.39908212 0.39912193 25060.0 25055.0  0
0.39912193 0.39916176 0.39920160 25055.0 25050.0  0
0.39920160 0.39924144 0.39928129 25050.0 25045.0  0
0.39928129 0.39932116 0.39936102 25045.0 25040.0  0
0.39936102 0.39940090 0.39944078 25040.0 25035.0  0
0.39944078 0.39948068 0.39952058 25035.0 25030.0  0
0.39952058 0.39956049 0.39960040 25030.0 25025.0  0
0.39960040 0.39964033 0.39968026 25025.0 25020.0  0
0.39968026 0.39972020 0.39976014 25020.0 25015.0  1
1.0000000000000 
 1   1 1.3413710498773e-36 1.1946768488147e-36 1.0774515284621e-36 9.8152863526023e-37 9.0693677811864e-37 9.0690350568790e-37 9.0690350568790e-37 9.0690350568790e-37 9.0690350568790e-37
 1   2 2.2473101931725e-36 2.0004443619642e-36 1.8033592887582e-36 1.6423583908942e-36 1.5083951545358e-36 1.4767046440300e-36 1.4767046440300e-36 1.4767046440300e-36 1.4767046440300e-36
 1   3 3.4487726448293e-36 3.0691684690658e-36 2.7662655866793e-36 2.5188668584806e-36 2.3130303288429e-36 2.2066525383754e-36 2.2066525383754e-36 2.2066525383754e-36 2.2066525383754e-36
 1   4 5.4241330019757e-36 4.8292057974411e-36 4.3538961203143e-36 3.9652816626875e-36 3.6416939109887e-36 3.3925524607575e-36 3.3925524607575e-36 3.3925524607575e-36 3.3925524607575e-36
 1   5 8.3546309480401e-36 7.6611151097882e-36 6.9045829020165e-36 6.2865515368176e-36 5.7721299828349e-36 5.3374040616294e-36 5.2441565947180e-36 5.2441565947180e-36 5.2441565947180e-36
 1   6 1.2846702540634e-35 1.2247395572144e-35 1.1035405221177e-35 1.0045734257112e-35 9.2220179267171e-36 8.5260505111967e-36 8.1778275289212e-36 8.1778275289212e-36 8.1778275289212e-36
 1   7 1.9478733474280e-35 1.9232026023429e-35 1.7333906851932e-35 1.5781947233906e-35 1.4488266339247e-35 1.3395454068489e-35 1.2564207944874e-35 1.2564207944874e-35 1.2564207944874e-35
 1   8 2.9730005616300e-35 2.9730005616300e-35 2.7424808388928e-35 2.4963849550493e-35 2.2914833179372e-35 2.1182788458169e-35 1.9699902047621e-35 1.9415478906442e-35 1.9415478906442e-35
 1   9 4.5583630454958e-35 4.5583630454958e-35 4.3545823754086e-35 3.9628523268282e-35 3.6370498329959e-35 3.3616624436810e-35 3.1258108094340e-35 3.0120022358906e-35 3.0120022358906e-35
 1  10 6.9754104544565e-35 6.9754104544565e-35 6.8790107341394e-35 6.2608947080925e-35 5.7465097448153e-35 5.3113730750040e-35 4.9387057795386e-35 4.6595195575279e-35 4.6595195575279e-35
 1  11 1.0690820359479e-34 1.0690820359479e-34 1.0690820359479e-34 9.9097422454995e-35 9.0942120451366e-35 8.4045314867931e-35 7.8138805877878e-35 7.3025244739683e-35 7.2163052923722e-35
 1  12 1.6695552004447e-34 1.6695552004447e-34 1.6695552004447e-34 1.5700085072631e-34 1.4405251642495e-34 1.3310724056861e-34 1.2373411952986e-34 1.1562041900599e-34 1.1316635643935e-34
 1  13 2.7297642055482e-34 2.7297642055482e-34 2.7277835434848e-34 2.4824771579224e-34 2.2782687640119e-34 2.1054348194200e-34 1.9573780916916e-34 1.8300610332380e-34 1.8300610332380e-34
 1  14 4.4673900568383e-34 4.4673900568383e-34 4.3292529402274e-34 3.9382995903557e-34 3.6130187221416e-34 3.3379771508669e-34 3.1025047398218e-34 2.9604903285631e-34 2.9604903285631e-34
 1  15 7.3210775400796e-34 7.3210775400796e-34 6.8592207586892e-34 6.2391846820064e-34 5.7231591923847e-34 5.2869869625598e-34 4.9136008247482e-34 4.7926599047929e-34 4.7926599047929e-34
 1  16 1.2012002082229e-33 1.2012002082229e-33 1.0841971025073e-33 9.8650764448219e-34 9.0508803846294e-34 8.3623354869902e-34 7.7725688490186e-34 7.7626083711053e-34 7.7626083711053e-34
 1  17 1.9735213025482e-33 1.9111989797905e-33 1.7205984482764e-33 1.5649315884879e-33 1.4353203875048e-33 1.3257846096528e-33 1.2580450946477e-33 1.2580450946477e-33 1.2580450946477e-33
 1  18 3.2467451516719e-33 3.0285370333028e-33 2.7260966631736e-33 2.4790659743354e-33 2.2734716450346e-33 2.0997512123983e-33 2.0398871422017e-33 2.0398871422017e-33 2.0398871422017e-33
 1  19 5.3498327476456e-33 4.7856685603059e-33 4.3095305327435e-33 3.9199952147680e-33 3.5955830185120e-33 3.3212814117476e-33 3.3098651575492e-33 3.3098651575492e-33 3.3098651575492e-33
 1  20 8.5437633054771e-33 7.5939131768188e-33 6.8355738531125e-33 6.2157415593957e-33 5.6998780675892e-33 5.3738102610085e-33 5.3738102610085e-33 5.3738102610085e-33 5.3738102610085e-33
 1  21 1.3542949761692e-32 1.2034728796134e-32 1.0830936622867e-32 9.8473262964535e-33 9.0289155380004e-33 8.7307095189280e-33 8.7307095189280e-33 8.7307095189280e-33 8.7307095189280e-33
 1  22 2.1463936160104e-32 1.9069339556779e-32 1.7158805649652e-32 1.5598119432481e-32 1.4299002748886e-32 1.3822723294660e-32 1.3822723294660e-32 1.3822723294660e-32 1.3822723294660e-32
 1  23 3.2840194163209e-32 3.0163913848597e-32 2.7145082725213e-32 2.4679630261157e-32 2.2625561146954e-32 2.0885206495731e-32 2.0477390771233e-32 2.0477390771233e-32 2.0477390771233e-32
 1  24 3.9295635918469e-32 3.7958993047092e-32 3.4162769305942e-32 3.1053669032622e-32 2.8467987006364e-32 2.6279225341340e-32 2.4962662852212e-32 2.4962662852212e-32 2.4962662852212e-32
 1  25 4.7128272161472e-32 4.7128272161472e-32 4.2927199349692e-32 3.9027914141333e-32 3.5783076596587e-32 3.3037271668596e-32 3.0683799735136e-32 3.0465140153467e-32 3.0465140153467e-32
 1  26 5.6650317130534e-32 5.6650317130534e-32 5.4079340538605e-32 4.9164951306122e-32 4.5066140625391e-32 4.1603454590079e-32 3.8632727634266e-32 3.7206864741662e-32 3.7206864741662e-32
 1  27 6.8235337052874e-32 6.8235337052874e-32 6.7890758516346e-32 6.1754143155124e-32 5.6614599734685e-32 5.2276396690673e-32 4.8552559891646e-32 4.5478947792777e-32 4.5478947792777e-32
 1  28 8.2333217126438e-32 8.2333217126438e-32 8.2333217126438e-32 7.7798671261009e-32 7.1318811549347e-32 6.5835130402761e-32 6.1137896119177e-32 5.7062010517023e-32 5.5634372627949e-32
 1  29 9.9509240829594e-32 9.9509240829594e-32 9.9509240829594e-32 9.7787182747942e-32 8.9673115524936e-32 8.2778306307434e-32 7.6880563153242e-32 7.1761220603222e-32 6.8108930267858e-32
 1  30 1.2039870408424e-31 1.2039870408424e-31 1.2039870408424e-31 1.2039870408424e-31 1.1277569374882e-31 1.0410227341645e-31 9.6704722897515e-32 9.0273117228955e-32 8.4670493686481e-32
 1  31 1.4582167289182e-31 1.4582167289182e-31 1.4582167289182e-31 1.4582167289182e-31 1.4173829939065e-31 1.3087703721759e-31 1.2153741721683e-31 1.1347570063474e-31 1.0640472595635e-31
0.39976014 0.39980010 0.39984006 25015.0 25010.0  1
1.0000000000000 
 1   1 1.2855500094180e-35 1.1449776306884e-35 1.0326182643223e-35 9.4070693213347e-36 8.6918186040156e-36 8.6914993321735e-36 8.6914993321735e-36 8.6914993321735e-36 8.6914993321735e-36
 1   2 2.1537352394468e-35 1.9172172238808e-35 1.7283503513838e-35 1.5740515075843e-35 1.4456155484044e-35 1.4152281871764e-35 1.4152281871764e-35 1.4152281871764e-35 1.4152281871764e-35
 1   3 3.3050427034544e-35 2.9414631043057e-35 2.6512023824162e-35 2.4141080991117e-35 2.2167917869963e-35 2.1147872315544e-35 2.1147872315544e-35 2.1147872315544e-35 2.1147872315544e-35
 1   4 5.1979154852474e-35 4.6282378046632e-35 4.1727848272143e-35 3.8003643396448e-35 3.4902197979074e-35 3.2513212340894e-35 3.2513212340894e-35 3.2513212340894e-35 3.2513212340894e-35
 1   5 8.0061192579235e-35 7.3421021289812e-35 6.6173289316683e-35 6.0250783731143e-35 5.5320681215679e-35 5.1152589469304e-35 5.0258421681525e-35 5.0258421681525e-35 5.0258421681525e-35
 1   6 1.2310801955537e-34 1.1737008035823e-34 1.0576217695880e-34 9.6278629475641e-35 8.8384737211825e-35 8.1713049128065e-35 7.8373818652265e-35 7.8373818652265e-35 7.8373818652265e-35
 1   7 1.8666179891936e-34 1.8429981291705e-34 1.6612556822738e-34 1.5125409532154e-34 1.3885700358587e-34 1.2838278642763e-34 1.2041159163493e-34 1.2041159163493e-34 1.2041159163493e-34
 1   8 2.8489818324181e-34 2.8489818324181e-34 2.6282901148910e-34 2.3925229119032e-34 2.1961744885201e-34 2.0301799925046e-34 1.8879960299611e-34 1.8607211171909e-34 1.8607211171909e-34
 1   9 4.3682109352300e-34 4.3682109352300e-34 4.1731252499191e-34 3.7979581922482e-34 3.4857608975830e-34 3.2218513955639e-34 2.9957507969017e-34 2.8866116565576e-34 2.8866116565576e-34
 1  10 6.6844311772067e-34 6.6844311772067e-34 6.5921475238274e-34 6.0003504030357e-34 5.5074532239439e-34 5.0904727761061e-34 4.7332763179122e-34 4.4655427858331e-34 4.4655427858331e-34
 1  11 1.0244853873989e-33 1.0244853873989e-33 1.0244853873989e-33 9.4971503864344e-34 8.7158507193207e-34 8.0549675914792e-34 7.4889009400011e-34 6.9985714813819e-34 6.9158878515935e-34
 1  12 1.5999098922645e-33 1.5999098922645e-33 1.5999098922645e-33 1.5046181672086e-33 1.3805893705305e-33 1.2757076319528e-33 1.1858801189183e-33 1.1080865456293e-33 1.0845520466999e-33
 1  13 2.6158925984161e-33 2.6158925984161e-33 2.6139963790914e-33 2.3791653012338e-33 2.1834882871631e-33 2.0178693983269e-33 1.8759701487803e-33 1.7538752239803e-33 1.7538752239803e-33
 1  14 4.2810336109437e-33 4.2810336109437e-33 4.1487915985021e-33 3.7744190556263e-33 3.4627235041943e-33 3.1991504874331e-33 2.9734320621882e-33 2.8372444294897e-33 2.8372444294897e-33
 1  15 7.0156801588096e-33 7.0156801588096e-33 6.5735172240638e-33 5.9795891524193e-33 5.4851082701963e-33 5.0671010096759e-33 4.7091170621025e-33 4.5931405853984e-33 4.5931405853984e-33
 1  16 1.1510922635936e-32 1.1510922635936e-32 1.0390745579895e-32 9.4546671022407e-33 8.6744510939817e-33 8.0145469325292e-33 7.4490011719853e-33 7.4394495457009e-33 7.4394495457009e-33
 1  17 1.8911959964988e-32 1.8315271685670e-32 1.6490002261280e-32 1.4998327848077e-32 1.3756252027857e-32 1.2706296065598e-32 1.2056722295438e-32 1.2056722295438e-32 1.2056722295438e-32
 1  18 3.1113078517112e-32 2.9023822448886e-32 2.6126702010585e-32 2.3759500303107e-32 2.1789177814561e-32 2.0123705092221e-32 1.9549659772837e-32 1.9549659772837e-32 1.9549659772837e-32
 1  19 5.1266652920788e-32 4.5864830262057e-32 4.1302422241777e-32 3.7569598788439e-32 3.4460430924193e-32 3.1830221171926e-32 3.1720747383034e-32 3.1720747383034e-32 3.1720747383034e-32
 1  20 8.1875791132231e-32 7.2779087039071e-32 6.5512222104590e-32 5.9572284580676e-32 5.4627591103829e-32 5.1500964209737e-32 5.1500964209737e-32 5.1500964209737e-32 5.1500964209737e-32
 1  21 1.2978983424745e-31 1.1534119841455e-31 1.0380423857874e-31 9.4377767177873e-32 8.6531894868479e-32 8.3672481350217e-32 8.3672481350217e-32 8.3672481350217e-32 8.3672481350217e-32
 1  22 2.0570109651395e-31 1.8276111266867e-31 1.6445082507905e-31 1.4949392899873e-31 1.3704572594217e-31 1.3248276250081e-31 1.3248276250081e-31 1.3248276250081e-31 1.3248276250081e-31
 1  23 3.1474658228437e-31 2.8909463893219e-31 2.6015881105167e-31 2.3650499650691e-31 2.1681356182979e-31 2.0016320156791e-31 1.9626389872713e-31 1.9626389872713e-31 1.9626389872713e-31
 1  24 3.7661670558961e-31 3.6378265826734e-31 3.2736201116728e-31 2.9758321277790e-31 2.7279930147414e-31 2.5183995508034e-31 2.3925259700252e-31 2.3925259700252e-31 2.3925259700252e-31
 1  25 4.5173852935999e-31 4.5173852935999e-31 4.1134990703918e-31 3.7399986708559e-31 3.4289807331424e-31 3.1658585478521e-31 2.9404163637797e-31 2.9194714054367e-31 2.9194714054367e-31
 1  26 5.4301011736800e-31 5.4301011736800e-31 5.1828965924930e-31 4.7112497027284e-31 4.3184817752882e-31 3.9864558727346e-31 3.7019669617282e-31 3.5655299185159e-31 3.5655299185159e-31
 1  27 6.5401139063931e-31 6.5401139063931e-31 6.5069964689485e-31 5.9173158404292e-31 5.4252365078586e-31 5.0091477128935e-31 4.6523362768539e-31 4.3582426366059e-31 4.3582426366059e-31
 1  28 7.8913456030588e-31 7.8913456030588e-31 7.8913456030588e-31 7.4554802911355e-31 6.8341167984773e-31 6.3085429298744e-31 5.8582481896958e-31 5.4680315551946e-31 5.3314358202449e-31
 1  29 9.5376056930804e-31 9.5376056930804e-31 9.5376056930804e-31 9.3720603534563e-31 8.5926257844543e-31 7.9323524883884e-31 7.3667257656710e-31 6.8763052907283e-31 6.5268717274322e-31
 1  30 1.1546743710387e-30 1.1546743710387e-30 1.1546743710387e-30 1.1546743710387e-30 1.0809964539992e-30 9.9805724014759e-31 9.2681569971939e-31 8.6507854833511e-31 8.1107643189788e-31
 1  31 1.3984915536648e-30 1.3984915536648e-30 1.3984915536648e-30 1.3984915536648e-30 1.3590130931100e-30 1.2545025234857e-30 1.1651053317497e-30 1.0874113617705e-30 1.0194950597620e-30
0.39984006 0.39988004 0.39992002 25010.0 25005.0  1
1.0000000000000 
 1   1 1.1785639522814e-34 1.0497002692781e-34 9.4668253872481e-35 8.6244017358071e-35 7.9685820728407e-35 7.9682893471967e-35 7.9682893471967e-35 7.9682893471967e-35 7.9682893471967e-35
 1   2 1.9745040341926e-34 1.7576751472226e-34 1.5845469846599e-34 1.4430924255446e-34 1.3253319984100e-34 1.2974692236700e-34 1.2974692236700e-34 1.2974692236700e-34 1.2974692236700e-34
 1   3 3.0299964830078e-34 2.6966781721699e-34 2.4306036483288e-34 2.2132572683379e-34 2.0323484581576e-34 1.9388190562730e-34 1.9388190562730e-34 1.9388190562730e-34 1.9388190562730e-34
 1   4 4.7653498649454e-34 4.2430671637930e-34 3.8255614169172e-34 3.4841781128067e-34 3.1998333761825e-34 2.9807834477379e-34 2.9807834477379e-34 2.9807834477379e-34 2.9807834477379e-34
 1   5 7.3398606541088e-34 6.7310794766576e-34 6.0666671106988e-34 5.5237788200960e-34 5.0718067523346e-34 4.6896374676704e-34 4.6076490325880e-34 4.6076490325880e-34 4.6076490325880e-34
 1   6 1.1286314318168e-33 1.0760249372107e-33 9.6960284185592e-34 8.8266943264734e-34 8.1031224522446e-34 7.4914273345004e-34 7.1852445760673e-34 7.1852445760673e-34 7.1852445760673e-34
 1   7 1.7112804514943e-33 1.6896254578292e-33 1.5230009703101e-33 1.3866650232853e-33 1.2730424740188e-33 1.1770132180932e-33 1.1039231834110e-33 1.1039231834110e-33 1.1039231834110e-33
 1   8 2.6118935299004e-33 2.6118935299004e-33 2.4095588097002e-33 2.1934072554321e-33 2.0134432947540e-33 1.8612711429363e-33 1.7309022072744e-33 1.7058931976186e-33 1.7058931976186e-33
 1   9 4.0046947255325e-33 4.0046947255325e-33 3.8258355458732e-33 3.4818785519829e-33 3.1957007788554e-33 2.9537968984256e-33 2.7464942452253e-33 2.6464209213909e-33 2.6464209213909e-33
 1  10 6.1281620874716e-33 6.1281620874716e-33 6.0435544122032e-33 5.5009825867202e-33 5.0491181501602e-33 4.6669509777125e-33 4.3394663330971e-33 4.0939716847675e-33 4.0939716847675e-33
 1  11 9.3922924332502e-33 9.3922924332502e-33 9.3922924332502e-33 8.7067786579972e-33 7.9904808897481e-33 7.3847640791327e-33 6.8658325470706e-33 6.4162426920795e-33 6.3404269798713e-33
 1  12 1.4667675980870e-32 1.4667675980870e-32 1.4667675980870e-32 1.3794016253245e-32 1.2656913547920e-32 1.1695592798450e-32 1.0872161944435e-32 1.0158877115144e-32 9.9430805969036e-33
 1  13 2.3982015506246e-32 2.3982015506246e-32 2.3964631414165e-32 2.1811642980973e-32 2.0017690195456e-32 1.8499847808637e-32 1.7198912047534e-32 1.6079377105283e-32 1.6079377105283e-32
 1  14 3.9247719829993e-32 3.9247719829993e-32 3.8035294385404e-32 3.4602991940325e-32 3.1745676679479e-32 2.9329844770707e-32 2.7260366394934e-32 2.6011615236168e-32 2.6011615236168e-32
 1  15 6.4318442939140e-32 6.4318442939140e-32 6.0264603733536e-32 5.4819443536826e-32 5.0287025316172e-32 4.6455239932173e-32 4.3172951137410e-32 4.2109519601788e-32 4.2109519601788e-32
 1  16 1.0552998183518e-31 1.0552998183518e-31 9.5259993320581e-32 8.6678061713532e-32 7.9527423782989e-32 7.3477454110366e-32 6.8291819556431e-32 6.8204239349823e-32 6.8204239349823e-32
 1  17 1.7338132602595e-31 1.6791077515126e-31 1.5117649634767e-31 1.3750209986893e-31 1.2611747234605e-31 1.1649110225335e-31 1.1053500168211e-31 1.1053500168211e-31 1.1053500168211e-31
 1  18 2.8523889991206e-31 2.6608426648518e-31 2.3952336037129e-31 2.1782500418901e-31 1.9976341593919e-31 1.8449314481989e-31 1.7922962201027e-31 1.7922962201027e-31 1.7922962201027e-31
 1  19 4.7000312548419e-31 4.2047842000947e-31 3.7865054591541e-31 3.4443804144348e-31 3.1593359647983e-31 2.9181682523994e-31 2.9081307061377e-31 2.9081307061377e-31 2.9081307061377e-31
 1  20 7.5062108657351e-31 6.6722178423295e-31 6.0060440348202e-31 5.4615931375363e-31 5.0082491650117e-31 4.7215644305580e-31 4.7215644305580e-31 4.7215644305580e-31 4.7215644305580e-31
 1  21 1.1899037486538e-30 1.0574322121240e-30 9.5166734300764e-31 8.6525628308095e-31 7.9332035462984e-31 7.6710212862910e-31 7.6710212862910e-31 7.6710212862910e-31 7.6710212862910e-31
 1  22 1.8858527340298e-30 1.6755289589615e-30 1.5076694000991e-30 1.3705620900079e-30 1.2564454745883e-30 1.2146177180436e-30 1.2146177180436e-30 1.2146177180436e-30 1.2146177180436e-30
 1  23 2.8856298634720e-30 2.6504299948329e-30 2.3850896987224e-30 2.1682625246680e-30 1.9877425154891e-30 1.8351125673964e-30 1.7993705802048e-30 1.7993705802048e-30 1.7993705802048e-30
 1  24 3.4528621233935e-30 3.3351415363338e-30 3.0011634668019e-30 2.7282411380890e-30 2.5010212774197e-30 2.3088736542806e-30 2.1934963446796e-30 2.1934963446796e-30 2.1934963446796e-30
 1  25 4.1415351748962e-30 4.1415351748962e-30 3.7711077526922e-30 3.4288128255294e-30 3.1436888654549e-30 2.9024520339882e-30 2.6957190650232e-30 2.6765118634890e-30 2.6765118634890e-30
 1  26 4.9783122391223e-30 4.9783122391223e-30 4.7515821364193e-30 4.3191694865032e-30 3.9591571323266e-30 3.6547379497009e-30 3.3939094830275e-30 3.2688052868118e-30 3.2688052868118e-30
 1  27 5.9959755025274e-30 5.9959755025274e-30 5.9655999761858e-30 5.4247649935646e-30 4.9738566453349e-30 4.5923246571371e-30 4.2652148600377e-30 3.9955485566371e-30 3.9955485566371e-30
 1  28 7.2347844241133e-30 7.2347844241133e-30 7.2347844241133e-30 6.8349967265285e-30 6.2654119732726e-30 5.7836255513565e-30 5.3707795221273e-30 5.0130026760873e-30 4.8877521543349e-30
 1  29 8.7440762885352e-30 8.7440762885352e-30 8.7440762885352e-30 8.5922302541152e-30 7.8774364015835e-30 7.2723656367859e-30 6.7537262444573e-30 6.3041160181492e-30 5.9837029653467e-30
 1  30 1.0584852293674e-29 1.0584852293674e-29 1.0584852293674e-29 1.0584852293674e-29 9.9112808651164e-30 9.1499878414899e-30 8.4972766416422e-30 7.9313767340377e-30 7.4359748901944e-30
 1  31 1.2819915058994e-29 1.2819915058994e-29 1.2819915058994e-29 1.2819915058994e-29 1.2459036412501e-29 1.1501984647090e-29 1.0681414358577e-29 9.9698848068382e-30 9.3469435186425e-30
0.39992002 0.39996001 0.40000000 25005.0 25000.0  1
1.0000000000000 
 1   1 3.1729590957643e-34 2.8260326011057e-34 2.5486813671027e-34 2.3218789156612e-34 2.1453316027821e-34 2.1452528538442e-34 2.1452528538442e-34 2.1452528538442e-34 2.1452528538442e-34
 1   2 5.3158081554966e-34 4.7320608751206e-34 4.2659511919031e-34 3.8851204095955e-34 3.5681015217932e-34 3.4930953394837e-34 3.4930953394837e-34 3.4930953394837e-34 3.4930953394837e-34
 1   3 8.1574302912526e-34 7.2600675465620e-34 6.5437309318980e-34 5.9585725991235e-34 5.4715418715263e-34 5.2197610834848e-34 5.2197610834848e-34 5.2197610834848e-34 5.2197610834848e-34
 1   4 1.2829390344268e-33 1.1423289715753e-33 1.0299281099142e-33 9.3801703314283e-34 8.6146562677492e-34 8.0249768734989e-34 8.0249768734989e-34 8.0249768734989e-34 8.0249768734989e-34
 1   5 1.9760550438872e-33 1.8121575195910e-33 1.6332847482783e-33 1.4871234133550e-33 1.3654412891102e-33 1.2625596358033e-33 1.2404885355052e-33 1.2404885355052e-33 1.2404885355052e-33
 1   6 3.0385289189558e-33 2.8969004004519e-33 2.6103870604214e-33 2.3763406250430e-33 2.1815377012247e-33 2.0168619629340e-33 1.9344385031063e-33 1.9344385031063e-33 1.9344385031063e-33
 1   7 4.6071510086923e-33 4.5488508969953e-33 4.1002594775185e-33 3.7332087950803e-33 3.4273084307979e-33 3.1687797541697e-33 2.9720236730191e-33 2.9720236730191e-33 2.9720236730191e-33
 1   8 7.0318027985151e-33 7.0318027985151e-33 6.4870728388723e-33 5.9051392177099e-33 5.4206309356857e-33 5.0109483792211e-33 4.6599935205236e-33 4.5926696529741e-33 4.5926696529741e-33
 1   9 1.0781535738090e-32 1.0781535738090e-32 1.0300006232219e-32 9.3739936596277e-33 8.6035305810607e-33 7.9522663030868e-33 7.3941864010385e-33 7.1247932178728e-33 7.1247932178728e-33
 1  10 1.6498385005369e-32 1.6498385005369e-32 1.6270602118171e-32 1.4809877001857e-32 1.3593341735144e-32 1.2564452101020e-32 1.1682803419913e-32 1.1021943434616e-32 1.1021943434616e-32
 1  11 2.5286153020086e-32 2.5286153020086e-32 2.5286153020086e-32 2.3440601910040e-32 2.1512146122167e-32 1.9881406319158e-32 1.8484322466998e-32 1.7274027605920e-32 1.7069935337994e-32
 1  12 3.9488675600761e-32 3.9488675600761e-32 3.9488675600761e-32 3.7136587811898e-32 3.4075224364165e-32 3.1487103187129e-32 2.9270238390913e-32 2.7350047797694e-32 2.6769136121933e-32
 1  13 6.4564961736923e-32 6.4564961736923e-32 6.4518159429345e-32 5.8721837927743e-32 5.3892049023689e-32 4.9805642747095e-32 4.6303233818933e-32 4.3289504341030e-32 4.3289504341030e-32
 1  14 1.0566365905276e-31 1.0566365905276e-31 1.0239953458445e-31 9.3158979370110e-32 8.5466368014177e-32 7.8962363648549e-32 7.3391025888222e-32 7.0029447060760e-32 7.0029447060760e-32
 1  15 1.7315969832104e-31 1.7315969832104e-31 1.6224583277578e-31 1.4758613693218e-31 1.3538371798943e-31 1.2506766185122e-31 1.1623154134575e-31 1.1336883644330e-31 1.1336883644330e-31
 1  16 2.8411040182538e-31 2.8411040182538e-31 2.5646124655139e-31 2.3335655243767e-31 2.1410522284549e-31 1.9781736153152e-31 1.8385777836833e-31 1.8362199771144e-31 1.8362199771144e-31
 1  17 4.6678142460701e-31 4.5205346780646e-31 4.0700090707956e-31 3.7018599917423e-31 3.3953580682259e-31 3.1362015306775e-31 2.9758648065219e-31 2.9758648065219e-31 2.9758648065219e-31
 1  18 7.6792704354473e-31 7.1635852955212e-31 6.4485019892607e-31 5.8643273762805e-31 5.3780681513397e-31 4.9669799093430e-31 4.8252867606904e-31 4.8252867606904e-31 4.8252867606904e-31
 1  19 1.2653537469370e-30 1.1320221247006e-30 1.0194110824455e-30 9.2730263649928e-31 8.5056222753748e-31 7.8564005069976e-31 7.8293791832564e-31 7.8293791832564e-31 7.8293791832564e-31
 1  20 2.0208404867472e-30 1.7963101571526e-30 1.6169596237934e-30 1.4703804623419e-30 1.3483327395175e-30 1.2711573036063e-30 1.2711573036063e-30 1.2711573036063e-30 1.2711573036063e-30
 1  21 3.2034839120925e-30 2.8468404306858e-30 2.5620975188602e-30 2.3294592875104e-30 2.1358008249921e-30 2.0652211349032e-30 2.0652211349032e-30 2.0652211349032e-30 2.0652211349032e-30
 1  22 5.0771320054953e-30 4.5108928032014e-30 4.0589774794911e-30 3.6898526931069e-30 3.3826292511579e-30 3.2700221585638e-30 3.2700221585638e-30 3.2700221585638e-30 3.2700221585638e-30
 1  23 7.7687831077483e-30 7.1355463698304e-30 6.4211873561690e-30 5.8374526601948e-30 5.3514660559038e-30 4.9405384334552e-30 4.8443073877613e-30 4.8443073877613e-30 4.8443073877613e-30
 1  24 9.2959026135343e-30 8.9789803087560e-30 8.0798727035974e-30 7.3451138788532e-30 6.7333241764254e-30 6.2160208979957e-30 5.9053819396610e-30 5.9053819396610e-30 5.9053819396610e-30
 1  25 1.1149935938002e-29 1.1149935938002e-29 1.0152717248504e-29 9.2312605805103e-30 8.4635382610617e-30 7.8140800772606e-30 7.2574780478525e-30 7.2057645718965e-30 7.2057645718965e-30
 1  26 1.3402727038923e-29 1.3402727038923e-29 1.2792353195931e-29 1.1628286530990e-29 1.0659048744782e-29 9.8394090716370e-30 9.1371706272467e-30 8.8003495540977e-30 8.8003495540977e-30
 1  27 1.6142577547300e-29 1.6142577547300e-29 1.6060794737771e-29 1.4604671329193e-29 1.3390837430782e-29 1.2363628400932e-29 1.1482932986968e-29 1.0756902536917e-29 1.0756902536917e-29
 1  28 1.9477743533916e-29 1.9477743533916e-29 1.9477743533916e-29 1.8401359343591e-29 1.6867961005260e-29 1.5570908877659e-29 1.4459385493646e-29 1.3496128622695e-29 1.3158911831127e-29
 1  29 2.3541111155669e-29 2.3541111155669e-29 2.3541111155669e-29 2.3132281367459e-29 2.1207831981716e-29 1.9578975226618e-29 1.8182624859423e-29 1.6972113190167e-29 1.6109457570787e-29
 1  30 2.8495544872747e-29 2.8495544872747e-29 2.8495544872747e-29 2.8495544872747e-29 2.6682853590558e-29 2.4633576861030e-29 2.2876397500223e-29 2.1352872562122e-29 2.0019400798346e-29
 1  31 3.4512568306922e-29 3.4512568306922e-29 3.4512568306922e-29 3.4512568306922e-29 3.3541397067606e-29 3.0965565072751e-29 2.8756520417273e-29 2.6840960401930e-29 2.5164005051104e-29
