-----------------------------------------------------------------------------------------------
Content :
Spectral range definition: line 1 (3 values)  ==> max, min and step of the wavenumber (in cm-1)
Temperatures definition :  line 2 (1 value)   ==> NT = number of T values
Temperatures definition :  line 3 (NT values) ==> list of T values (in K)
Pressures definition :     line 4 (1 value)   ==> NP = number of P values
Pressures definition :     line 5 (NP values) ==> list of P values (in mbar)
For each spectral range: 
    First line of the block (6 values): 
    --> min, mean and max wavelengths (in microns), min and max wavenumbers (in cm-1)
        of the spectral range, nmaxai (number of exponentials for the CKD expansion) 
    If nmaxai not null, second line of the block (nmaxnai values): 
    --> coefs kdis_ai for nai = 1 to nmaxai 
    If nmaxai not null, following lines of the block : 
    --> for nai = 1 to nmaxai 
    -->     for pressure index ip = 1 to NP 
    -->         line : nai, ip, kdis_ki(T,P,nai) for temperature index it = 1 to IT 
-----------------------------------------------------------------------------------------------
3250 3000  5
9
  160.00  180.00  200.00  220.00  240.00  260.00  280.00  300.00  320.00
31
    0.007    0.011    0.017    0.028    0.044    0.069    0.110    0.174    0.276    0.438    0.694    1.100    1.743    2.763    4.379    6.941   11.000   17.434   27.631   43.792   69.405  110.000  174.338  219.479  276.308  347.851  437.918  551.306  694.053  873.761 1098.900
3.07692308 3.07929359 3.08166410  3250.0  3245.0  0
3.08166410 3.08404192 3.08641975  3245.0  3240.0  0
3.08641975 3.08880493 3.09119011  3240.0  3235.0  0
3.09119011 3.09358267 3.09597523  3235.0  3230.0  0
3.09597523 3.09837521 3.10077519  3230.0  3225.0  0
3.10077519 3.10318262 3.10559006  3225.0  3220.0  0
3.10559006 3.10800498 3.11041991  3220.0  3215.0  0
3.11041991 3.11284236 3.11526480  3215.0  3210.0  0
3.11526480 3.11769480 3.12012480  3210.0  3205.0  0
3.12012480 3.12256240 3.12500000  3205.0  3200.0  0
3.12500000 3.12744522 3.12989045  3200.0  3195.0  0
3.12989045 3.13234334 3.13479624  3195.0  3190.0  0
3.13479624 3.13725684 3.13971743  3190.0  3185.0  0
3.13971743 3.14218576 3.14465409  3185.0  3180.0  0
3.14465409 3.14713020 3.14960630  3180.0  3175.0  0
3.14960630 3.15209022 3.15457413  3175.0  3170.0  0
3.15457413 3.15706589 3.15955766  3170.0  3165.0  0
3.15955766 3.16205731 3.16455696  3165.0  3160.0  0
3.16455696 3.16706454 3.16957211  3160.0  3155.0  0
3.16957211 3.17208764 3.17460317  3155.0  3150.0  0
3.17460317 3.17712670 3.17965024  3150.0  3145.0  0
3.17965024 3.18218181 3.18471338  3145.0  3140.0  0
3.18471338 3.18725302 3.18979266  3140.0  3135.0  0
3.18979266 3.19234042 3.19488818  3135.0  3130.0  0
3.19488818 3.19744409 3.20000000  3130.0  3125.0  0
3.20000000 3.20256410 3.20512821  3125.0  3120.0  0
3.20512821 3.20770054 3.21027287  3120.0  3115.0  0
3.21027287 3.21285348 3.21543408  3115.0  3110.0  0
3.21543408 3.21802300 3.22061192  3110.0  3105.0  0
3.22061192 3.22320918 3.22580645  3105.0  3100.0  0
3.22580645 3.22841211 3.23101777  3100.0  3095.0  0
3.23101777 3.23363186 3.23624595  3095.0  3090.0  0
3.23624595 3.23886852 3.24149109  3090.0  3085.0  0
3.24149109 3.24412217 3.24675325  3085.0  3080.0  0
3.24675325 3.24939288 3.25203252  3080.0  3075.0  0
3.25203252 3.25468076 3.25732899  3075.0  3070.0  1
1.0000000000000 
 1   1 5.3783169799839e-30 7.0515434746506e-30 8.5046546084252e-30 9.6773729117886e-30 1.0668088578458e-29 1.1413331684337e-29 1.1839172850634e-29 1.2068095955598e-29 1.2102857486462e-29
 1   2 8.5155428834585e-30 1.1164779140268e-29 1.3465504831946e-29 1.5322281854268e-29 1.6890890104028e-29 1.8070761431575e-29 1.8745053579229e-29 1.9107432344594e-29 1.9162501903941e-29
 1   3 1.3496224919192e-29 1.7694980902137e-29 2.1341384690930e-29 2.4278910843240e-29 2.6770254698847e-29 2.8640143091118e-29 2.9708904811835e-29 3.0283132861816e-29 3.0370443692139e-29
 1   4 2.1390076111969e-29 2.8044657589376e-29 3.3823816638357e-29 3.8479481445015e-29 4.2427998942873e-29 4.5391490542878e-29 4.7085445234730e-29 4.7995432087125e-29 4.8133840246284e-29
 1   5 3.3901214947997e-29 4.4447790888660e-29 5.3607140555239e-29 6.0985871691734e-29 6.7249110222972e-29 7.1940585289533e-29 7.4625403854382e-29 7.6067528159677e-29 7.6286921672998e-29
 1   6 5.3729804237103e-29 7.0461946556199e-29 8.4961586994948e-29 9.6656086395572e-29 1.0658264831109e-28 1.1401806197326e-28 1.1827328381476e-28 1.2058429141447e-28 1.2090654764241e-28
 1   7 8.5155997585771e-29 1.1167465060224e-28 1.3465503929167e-28 1.5318957518628e-28 1.6892211171599e-28 1.8070635945202e-28 1.8745052074597e-28 1.9111321820302e-28 1.9162389056483e-28
 1   8 1.3495265565338e-28 1.7699238411020e-28 2.1345177870141e-28 2.4278910843240e-28 2.6772349749515e-28 2.8640017905672e-28 2.9708904209982e-28 3.0289401161932e-28 3.0359076492495e-28
 1   9 2.1391313521959e-28 2.8039036281350e-28 3.3829823734224e-28 3.8476895282211e-28 4.2418876655321e-28 4.5387350997204e-28 4.7103359392478e-28 4.8005464978429e-28 4.8115897801440e-28
 1  10 3.3903459258236e-28 4.4446144218557e-28 5.3615828906700e-28 6.0994182079444e-28 6.7245948086745e-28 7.1945679374236e-28 7.4653782432112e-28 7.6035767167482e-28 7.6339491134536e-28
 1  11 5.3746045845065e-28 7.0446737728169e-28 8.4958961711692e-28 9.6655066856408e-28 1.0656440975452e-27 1.1402184161078e-27 1.1831082981903e-27 1.2056763452786e-27 1.2098990429782e-27
 1  12 8.5177766612674e-28 1.1165843667952e-27 1.3468465287197e-27 1.5319197296906e-27 1.6889760425745e-27 1.8067264364093e-27 1.8756810839872e-27 1.9111680765495e-27 1.9154332410043e-27
 1  13 1.3503780101623e-27 1.7698227297800e-27 2.1343716089313e-27 2.4281681774947e-27 2.6769730966273e-27 2.8645016656842e-27 2.9730233884116e-27 3.0289560532635e-27 3.0355735485524e-27
 1  14 2.1394179305716e-27 2.8054218387102e-27 3.3822942868016e-27 3.8479490954294e-27 4.2420586881112e-27 4.5400489691285e-27 4.7128229888815e-27 4.8008545503375e-27 4.8113839945294e-27
 1  15 3.3915352838607e-27 4.4450382227400e-27 5.3605629181715e-27 6.0992672150368e-27 6.7245723715906e-27 7.1918761614368e-27 7.4682193750652e-27 7.6082028967711e-27 7.6329056446098e-27
 1  16 5.3735502341584e-27 7.0440417789057e-27 8.4942069380150e-27 9.6678902165400e-27 1.0655816781557e-26 1.1401019166054e-26 1.1833087682382e-26 1.2054918604493e-26 1.2091049050249e-26
 1  17 8.5139924015197e-27 1.1159167816986e-26 1.3460426070423e-26 1.5316252164835e-26 1.6886313396330e-26 1.8073370332389e-26 1.8740216642285e-26 1.9094495307415e-26 1.9162121641110e-26
 1  18 1.3479787058968e-26 1.7678434515761e-26 2.1318993696989e-26 2.4268185628269e-26 2.6753108264923e-26 2.8613476472515e-26 2.9710982288392e-26 3.0274401538042e-26 3.0355469322006e-26
 1  19 2.1325930126277e-26 2.7968816875578e-26 3.3761447154519e-26 3.8425094218573e-26 4.2364696394126e-26 4.5328530015215e-26 4.7009081077247e-26 4.7925413892883e-26 4.8068900295972e-26
 1  20 3.3666793090356e-26 4.4191442487121e-26 5.3361053797333e-26 6.0760821770315e-26 6.6979905324238e-26 7.1681275963298e-26 7.4376770535607e-26 7.5729697802941e-26 7.6057309271688e-26
 1  21 5.2585153630266e-26 6.9310736617157e-26 8.3955526403205e-26 9.5555091227970e-26 1.0560599267329e-25 1.1288858398697e-25 1.1744810141154e-25 1.1957632487431e-25 1.2002237641240e-25
 1  22 7.9731743249522e-26 1.0691650017804e-25 1.3053341795855e-25 1.4897162413365e-25 1.6486146445825e-25 1.7677553210219e-25 1.8406057628024e-25 1.8686958670422e-25 1.8795717937348e-25
 1  23 1.1573497902228e-25 1.5863839962194e-25 1.9718823247115e-25 2.2709380147666e-25 2.5150877532232e-25 2.7111440935548e-25 2.8298279702263e-25 2.8802139953570e-25 2.9073826114518e-25
 1  24 1.3242106349713e-25 1.8779180208027e-25 2.3870755963474e-25 2.7605647501527e-25 3.0615127203042e-25 3.3099228006870e-25 3.4617097461319e-25 3.5401230131489e-25 3.5621317393665e-25
 1  25 1.4863442307453e-25 2.1633526714745e-25 2.7640887397278e-25 3.2788660864056e-25 3.6773700195154e-25 3.9927097708065e-25 4.1766472354817e-25 4.2807394040779e-25 4.3174436228836e-25
 1  26 1.5408922367081e-25 2.3503551072855e-25 3.0898917448505e-25 3.7787450553312e-25 4.2932472867683e-25 4.6672092640786e-25 4.9503028467546e-25 5.0724983870495e-25 5.1680427546995e-25
 1  27 1.5824928165449e-25 2.3902519940861e-25 3.3317656195955e-25 4.1501696122361e-25 4.8580209119857e-25 5.3288757160560e-25 5.6885287426218e-25 5.8805956654443e-25 6.0031698589737e-25
 1  28 1.5709182549130e-25 2.4094854090315e-25 3.3420580357373e-25 4.3060125353289e-25 5.1467405520302e-25 5.8205298239685e-25 6.3202919428725e-25 6.6342472432750e-25 6.8191054565380e-25
 1  29 1.5545763849638e-25 2.4056231953434e-25 3.3327391232563e-25 4.2997327094853e-25 5.1668239646010e-25 6.0372013184249e-25 6.6975617125661e-25 7.2025525001575e-25 7.4449477626570e-25
 1  30 1.5312387978995e-25 2.3517299439319e-25 3.3087313742011e-25 4.1642734591453e-25 5.1497475911932e-25 5.9495366851419e-25 6.6273171002226e-25 7.3513839289172e-25 7.7161364481971e-25
 1  31 1.5761268322993e-25 2.3321168896759e-25 3.2214495849762e-25 4.1709117236627e-25 5.0532634929899e-25 5.8159026617213e-25 6.5534461929055e-25 7.2288003676645e-25 7.8286211107487e-25
3.25732899 3.25998586 3.26264274  3070.0  3065.0  1
1.0000000000000 
 1   1 8.1725230877042e-33 1.0733979644760e-32 1.3100086673124e-32 1.5158918008815e-32 1.6860042005447e-32 1.8195513790577e-32 1.9183653443661e-32 1.9857113259030e-32 2.0254874098726e-32
 1   2 1.2939637571708e-32 1.6995216508952e-32 2.0741497903239e-32 2.4001265695609e-32 2.6694671493544e-32 2.8809138976859e-32 3.0373669060558e-32 3.1439965863661e-32 3.2069742839586e-32
 1   3 2.0507941869410e-32 2.6935603754424e-32 3.2873058046522e-32 3.8039440941727e-32 4.2308201656964e-32 4.5659406746780e-32 4.8139018040291e-32 4.9828988064902e-32 5.0827117950600e-32
 1   4 3.2502897814184e-32 4.2690055119357e-32 5.2100290004504e-32 6.0288454513914e-32 6.7053982862713e-32 7.2365283640223e-32 7.6295208108835e-32 7.8973624884430e-32 8.0555552284520e-32
 1   5 5.1513624283896e-32 6.7659180251762e-32 8.2573394132198e-32 9.5550763603200e-32 1.0627339972747e-31 1.1469124407809e-31 1.2091975371019e-31 1.2516475768460e-31 1.2767194607558e-31
 1   6 8.1643589855641e-32 1.0723256785291e-31 1.3087000776137e-31 1.5143774996714e-31 1.6843198934641e-31 1.8177336827556e-31 1.9164488771512e-31 1.9837278261228e-31 2.0234640020591e-31
 1   7 1.2939637277835e-31 1.6995217390573e-31 2.0741499078734e-31 2.4001264813988e-31 2.6694672669038e-31 2.8809137801365e-31 3.0373669060558e-31 3.1439964688166e-31 3.2069742839586e-31
 1   8 2.0507942457158e-31 2.6935601991183e-31 3.2873056871028e-31 3.8039441529474e-31 4.2308199893722e-31 4.5659407334527e-31 4.8139018628038e-31 4.9828984538419e-31 5.0827115599612e-31
 1   9 3.2502898401931e-31 4.2690052180621e-31 5.2100288829010e-31 6.0288453338420e-31 6.7053982862713e-31 7.2365284815717e-31 7.6295206933341e-31 7.8973622533441e-31 8.0555555811003e-31
 1  10 5.1513623108401e-31 6.7659179076268e-31 8.2573390605715e-31 9.5550763603200e-31 1.0627340678044e-30 1.1469124407809e-30 1.2091975606118e-30 1.2516475768460e-30 1.2767195547953e-30
 1  11 8.1643593382125e-31 1.0723257255489e-30 1.3087001481433e-30 1.5143775231813e-30 1.6843199639938e-30 1.8177338708347e-30 1.9164490652303e-30 1.9837277791030e-30 2.0234641901382e-30
 1  12 1.2939636807637e-30 1.6995216450177e-30 2.0741498138338e-30 2.4001266224581e-30 2.6694671728643e-30 2.8809137801365e-30 3.0373668120163e-30 3.1439965628562e-30 3.2069742839586e-30
 1  13 2.0507943397553e-30 2.6935604812369e-30 3.2873058751819e-30 3.8039444820858e-30 4.2308204595700e-30 4.5659409215318e-30 4.8139021449225e-30 4.9828987359605e-30 5.0827119361194e-30
 1  14 3.2502896521140e-30 4.2690054061412e-30 5.2100286948219e-30 6.0288449576838e-30 6.7053981922317e-30 7.2365282934926e-30 7.6295203171759e-30 7.8973622533441e-30 8.0555548287840e-30
 1  15 5.1513619346820e-30 6.7659175314686e-30 8.2573388724924e-30 9.5550756080036e-30 1.0627340113807e-29 1.1469124219730e-29 1.2091974477643e-29 1.2516475016143e-29 1.2767194231400e-29
 1  16 8.1643585858961e-30 1.0723256691252e-29 1.3087000917196e-29 1.5143775231813e-29 1.6843199263780e-29 1.8177337579873e-29 1.9164489523829e-29 1.9837277038714e-29 2.0234640020591e-29
 1  17 1.2939635679162e-29 1.6995215321703e-29 2.0741496633706e-29 2.4001263967632e-29 2.6694670976326e-29 2.8809137425207e-29 3.0373666615530e-29 3.1439963747771e-29 3.2069742839586e-29
 1  18 2.0507940012129e-29 2.6935601803104e-29 3.2873057247186e-29 3.8039439554643e-29 4.2308200081801e-29 4.5659405453736e-29 4.8139016183010e-29 4.9828986607289e-29 5.0827114847295e-29
 1  19 3.2502887493344e-29 4.2690042776666e-29 5.2100274911157e-29 6.0288438292092e-29 6.7053971389888e-29 7.2365270897864e-29 7.6295191134697e-29 7.8973612001011e-29 8.0555540764676e-29
 1  20 5.1513570446255e-29 6.7659116634008e-29 8.2573325530348e-29 9.5550686866929e-29 1.0627333192496e-28 1.1469117448883e-28 1.2091968007722e-28 1.2516469449002e-28 1.2767188212869e-28
 1  21 8.1643378219639e-29 1.0723232466664e-28 1.3086974435659e-28 1.5143748449350e-28 1.6843172180390e-28 1.8177310797409e-28 1.9164463042292e-28 1.9837252964590e-28 2.0234616849247e-28
 1  22 1.2939555331773e-28 1.6995118423352e-28 2.0741391610338e-28 2.4001160448897e-28 2.6694566253886e-28 2.8809030295354e-28 3.0373564300502e-28 3.1439869858686e-28 3.2069653765326e-28
 1  23 2.0507598159564e-28 2.6935228052324e-28 3.2872650996338e-28 3.8038986961106e-28 4.2307779386479e-28 4.5658964897261e-28 4.8138594885835e-28 4.9828608041684e-28 5.0826759753962e-28
 1  24 2.5817297941980e-28 3.3909167233108e-28 4.1383915606981e-28 4.7887930288748e-28 5.3261968168368e-28 5.7480963267616e-28 6.0602640521750e-28 6.2730224960965e-28 6.3986841286604e-28
 1  25 3.2501606148078e-28 4.2688559810609e-28 5.2098629444760e-28 6.0286725418148e-28 6.7052233238113e-28 7.2363572468394e-28 7.6293620298086e-28 7.8972116997892e-28 8.0554138446935e-28
 1  26 4.0916145742089e-28 5.3740614722622e-28 6.5587149440469e-28 7.5895323541112e-28 8.4412613905068e-28 9.1099163412139e-28 9.6046752253823e-28 9.9418901512050e-28 1.0141061159369e-27
 1  27 5.1508452287427e-28 6.7653234121734e-28 8.2566956720763e-28 9.5544074908689e-28 1.0626671876301e-27 1.1468469854939e-27 1.2091345450868e-27 1.2515877225544e-27 1.2766629452443e-27
 1  28 6.4841443810477e-28 8.5165893254567e-28 1.0394088872497e-27 1.2027786873808e-27 1.3377694282988e-27 1.4437459383082e-27 1.5221637389643e-27 1.5756111838160e-27 1.6071822793188e-27
 1  29 8.1622904380623e-28 1.0720891258076e-27 1.3084408856232e-27 1.5141083443789e-27 1.6840535582296e-27 1.8174698514181e-27 1.9161980277853e-27 1.9834871311472e-27 2.0232375548274e-27
 1  30 1.0274185288985e-27 1.3494980527707e-27 1.6470445032323e-27 1.9059515027021e-27 2.1198934305744e-27 2.2878711143939e-27 2.4121586922390e-27 2.4968822764225e-27 2.5469435512460e-27
 1  31 1.2918470732224e-27 1.6968837183331e-27 2.0710587805325e-27 2.3966553413727e-27 2.6657198879622e-27 2.8769984473144e-27 3.0333340772131e-27 3.1398917365831e-27 3.2028619420448e-27
3.26264274 3.26530830 3.26797386  3065.0  3060.0  1
1.0000000000000 
 1   1 3.0765925280614e-33 3.7115988008084e-33 4.2471944346613e-33 4.7159430108609e-33 5.0754683254019e-33 5.3329695464991e-33 5.4995775036289e-33 5.5878883534444e-33 5.6104828242351e-33
 1   2 4.8711997333236e-33 5.8766114391834e-33 6.7246255534941e-33 7.4667996258247e-33 8.0360393773661e-33 8.4437441645855e-33 8.7075361171695e-33 8.8473589661479e-33 8.8831336673473e-33
 1   3 7.7203309820940e-33 9.3138010020260e-33 1.0657812018930e-32 1.1834079257288e-32 1.2736263824705e-32 1.3382431599984e-32 1.3800513798269e-32 1.4022117993286e-32 1.4078817963298e-32
 1   4 1.2235900695282e-32 1.4761380513046e-32 1.6891495295539e-32 1.8755752928811e-32 2.0185618379679e-32 2.1209725221163e-32 2.1872341101146e-32 2.2223561180756e-32 2.2313423315773e-32
 1   5 1.9392596095152e-32 2.3395211665051e-32 2.6771216746934e-32 2.9725865878763e-32 3.1992051479204e-32 3.3615150568932e-32 3.4665325467013e-32 3.5221972000638e-32 3.5364391957447e-32
 1   6 3.0735192348154e-32 3.7078909242839e-32 4.2429515612705e-32 4.7112320703132e-32 5.0703979039880e-32 5.3276419122276e-32 5.4940836838436e-32 5.5823062981143e-32 5.6048781406388e-32
 1   7 4.8712133249770e-32 5.8765830803822e-32 6.7246252596205e-32 7.4667994788879e-32 8.0360396712397e-32 8.4437434299015e-32 8.7075361171695e-32 8.8473588192111e-32 8.8831332265369e-32
 1   8 7.7203606633264e-32 9.3137567740510e-32 1.0657812312804e-31 1.1834078963415e-31 1.2736263824705e-31 1.3382431893857e-31 1.3800514092142e-31 1.4022118287159e-31 1.4078817081677e-31
 1   9 1.2235915829771e-31 1.4761330260663e-31 1.6891494120045e-31 1.8755751753316e-31 2.0185619555173e-31 2.1209724339542e-31 2.1872341101146e-31 2.2223562356251e-31 2.2313421846405e-31
 1  10 1.9392568764908e-31 2.3395191681647e-31 2.6771216159186e-31 2.9725865878763e-31 3.1992049715962e-31 3.3615148805691e-31 3.4665326054761e-31 3.5221972000638e-31 3.5364392545195e-31
 1  11 3.0735307546600e-31 3.7078822844004e-31 4.2429520314682e-31 4.7112323054120e-31 5.0703984917352e-31 5.3276422648759e-31 5.4940838013930e-31 5.5823065332132e-31 5.6048788459354e-31
 1  12 4.8712166163612e-31 5.8765971863144e-31 6.7246251420711e-31 7.4667993613385e-31 8.0360395536902e-31 8.4437433123520e-31 8.7075355294223e-31 8.8473591718594e-31 8.8831336967346e-31
 1  13 7.7203572543927e-31 9.3138066150115e-31 1.0657813253199e-30 1.1834079668711e-30 1.2736265000199e-30 1.3382432364055e-30 1.3800514327241e-30 1.4022119462654e-30 1.4078817786974e-30
 1  14 1.2235936048274e-30 1.4761351184462e-30 1.6891494590243e-30 1.8755751518217e-30 2.0185617204185e-30 2.1209724809740e-30 2.1872340630948e-30 2.2223559535064e-30 2.2313421846405e-30
 1  15 1.9392639999866e-30 2.3395211429952e-30 2.6771214278395e-30 2.9725863527775e-30 3.1992047364974e-30 3.3615147395098e-30 3.4665324644167e-30 3.5221971060242e-30 3.5364392074997e-30
 1  16 3.0735227612984e-30 3.7078845883694e-30 4.2429515612705e-30 4.7112320232934e-30 5.0703983976956e-30 5.3276420767968e-30 5.4940838013930e-30 5.5823064391736e-30 5.6048785638168e-30
 1  17 4.8712143594121e-30 5.8765885346760e-30 6.7246251420711e-30 7.4667995494175e-30 8.0360397417693e-30 8.4437433123520e-30 8.7075355294223e-30 8.8473587957012e-30 8.8831336967346e-30
 1  18 7.7203956225284e-30 9.3137498151244e-30 1.0657812688962e-29 1.1834079668711e-29 1.2736265000199e-29 1.3382432552134e-29 1.3800514327241e-29 1.4022119650733e-29 1.4078818727369e-29
 1  19 1.2235917428444e-29 1.4761374318191e-29 1.6891493461768e-29 1.8755751518217e-29 2.0185619084976e-29 2.1209724809740e-29 2.1872341007106e-29 2.2223561415855e-29 2.2313422598721e-29
 1  20 1.9392742314894e-29 2.3395097077862e-29 2.6771208636022e-29 2.9725859013876e-29 3.1992043603392e-29 3.3615145138148e-29 3.4665318625636e-29 3.5221966546344e-29 3.5364386056466e-29
 1  21 3.0735846769369e-29 3.7078866948553e-29 4.2429497557111e-29 4.7112302929657e-29 5.0703963664414e-29 5.3276404217008e-29 5.4940822967602e-29 5.5823049345409e-29 5.6048768334891e-29
 1  22 4.8712491916607e-29 5.8766008726647e-29 6.7246185216869e-29 7.4667930794966e-29 8.0360329709219e-29 8.4437378956741e-29 8.7075301127444e-29 8.8473538304131e-29 8.8831285809832e-29
 1  23 7.7204350439069e-29 9.3139554984240e-29 1.0657785756035e-28 1.1834052284395e-28 1.2736238518662e-28 1.3382407274304e-28 1.3800490554044e-28 1.4022097683094e-28 1.4078798264363e-28
 1  24 9.7199842622714e-29 1.1725902892074e-28 1.3417337624964e-28 1.4898169511022e-28 1.6033955399363e-28 1.6847435707804e-28 1.7373773102306e-28 1.7652759702931e-28 1.7724143092614e-28
 1  25 1.2236020345325e-28 1.4762425153717e-28 1.6891384225429e-28 1.8755644689291e-28 2.0185515265315e-28 2.1209626105830e-28 2.1872251932846e-28 2.2223478961979e-28 2.2313345260597e-28
 1  26 1.5404137788949e-28 1.8584220072353e-28 2.1264919554533e-28 2.3611884266300e-28 2.5411988392596e-28 2.6701263675267e-28 2.7535463378792e-28 2.7977642449548e-28 2.8090783611544e-28
 1  27 1.9393736576228e-28 2.3394793442969e-28 2.6770792153672e-28 2.9725419059255e-28 3.1991651195166e-28 3.3614745507685e-28 3.4664950291534e-28 3.5221642749372e-28 3.5364074898409e-28
 1  28 2.4417712614332e-28 2.9452213859581e-28 3.3702120134437e-28 3.7421764932529e-28 4.0274806255783e-28 4.2318140889580e-28 4.3640349574300e-28 4.4341123258690e-28 4.4520523633009e-28
 1  29 3.0734259682724e-28 3.7078294586247e-28 4.2427798525788e-28 4.7110624963193e-28 5.0702388012978e-28 5.3274871898996e-28 5.4939424260980e-28 5.5821683138854e-28 5.6047479165534e-28
 1  30 3.8699183708980e-28 4.6681060733572e-28 5.3412243667104e-28 5.9307558560297e-28 6.3829295402328e-28 6.7068035493307e-28 6.9163553198947e-28 7.0274415146395e-28 7.0558831665757e-28
 1  31 4.8666487468766e-28 5.8720828817564e-28 6.7172334229445e-28 7.4586755255223e-28 8.0273689343258e-28 8.4347016731163e-28 8.6982680749006e-28 8.8379865886461e-28 8.8737636262580e-28
3.26797386 3.27064814 3.27332242  3060.0  3055.0  1
1.0000000000000 
 1   1 4.4284391331688e-33 5.0804564622112e-33 5.5762333269560e-33 5.9273571629664e-33 6.1518861348651e-33 6.2697114437778e-33 6.3000766669114e-33 6.2603956510475e-33 6.1658109674765e-33
 1   2 7.0115916425207e-33 8.0439372300357e-33 8.8289059088919e-33 9.3848434724858e-33 9.7403430862172e-33 9.9268962437446e-33 9.9749739626933e-33 9.9121467283777e-33 9.7623894827669e-33
 1   3 1.1112623272891e-32 1.2748781370173e-32 1.3992871693837e-32 1.4873973770072e-32 1.5437401436732e-32 1.5733069122691e-32 1.5809267605247e-32 1.5709692948157e-32 1.5472344475679e-32
 1   4 1.7612321655775e-32 2.0205457785585e-32 2.2177208499767e-32 2.3573660523714e-32 2.4466635092891e-32 2.4935235630271e-32 2.5056000042403e-32 2.4898186987069e-32 2.4522014101127e-32
 1   5 2.7913650319139e-32 3.2023493014352e-32 3.5148506542447e-32 3.7361736122383e-32 3.8777004872150e-32 3.9519688080471e-32 3.9711085009408e-32 3.9460966260176e-32 3.8864773157854e-32
 1   6 4.4240153071163e-32 5.0753814122883e-32 5.5706630265694e-32 5.9214358305794e-32 6.1457407238674e-32 6.2634482629398e-32 6.2937830701571e-32 6.2541418741644e-32 6.1596515240150e-32
 1   7 7.0115916425207e-32 8.0439372300357e-32 8.8289059088919e-32 9.3848436194226e-32 9.7403424984701e-32 9.9268958029343e-32 9.9749735218829e-32 9.9121468753145e-32 9.7623894827669e-32
 1   8 1.1112622832080e-31 1.2748781664046e-31 1.3992871987711e-31 1.4873974357819e-31 1.5437401730606e-31 1.5733070298185e-31 1.5809267017500e-31 1.5709693242030e-31 1.5472344475679e-31
 1   9 1.7612321361901e-31 2.0205457197838e-31 2.2177207912020e-31 2.3573659935967e-31 2.4466633623524e-31 2.4935235042524e-31 2.5056000630150e-31 2.4898185811575e-31 2.4522013513379e-31
 1  10 2.7913648555897e-31 3.2023491838858e-31 3.5148508305689e-31 3.7361736122383e-31 3.8777003108909e-31 3.9519687492724e-31 3.9711086184902e-31 3.9460969198912e-31 3.8864774921096e-31
 1  11 4.4240153071163e-31 5.0753816473872e-31 5.5706630265694e-31 5.9214361832277e-31 6.1457411940651e-31 6.2634486155881e-31 6.2937829526077e-31 6.2541419917138e-31 6.1596515240150e-31
 1  12 7.0115915249712e-31 8.0439369949368e-31 8.8289057913425e-31 9.3848431492249e-31 9.7403427335689e-31 9.9268965082309e-31 9.9749732867840e-31 9.9121464051168e-31 9.7623893652175e-31
 1  13 1.1112624242674e-30 1.2748781664046e-30 1.3992873163205e-30 1.4873974828017e-30 1.5437403376298e-30 1.5733071238581e-30 1.5809268663192e-30 1.5709693947327e-30 1.5472345651173e-30
 1  14 1.7612320891704e-30 2.0205455787245e-30 2.2177207441822e-30 2.3573658995571e-30 2.4466634093721e-30 2.4935235042524e-30 2.5055998749359e-30 2.4898185341377e-30 2.4522012102786e-30
 1  15 2.7913648085700e-30 3.2023490428265e-30 3.5148507365293e-30 3.7361731890603e-30 3.8777000757920e-30 3.9519683731142e-30 3.9711084304112e-30 3.9460965437330e-30 3.8864773510503e-30
 1  16 4.4240153071163e-30 5.0753813652685e-30 5.5706628384903e-30 5.9214359951486e-30 6.1457410059860e-30 6.2634484275090e-30 6.2937829526077e-30 6.2541418976742e-30 6.1596517120941e-30
 1  17 7.0115917130503e-30 8.0439375591741e-30 8.8289052271052e-30 9.3848429611458e-30 9.7403425454898e-30 9.9268959439936e-30 9.9749734748631e-30 9.9121467812749e-30 9.7623891771384e-30
 1  18 1.1112623302278e-29 1.2748782040205e-29 1.3992872598968e-29 1.4873975016096e-29 1.5437402812061e-29 1.5733070674343e-29 1.5809268287034e-29 1.5709693195011e-29 1.5472344898857e-29
 1  19 1.7612320891704e-29 2.0205456163403e-29 2.2177208194139e-29 2.3573660876362e-29 2.4466634846038e-29 2.4935236170999e-29 2.5056001006308e-29 2.4898186093693e-29 2.4522014359735e-29
 1  20 2.7913640186378e-29 3.2023484409734e-29 3.5148498337497e-29 3.7361728881338e-29 3.8776995491705e-29 3.9519679217244e-29 3.9711080542530e-29 3.9460962428064e-29 3.8864766739655e-29
 1  21 4.4240124483140e-29 5.0753785064663e-29 5.5706602806146e-29 5.9214335125045e-29 6.1457387490369e-29 6.2634461705599e-29 6.2937813727433e-29 6.2541403178098e-29 6.1596499817664e-29
 1  22 7.0115802778413e-29 8.0439268762814e-29 8.8288961993086e-29 9.3848345352023e-29 9.7403347213994e-29 9.9268893236094e-29 9.9749671554055e-29 9.9121409132071e-29 9.7623848137033e-29
 1  23 1.1112578464222e-28 1.2748740211414e-28 1.3992833177590e-28 1.4873938904909e-28 1.5437370913846e-28 1.5733042086321e-28 1.5809241504571e-28 1.5709670926446e-28 1.5472324134924e-28
 1  24 1.3989874467712e-28 1.6049681821065e-28 1.7615905829739e-28 1.8725153607152e-28 1.9434474809377e-28 1.9806706511966e-28 1.9902638286202e-28 1.9777287932065e-28 1.9478488327137e-28
 1  25 1.7612146655229e-28 2.0205292158431e-28 2.2177052013257e-28 2.3573519741808e-28 2.4466508456885e-28 2.4935123323541e-28 2.5055900797766e-28 2.4898097320360e-28 2.4521934313272e-28
 1  26 2.2172227558747e-28 2.5436818444404e-28 2.7919149549725e-28 2.9677208217922e-28 3.0801421674709e-28 3.1391374942686e-28 3.1543434334033e-28 3.1344784289919e-28 3.0871231820369e-28
 1  27 2.7912919166355e-28 3.2022836815790e-28 3.5147903706626e-28 3.7361153509767e-28 3.8776512203660e-28 3.9519223012588e-28 3.9710677300948e-28 3.9460616964381e-28 3.8864452572333e-28
 1  28 3.5139785911911e-28 4.0313844855756e-28 4.4248144175800e-28 4.7034483322842e-28 4.8816372966688e-28 4.9751392695389e-28 4.9992509494776e-28 4.9677672911943e-28 4.8927229494287e-28
 1  29 4.4237368597761e-28 5.0751205522243e-28 5.5704186967772e-28 5.9212114287078e-28 6.1455447115950e-28 6.2632647720332e-28 6.2936265761240e-28 6.2539952712109e-28 6.1595187777890e-28
 1  30 5.5689525826070e-28 6.3890068121723e-28 7.0125709280564e-28 7.4542102569462e-28 7.7366324758511e-28 7.8848650443982e-28 7.9230841611796e-28 7.8732112423047e-28 7.7542961423360e-28
 1  31 7.0034810202014e-28 8.0348593573620e-28 8.8191249937357e-28 9.3745949675411e-28 9.7298260050285e-28 9.9162743199797e-28 9.9643792351656e-28 9.9016815487910e-28 9.7521311626794e-28
3.27332242 3.27600547 3.27868852  3055.0  3050.0  1
1.0000000000000 
 1   1 1.6750631399376e-32 1.8624633880816e-32 1.9892646983888e-32 2.0649418492004e-32 2.0992076564636e-32 2.1008847930287e-32 2.0775237529844e-32 2.0353686153856e-32 1.9794738590040e-32
 1   2 2.6521441829799e-32 2.9488568834163e-32 3.1496227962027e-32 3.2694429924971e-32 3.3236964648914e-32 3.3263519066299e-32 3.2893640952605e-32 3.2226195260208e-32 3.1341206705776e-32
 1   3 4.2033653196386e-32 4.6736230101794e-32 4.9918155188883e-32 5.1817178067580e-32 5.2677034552792e-32 5.2719123128023e-32 5.2132904095268e-32 5.1075076728963e-32 4.9672465114618e-32
 1   4 6.6618850118869e-32 7.4071936868407e-32 7.9114942815285e-32 8.2124696183546e-32 8.3487476171813e-32 8.3554179598750e-32 8.2625092373748e-32 8.0948543555887e-32 7.8725554434104e-32
 1   5 1.0558377245668e-31 1.1739610359911e-31 1.2538873637820e-31 1.3015888069889e-31 1.3231873401910e-31 1.3242445798101e-31 1.3095193971762e-31 1.2829479351230e-31 1.2477160184402e-31
 1   6 1.6733899118913e-31 1.8606029037852e-31 1.9872775839634e-31 2.0628790329388e-31 2.0971106039291e-31 2.0987861535768e-31 2.0754483589333e-31 2.0333353334196e-31 1.9774965305691e-31
 1   7 2.6521442417546e-31 2.9488568834163e-31 3.1496226198785e-31 3.2694431100466e-31 3.3236961710178e-31 3.3263518478552e-31 3.2893639777111e-31 3.2226194084714e-31 3.1341206705776e-31
 1   8 4.2033651433144e-31 4.6736230689541e-31 4.9918152837895e-31 5.1817178067580e-31 5.2677033377297e-31 5.2719120777034e-31 5.2132906446256e-31 5.1075074377974e-31 4.9672465114618e-31
 1   9 6.6618852469858e-31 7.4071933341924e-31 7.9114945166274e-31 8.2124699710029e-31 8.3487473820824e-31 8.3554176072267e-31 8.2625084145287e-31 8.0948537678416e-31 7.8725555609598e-31
 1  10 1.0558376775470e-30 1.1739610359911e-30 1.2538874108018e-30 1.3015887834791e-30 1.3231873166811e-30 1.3242445092804e-30 1.3095194206861e-30 1.2829479821428e-30 1.2477159714204e-30
 1  11 1.6733899354012e-30 1.8606029272951e-30 1.9872775839634e-30 2.0628791739981e-30 2.0971106979687e-30 2.0987862946361e-30 2.0754484999926e-30 2.0333355214987e-30 1.9774965305691e-30
 1  12 2.6521443357942e-30 2.9488567893768e-30 3.1496225728588e-30 3.2694428749477e-30 3.3236961710178e-30 3.3263518478552e-30 3.2893642128100e-30 3.2226194554912e-30 3.1341207175974e-30
 1  13 4.2033654254331e-30 4.6736233510727e-30 4.9918155659081e-30 5.1817182769558e-30 5.2677039019670e-30 5.2719123598221e-30 5.2132907386652e-30 5.1075079079951e-30 4.9672467935805e-30
 1  14 6.6618849648671e-30 7.4071927699551e-30 7.9114937643110e-30 8.2124692186865e-30 8.3487475701615e-30 8.3554176072267e-30 8.2625087906869e-30 8.0948535797625e-30 7.8725553728807e-30
 1  15 1.0558376023154e-29 1.1739609795673e-29 1.2538872979543e-29 1.3015887458632e-29 1.3231872978732e-29 1.3242444528567e-29 1.3095193642624e-29 1.2829478504875e-29 1.2477158961888e-29
 1  16 1.6733899730170e-29 1.8606028520635e-29 1.9872775839634e-29 2.0628792116140e-29 2.0971106603528e-29 2.0987862194045e-29 2.0754484623768e-29 2.0333354462671e-29 1.9774965681849e-29
 1  17 2.6521439596360e-29 2.9488566389135e-29 3.1496224976271e-29 3.2694430254110e-29 3.3236961710178e-29 3.3263518478552e-29 3.2893640623467e-29 3.2226194554912e-29 3.1341205671341e-29
 1  18 4.2033649740432e-29 4.6736225987564e-29 4.9918151145183e-29 5.1817175246394e-29 5.2677036762721e-29 5.2719124350537e-29 5.2132907386652e-29 5.1075078327635e-29 4.9672465678855e-29
 1  19 6.6618831593078e-29 7.4071915662489e-29 7.9114927110681e-29 8.2124680149803e-29 8.3487462159920e-29 8.3554171558369e-29 8.2625078879072e-29 8.0948532788359e-29 7.8725546205643e-29
 1  20 1.0558365641188e-28 1.1739601068803e-28 1.2538864403137e-28 1.3015879935469e-28 1.3231866960201e-28 1.3242439111889e-28 1.3095188526872e-28 1.2829473990976e-28 1.2477155200306e-28
 1  21 1.6733858804159e-28 1.8605991506668e-28 1.9872741834934e-28 2.0628763227190e-28 2.0971080422918e-28 2.0987838420847e-28 2.0754463859836e-28 2.0333337610784e-28 1.9774950334595e-28
 1  22 2.6521283114552e-28 2.9488418935123e-28 3.1496094976000e-28 3.2694317105726e-28 3.3236863608122e-28 3.3263429404292e-28 3.2893564188122e-28 3.2226128351070e-28 3.1341149097149e-28
 1  23 4.2032973257539e-28 4.6735651217846e-28 4.9917638968188e-28 5.1816707004676e-28 5.2676634724845e-28 5.2718759627554e-28 5.2132593219330e-28 5.1074809901149e-28 4.9672232159850e-28
 1  24 5.2915926705610e-28 5.8836273873256e-28 6.2842203342756e-28 6.5232999812645e-28 6.6315617997459e-28 6.6368749589799e-28 6.5630834346432e-28 6.4299183790160e-28 6.2533467143021e-28
 1  25 6.6616318254501e-28 7.4069633435505e-28 7.9112835069279e-28 8.2122827645938e-28 8.3485817897230e-28 8.3552715073849e-28 8.2623877580270e-28 8.0947490378777e-28 7.8724635000038e-28
 1  26 8.3863097943686e-28 9.3246430855385e-28 9.9595730769894e-28 1.0338526756567e-27 1.0510134818331e-27 1.0518564613698e-27 1.0401633703055e-27 1.0190607633118e-27 9.9107767529534e-28
 1  27 1.0557368250218e-27 1.1738696122471e-27 1.2538058160714e-27 1.3015164933977e-27 1.3231243681122e-27 1.3241888295925e-27 1.3094706803645e-27 1.2829060397521e-27 1.2476784699533e-27
 1  28 1.3290196396720e-27 1.4777467870289e-27 1.5783879896098e-27 1.6384596705052e-27 1.6656684383875e-27 1.6670148560116e-27 1.6484914543995e-27 1.6150515327751e-27 1.5707082476600e-27
 1  29 1.6729885129201e-27 1.8602385925071e-27 1.9869528420822e-27 2.0625929702760e-27 2.0968596936255e-27 2.0985668379282e-27 2.0752571152183e-27 2.0331684199926e-27 1.9773505405654e-27
 1  30 2.1058724679863e-27 2.3416336413845e-27 2.5011869224412e-27 2.5964401434097e-27 2.6396056260673e-27 2.6417782676375e-27 2.6124532879323e-27 2.5594848218578e-27 2.4892301715675e-27
 1  31 2.6479000285588e-27 2.9444630028943e-27 3.1451853476283e-27 3.2650378939974e-27 3.3193772370063e-27 3.3221559687301e-27 3.2853160103819e-27 3.2187346862745e-27 3.1304084575370e-27
3.27868852 3.28138038 3.28407225  3050.0  3045.0  1
1.0000000000000 
 1   1 1.1893479561168e-29 1.3720582216018e-29 1.4463965595795e-29 1.4802489913238e-29 1.4888178749436e-29 1.4639214688304e-29 1.4311726852222e-29 1.3883786723212e-29 1.3378842498347e-29
 1   2 1.8831073434636e-29 2.1723934563196e-29 2.2900941069951e-29 2.3436930382740e-29 2.3572603119525e-29 2.3178416417423e-29 2.2659900404982e-29 2.1982337185688e-29 2.1182895702835e-29
 1   3 2.9845248614835e-29 3.4430114431178e-29 3.6295543091922e-29 3.7145028660673e-29 3.7360055729699e-29 3.6735311139129e-29 3.5913519841125e-29 3.4839654406055e-29 3.3572666345812e-29
 1   4 4.7287400054257e-29 5.4568053208335e-29 5.7524566321557e-29 5.8870905704774e-29 5.9211699008434e-29 5.8221548331369e-29 5.6919096076759e-29 5.5217133729311e-29 5.3209135095169e-29
 1   5 7.4945481374077e-29 8.6451745196762e-29 9.1170291616104e-29 9.3304101623863e-29 9.3844222658236e-29 9.2274938828363e-29 9.0210691002782e-29 8.7513263615328e-29 8.4330838919630e-29
 1   6 1.1878057376212e-28 1.3701677107128e-28 1.4449516908240e-28 1.4787702984237e-28 1.4873306959146e-28 1.4624591162422e-28 1.4297429831650e-28 1.3869916717420e-28 1.3365540942816e-28
 1   7 1.8825452427538e-28 2.1715695495079e-28 2.2900939264392e-28 2.3436930382740e-28 2.3572602517672e-28 2.3178415213717e-28 2.2659899502202e-28 2.1982335681055e-28 2.1182959198338e-28
 1   8 2.9852198212669e-28 3.4431621471359e-28 3.6285846636505e-28 3.7154267707728e-28 3.7360053322286e-28 3.6763657818645e-28 3.5913518637418e-28 3.4839653804202e-28 3.3572731345948e-28
 1   9 4.7287791258777e-28 5.4570440157760e-28 5.7526420029129e-28 5.8885539161233e-28 5.9201497598260e-28 5.8266468239909e-28 5.6914715789842e-28 5.5227427824864e-28 5.3209192873067e-28
 1  10 7.4931867456783e-28 8.6437796649140e-28 9.1167312443221e-28 9.3260981256115e-28 9.3821455758881e-28 9.2347637868938e-28 9.0230260858429e-28 8.7529538927065e-28 8.4315161849882e-28
 1  11 1.1883111979351e-27 1.3707691786344e-27 1.4449150740809e-27 1.4780258542778e-27 1.4872143697460e-27 1.4637158096050e-27 1.4308482743601e-27 1.3871995758795e-27 1.3372809161684e-27
 1  12 1.8826808763701e-27 2.1711946190960e-27 2.2903599936610e-27 2.3423676132863e-27 2.3568490657241e-27 2.3199079960538e-27 2.2660052613633e-27 2.1978893562762e-27 2.1180035155200e-27
 1  13 2.9826050824779e-27 3.4422777601055e-27 3.6290274830929e-27 3.7130427102429e-27 3.7354358828923e-27 3.6763949597032e-27 3.5917387830677e-27 3.4855322207265e-27 3.3562634176732e-27
 1  14 4.7298755577951e-27 5.4544392918227e-27 5.7524784914606e-27 5.8868571718423e-27 5.9202732119354e-27 5.8273844551596e-27 5.6954251279741e-27 5.5186043442219e-27 5.3204554270796e-27
 1  15 7.4974349619496e-27 8.6478214214953e-27 9.1113765812977e-27 9.3275914916904e-27 9.3824989840329e-27 9.2358309446760e-27 9.0189411884309e-27 8.7465461311885e-27 8.4285650825345e-27
 1  16 1.1880861530211e-26 1.3696118295530e-26 1.4447955123500e-26 1.4783036118944e-26 1.4870838494737e-26 1.4633226502662e-26 1.4301536684664e-26 1.3866792666457e-26 1.3362921629943e-26
 1  17 1.8795332135062e-26 2.1712619881255e-26 2.2901046538690e-26 2.3438082088847e-26 2.3564879153409e-26 2.3194552099239e-26 2.2661069504644e-26 2.1971768392340e-26 2.1186418842593e-26
 1  18 2.9783563654648e-26 3.4394982580097e-26 3.6274761080041e-26 3.7110318853066e-26 3.7336922229579e-26 3.6752585839988e-26 3.5900896477749e-26 3.4846623937264e-26 3.3535004015378e-26
 1  19 4.7062418551499e-26 5.4402085184264e-26 5.7451291427928e-26 5.8731779077449e-26 5.9128964380252e-26 5.8180870668717e-26 5.6885382336045e-26 5.5137309710906e-26 5.3146144667443e-26
 1  20 7.4183271583723e-26 8.5893948699584e-26 9.0712939732207e-26 9.2866314299307e-26 9.3564715045412e-26 9.2047495168615e-26 8.9964883889904e-26 8.7273426066758e-26 8.4026437603014e-26
 1  21 1.1628077216108e-25 1.3473558139305e-25 1.4297188088924e-25 1.4636659588344e-25 1.4739986808381e-25 1.4515506577039e-25 1.4204558562318e-25 1.3766186092097e-25 1.3286381168019e-25
 1  22 1.7801930690473e-25 2.0896387967813e-25 2.2278420504763e-25 2.2770502076679e-25 2.2986216091211e-25 2.2728638214515e-25 2.2227151941495e-25 2.1590681706830e-25 2.0852537162244e-25
 1  23 2.6436708481790e-25 3.1093766092095e-25 3.3578660687209e-25 3.4849276482058e-25 3.5242464478743e-25 3.5058063311766e-25 3.4384104927772e-25 3.3476367614514e-25 3.2237843667366e-25
 1  24 3.1119968600100e-25 3.6943662742374e-25 4.0497794199567e-25 4.2373771992321e-25 4.2967971608418e-25 4.2980553939856e-25 4.2295911420976e-25 4.1211148790206e-25 3.9893124920144e-25
 1  25 3.4799962814720e-25 4.2446721904531e-25 4.8470991327529e-25 5.0685111882117e-25 5.1384584986015e-25 5.1193734881138e-25 5.1250064480152e-25 4.9894209799303e-25 4.8505592738985e-25
 1  26 3.7679551637810e-25 4.7202808675535e-25 5.4076710875740e-25 5.8068342125777e-25 6.0140354318670e-25 6.0477602216413e-25 6.0209552211200e-25 5.9339902088523e-25 5.7616946055049e-25
 1  27 3.8934326119606e-25 5.0415355965196e-25 5.8776063756516e-25 6.4644538081113e-25 6.7701152221715e-25 6.9338112555759e-25 6.9563159780876e-25 6.8665648077103e-25 6.7599093342102e-25
 1  28 3.8743288660265e-25 5.1215216549664e-25 6.2376040358253e-25 6.8509882560986e-25 7.3441471161879e-25 7.6369934848428e-25 7.7321449011544e-25 7.7123799911741e-25 7.6297147638779e-25
 1  29 3.9685188581099e-25 5.0386237137032e-25 6.1329685392807e-25 7.0393485187428e-25 7.6406897912218e-25 8.0454848900508e-25 8.3727201707545e-25 8.3667820202905e-25 8.4308611916216e-25
 1  30 3.8788934124393e-25 4.8887618353861e-25 6.0992767830568e-25 7.1957811153623e-25 7.7515212971389e-25 8.4049214729057e-25 8.7295771784494e-25 8.9564101874411e-25 8.9543916895999e-25
 1  31 3.7620212041405e-25 4.9240273691159e-25 5.9873107965503e-25 7.1178293319748e-25 7.8260750621771e-25 8.5113920571311e-25 9.0709873035438e-25 9.4675289451519e-25 9.5416611626440e-25
3.28407225 3.28677296 3.28947368  3045.0  3040.0  1
1.0000000000000 
 1   1 1.0927400187221e-31 1.5657707004365e-31 2.0572857957187e-31 2.5334538718555e-31 2.9701429702199e-31 3.3526474213842e-31 3.6739095572662e-31 3.9324313278651e-31 4.1304243082527e-31
 1   2 1.7301461880826e-31 2.4791004236667e-31 3.2573209421031e-31 4.0112428168138e-31 4.7026573092217e-31 5.3082799921269e-31 5.8169375566260e-31 6.2262578551191e-31 6.5397419799805e-31
 1   3 2.7420968310615e-31 3.9291091457308e-31 5.1625055270882e-31 6.3573903625239e-31 7.4532082956542e-31 8.4130563270272e-31 9.2192244587534e-31 9.8679525195032e-31 1.0364791663799e-30
 1   4 4.3459305087754e-31 6.2272184691026e-31 8.1820199653392e-31 1.0075785563102e-30 1.1812539910227e-30 1.3333796990586e-30 1.4611485999083e-30 1.5639652351532e-30 1.6427089686075e-30
 1   5 6.8878359499144e-31 9.8694759601819e-31 1.2967627679119e-30 1.5969043736147e-30 1.8721613281479e-30 2.1132644353772e-30 2.3157644962047e-30 2.4787179178049e-30 2.6035181782012e-30
 1   6 1.0916484076482e-30 1.5642065406336e-30 2.0552303733167e-30 2.5309228444391e-30 2.9671756933400e-30 3.3492982498996e-30 3.6702394288041e-30 3.9285028727645e-30 4.1262981350022e-30
 1   7 1.7301452476872e-30 2.4791000945283e-30 3.2573208010438e-30 4.0112422525765e-30 4.7026567449844e-30 5.3082800861664e-30 5.8169373685469e-30 6.2262576670400e-30 6.5397418859410e-30
 1   8 2.7420954204682e-30 3.9291088636122e-30 5.1625056211277e-30 6.3573901744448e-30 7.4532082016147e-30 8.4130578316600e-30 9.2192242706743e-30 9.8679527075823e-30 1.0364792228036e-29
 1   9 4.3459305087754e-30 6.2272183750630e-30 8.1820199653392e-30 1.0075786127339e-29 1.1812540850622e-29 1.3333798307140e-29 1.4611484306371e-29 1.5639649530346e-29 1.6427091566866e-29
 1  10 6.8878364201121e-30 9.8694753959446e-30 1.2967627867198e-29 1.5969043736147e-29 1.8721612905320e-29 2.1132643977614e-29 2.3157644962047e-29 2.4787174287993e-29 2.6035187424385e-29
 1  11 1.0916478622188e-29 1.5642065970573e-29 2.0552304109325e-29 2.5309229196707e-29 2.9671761447298e-29 3.3492987012895e-29 3.6702389774142e-29 3.9285031736910e-29 4.1262982854655e-29
 1  12 1.7301451724555e-29 2.4791000569124e-29 3.2573208010438e-29 4.0112423278081e-29 4.7026568954477e-29 5.3082806127879e-29 5.8169373685469e-29 6.2262576670400e-29 6.5397430896472e-29
 1  13 2.7420951195417e-29 3.9291089388438e-29 5.1625051697379e-29 6.3573906258346e-29 7.4532080511514e-29 8.4130560261007e-29 9.2192226155782e-29 9.8679528580456e-29 1.0364794033596e-28
 1  14 4.3459265214985e-29 6.2272164190404e-29 8.1820172570002e-29 1.0075782365757e-28 1.1812537239504e-28 1.3333793191389e-28 1.4611480394326e-28 1.5639645317374e-28 1.6427085849261e-28
 1  15 6.8878254362929e-29 9.8694689260237e-29 1.2967619742181e-28 1.5969035912056e-28 1.8721605081230e-28 2.1132634648891e-28 2.3157629614792e-28 2.4787161348151e-28 2.6035175989176e-28
 1  16 1.0916453795747e-28 1.5642040692742e-28 2.0552274919449e-28 2.5309196696639e-28 2.9671724132405e-28 3.3492942475765e-28 3.6702355468515e-28 3.9284984190515e-28 4.1262952761999e-28
 1  17 1.7301384617934e-28 2.4790902467068e-28 3.2573087037964e-28 4.0112291472251e-28 4.7026423306024e-28 5.3082640016421e-28 5.8169223222192e-28 6.2262426207123e-28 6.5397262377602e-28
 1  18 2.7420581657609e-28 3.9290680128325e-28 5.1624556974125e-28 6.3573348942369e-28 7.4531509954768e-28 8.4129974056080e-28 9.2191608654494e-28 9.8678891819868e-28 1.0364735774215e-27
 1  19 4.3458098823663e-28 6.2270582520437e-28 8.1818222565934e-28 1.0075563170855e-27 1.1812301313085e-27 1.3333549079768e-27 1.4611243745684e-27 1.5639402409460e-27 1.6426847756172e-27
 1  20 6.8873537038272e-28 9.8688367395195e-28 1.2966858759112e-27 1.5968179836196e-27 1.8720659208886e-27 2.1131686609876e-27 2.3156678686882e-27 2.4786188753529e-27 2.6034256839110e-27
 1  21 1.0914563736248e-27 1.5639517965256e-27 2.0549241098304e-27 2.5305789245085e-27 2.9668061013651e-27 3.3489171504933e-27 3.6698548867980e-27 3.9281213219684e-27 4.1259278087665e-27
 1  22 1.7293828231797e-27 2.4780880890602e-27 3.2561027346134e-27 4.0098728110617e-27 4.7011888312734e-27 5.3067605244311e-27 5.8154059412775e-27 6.2247457879595e-27 6.5382725458382e-27
 1  23 2.7390619965464e-27 3.9250845156321e-27 5.1576619614844e-27 6.3519419052066e-27 7.4473684871153e-27 8.4070139264568e-27 9.2131334750954e-27 9.8619376732727e-27 1.0358943154721e-26
 1  24 3.4460487309366e-27 4.9384345114728e-27 6.4895549923369e-27 7.9926192840427e-27 9.3713894497417e-27 1.0579362755368e-26 1.1594172220921e-26 1.2411020740094e-26 1.3036833956967e-26
 1  25 4.3338908797194e-27 6.2112427079334e-27 8.1627867502090e-27 1.0054142400235e-26 1.1789334405906e-26 1.3309781370917e-26 1.4587279977165e-26 1.5615737352675e-26 1.6403829426662e-26
 1  26 5.4472601953620e-27 7.8078186021590e-27 1.0262269175233e-26 1.2641570732249e-26 1.4824891969239e-26 1.6738420465529e-26 1.8346547317189e-26 1.9641507174684e-26 2.0634128386533e-26
 1  27 6.8403099760406e-27 9.8063314535464e-27 1.2891532557499e-26 1.5883353792539e-26 1.8629677507941e-26 2.1037453553999e-26 2.3061658310844e-26 2.4692317002110e-26 2.5942880322527e-26
 1  28 8.5772098963862e-27 1.2299820626593e-26 1.6174355644161e-26 1.9933761651141e-26 2.3386536499815e-26 2.6415287826725e-26 2.8962951097992e-26 3.1016593308851e-26 3.2592765130874e-26
 1  29 1.0731164553585e-26 1.5395110521966e-26 2.0254023771221e-26 2.4972700046389e-26 2.9310151585390e-26 3.3118109515896e-26 3.6323984767932e-26 3.8910745957813e-26 4.0898512120111e-26
 1  30 1.3380478407316e-26 1.9207746151121e-26 2.5287356939959e-26 3.1199642935229e-26 3.6641371859791e-26 4.1424925781438e-26 4.5457665929102e-26 4.8716530447255e-26 5.1225487148871e-26
 1  31 1.6584299847659e-26 2.3827186189603e-26 3.1400216983358e-26 3.8780066218483e-26 4.5586090019281e-26 5.1580767297572e-26 5.6644995464107e-26 6.0747010541498e-26 6.3914219283226e-26
3.28947368 3.29218330 3.29489292  3040.0  3035.0  1
1.0000000000000 
 1   1 7.4707375318999e-33 8.8981704441462e-33 1.0109327824204e-32 1.1084763322092e-32 1.1827517794759e-32 1.2354222283216e-32 1.2688543162165e-32 1.2856775505551e-32 1.2885116674349e-32
 1   2 1.1828493455070e-32 1.4088561342098e-32 1.6006199643208e-32 1.7550617018564e-32 1.8726627117533e-32 1.9560562482941e-32 2.0089896405324e-32 2.0356260486484e-32 2.0401133513959e-32
 1   3 1.8746897048245e-32 2.2328864903439e-32 2.5368114363697e-32 2.7815852127886e-32 2.9679701276871e-32 3.1001400676313e-32 3.1840339239551e-32 3.2262497464498e-32 3.2333614872722e-32
 1   4 2.9711830476215e-32 3.5388868688567e-32 4.0205753603385e-32 4.4085155324800e-32 4.7039160873472e-32 4.9133912377789e-32 5.0463537547891e-32 5.1132617177436e-32 5.1245329453264e-32
 1   5 4.7090080350014e-32 5.6087578597437e-32 6.3721826658852e-32 6.9870267493243e-32 7.4552044026114e-32 7.7872004476085e-32 7.9979319076276e-32 8.1039732530152e-32 8.1218372406647e-32
 1   6 7.4632747590769e-32 8.8892816497388e-32 1.0099229152237e-31 1.1073690459181e-31 1.1815702460228e-31 1.2341880768026e-31 1.2675866924959e-31 1.2843932054274e-31 1.2872245011208e-31
 1   7 1.1828493014259e-31 1.4088561929845e-31 1.6006198761588e-31 1.7550616136944e-31 1.8726626529786e-31 1.9560562189067e-31 2.0089896699197e-31 2.0356261368105e-31 2.0401132338464e-31
 1   8 1.8746897929866e-31 2.2328865491186e-31 2.5368115539192e-31 2.7815852127886e-31 2.9679701864618e-31 3.1001401851807e-31 3.1840338064057e-31 3.2262498052245e-31 3.2333615460469e-31
 1   9 2.9711830476215e-31 3.5388866337579e-31 4.0205753015638e-31 4.4085157088041e-31 4.7039160285725e-31 4.9133910026800e-31 5.0463535196902e-31 5.1132612475458e-31 5.1245328277770e-31
 1  10 4.7090082701003e-31 5.6087575070954e-31 6.3721827834347e-31 6.9870265142255e-31 7.4552042850619e-31 7.7872005651579e-31 7.9979319076276e-31 8.1039737232130e-31 8.1218374757635e-31
 1  11 7.4632747590769e-31 8.8892820023872e-31 1.0099229622434e-30 1.1073690929379e-30 1.1815703400624e-30 1.2341881003125e-30 1.2675868100454e-30 1.2843932759570e-30 1.2872245246307e-30
 1  12 1.1828492779161e-30 1.4088562164944e-30 1.6006198761588e-30 1.7550615901845e-30 1.8726627470181e-30 1.9560562659265e-30 2.0089896229000e-30 2.0356259487314e-30 2.0401133278860e-30
 1  13 1.8746898635162e-30 2.2328866901779e-30 2.5368116009389e-30 2.7815852598084e-30 2.9679703275211e-30 3.1001404672993e-30 3.1840339004452e-30 3.2262501343629e-30 3.2333617811458e-30
 1  14 2.9711829065621e-30 3.5388864926985e-30 4.0205751134847e-30 4.4085153326459e-30 4.7039157464539e-30 4.9133910967196e-30 5.0463536137298e-30 5.1132612475458e-30 5.1245324516188e-30
 1  15 4.7090077999025e-30 5.6087575070954e-30 6.3721822191974e-30 6.9870263261464e-30 7.4552040969828e-30 7.7871998128415e-30 7.9979311553112e-30 8.1039731589757e-30 8.1218369115263e-30
 1  16 7.4632749471560e-30 8.8892816262290e-30 1.0099229058197e-29 1.1073690929379e-29 1.1815702836386e-29 1.2341881191204e-29 1.2675867536216e-29 1.2843932007254e-29 1.2872244682069e-29
 1  17 1.1828492967240e-29 1.4088561224549e-29 1.6006199137746e-29 1.7550615901845e-29 1.8726626341707e-29 1.9560563035423e-29 2.0089895852841e-29 2.0356259487314e-29 2.0401132150385e-29
 1  18 1.8746898259004e-29 2.2328864644830e-29 2.5368114504757e-29 2.7815851093451e-29 2.9679702899053e-29 3.1001402416044e-29 3.1840340509085e-29 3.2262498334363e-29 3.2333616306825e-29
 1  19 2.9711829817938e-29 3.5388863422353e-29 4.0205749630214e-29 4.4085153326459e-29 4.7039156712222e-29 4.9133909462563e-29 5.0463535384981e-29 5.1132615484724e-29 5.1245324516188e-29
 1  20 4.7090061448065e-29 5.6087557767677e-29 6.3721805641013e-29 6.9870240691972e-29 7.4552025923501e-29 7.7871986091353e-29 7.9979296506784e-29 8.1039713534164e-29 8.1218355573568e-29
 1  21 7.4632680258453e-29 8.8892747049182e-29 1.0099221535033e-28 1.1073683105289e-28 1.1815695764612e-28 1.2341874269894e-28 1.2675861818612e-28 1.2843925687796e-28 1.2872239265391e-28
 1  22 1.1828467087556e-28 1.4088533840232e-28 1.6006170248797e-28 1.7550589119381e-28 1.8726599258317e-28 1.9560536553886e-28 2.0089871176864e-28 2.0356236917822e-28 2.0401111085527e-28
 1  23 1.8746790226371e-28 2.2328755107564e-28 2.5368002560079e-28 2.7815739148773e-28 2.9679593963641e-28 3.1001297091750e-28 3.1840239397763e-28 3.2262408056397e-28 3.2333530241831e-28
 1  24 2.3600730724510e-28 2.8110158466784e-28 3.1936343301988e-28 3.5017855287131e-28 3.7364309627463e-28 3.9028250506691e-28 4.0084418451130e-28 4.0615898078584e-28 4.0705444191348e-28
 1  25 2.9711419955972e-28 3.5388433097381e-28 4.0205282592203e-28 4.4084690501419e-28 4.7038710739070e-28 4.9133486961681e-28 5.0463153810111e-28 5.1132255576565e-28 5.1244994700685e-28
 1  26 3.7404118599414e-28 4.4551035178153e-28 5.0615114497548e-28 5.5499051354571e-28 5.9217945039985e-28 6.1855053505286e-28 6.3529009220224e-28 6.4371435052023e-28 6.4513385718575e-28
 1  27 4.7088438250234e-28 5.6085848504851e-28 6.3720066285532e-28 6.9868448373418e-28 7.4550355179274e-28 7.7870297291533e-28 7.9977712429405e-28 8.1038307605304e-28 8.1216947237296e-28
 1  28 5.9279622946454e-28 7.0606613987678e-28 8.0217509966780e-28 8.7957962043194e-28 9.3852087674646e-28 9.8031750469605e-28 1.0068495970924e-27 1.0202004323564e-27 1.0224523259439e-27
 1  29 7.4626203115309e-28 8.8885932868298e-28 1.0098526033582e-27 1.1072994585333e-27 1.1815029392852e-27 1.2341237750047e-27 1.2675261409952e-27 1.2843364279218e-27 1.2871713967999e-27
 1  30 9.3944079718440e-28 1.1189566310042e-27 1.2712778525268e-27 1.3939562196069e-27 1.4873742219314e-27 1.5536227453444e-27 1.5956761960521e-27 1.6168422624374e-27 1.6204148624842e-27
 1  31 1.1814084724214e-27 1.4071743582977e-27 1.5987413135586e-27 1.7530309317808e-27 1.8705224806312e-27 1.9538455285592e-27 2.0067404241098e-27 2.0333652500330e-27 2.0378642223830e-27
3.29489292 3.29761148 3.30033003  3035.0  3030.0  1
1.0000000000000 
 1   1 5.3268573432168e-33 5.9932153359972e-33 6.4817405026234e-33 6.8110089599162e-33 7.0041199065532e-33 7.0847323703968e-33 7.0746385473430e-33 6.9930430763487e-33 6.8563918580656e-33
 1   2 8.4340661726583e-33 9.4891171682435e-33 1.0262604206028e-32 1.0783938154670e-32 1.1089692316842e-32 1.1217327493454e-32 1.1201345178387e-32 1.1072154675812e-32 1.0855793920283e-32
 1   3 1.3367092868073e-32 1.5039236520854e-32 1.6265131661336e-32 1.7091388109897e-32 1.7575976839815e-32 1.7778264723913e-32 1.7752935759388e-32 1.7548182275890e-32 1.7205272941340e-32
 1   4 2.1185415997988e-32 2.3835585644332e-32 2.5778497073985e-32 2.7087997780801e-32 2.7856083422043e-32 2.8176652486456e-32 2.8136506415640e-32 2.7811996506416e-32 2.7268521386992e-32
 1   5 3.3576623741584e-32 3.7776856074904e-32 4.0856298625753e-32 4.2931583943620e-32 4.4148917077124e-32 4.4656986306701e-32 4.4593359736226e-32 4.4079042754175e-32 4.3217696329874e-32
 1   6 5.3215358068222e-32 5.9872282493949e-32 6.4752870386374e-32 6.8041974109636e-32 6.9971318865112e-32 7.0776550127840e-32 7.0675710344955e-32 6.9860575542321e-32 6.8495426932937e-32
 1   7 8.4340808663377e-32 9.4891499351485e-32 1.0262638148427e-31 1.0783926399726e-31 1.1089706569711e-31 1.1217327640391e-31 1.1201345619197e-31 1.1072154088065e-31 1.0855793773347e-31
 1   8 1.3367117553455e-31 1.5039288830353e-31 1.6265198958387e-31 1.7091370477481e-31 1.7575999761955e-31 1.7778251793475e-31 1.7752935171641e-31 1.7548181688143e-31 1.7205273529087e-31
 1   9 2.1185405712412e-31 2.3835708189618e-31 2.5778605219465e-31 2.7087967217948e-31 2.7856122213357e-31 2.8176630152063e-31 2.8136334205717e-31 2.7811965943563e-31 2.7268520799245e-31
 1  10 3.3576590239995e-31 3.7776918376105e-31 4.0856135232038e-31 4.2931489316325e-31 4.4149042855020e-31 4.4656917540281e-31 4.4593083495054e-31 4.4078997497643e-31 4.3217816230298e-31
 1  11 5.3215536743364e-31 5.9872549331167e-31 6.4752886843295e-31 6.8041938844805e-31 6.9971620967160e-31 7.0776387909620e-31 7.0675389434997e-31 6.9860433307505e-31 6.8495811319590e-31
 1  12 8.4340976759069e-31 9.4891678026626e-31 1.0262632741153e-30 1.0783944737438e-30 1.1089766049725e-30 1.1217282736507e-30 1.1201310119268e-30 1.1072109184180e-30 1.0855869945381e-30
 1  13 1.3367123666025e-30 1.5039275664816e-30 1.6265155465096e-30 1.7091432073385e-30 1.7576017864568e-30 1.7778227343192e-30 1.7752911896853e-30 1.7548125734612e-30 1.7205298919765e-30
 1  14 2.1185408063401e-30 2.3835600514335e-30 2.5778623086979e-30 2.7087950761027e-30 2.7856186160250e-30 2.8176684224803e-30 2.8136501125915e-30 2.7811995095822e-30 2.7268649633426e-30
 1  15 3.3576707789430e-30 3.7777044389099e-30 4.0856418291078e-30 4.2931645421975e-30 4.4148919663212e-30 4.4657026626157e-30 4.4593132395619e-30 4.4079112225891e-30 4.3217736296682e-30
 1  16 5.3215550849296e-30 5.9872674403765e-30 6.4752698764199e-30 6.8042006553280e-30 6.9971494954166e-30 7.0776548717247e-30 7.0675444918331e-30 6.9860415439990e-30 6.8495841412245e-30
 1  17 8.4340790560764e-30 9.4891651695553e-30 1.0262684839063e-29 1.0783967118850e-29 1.1089701726674e-29 1.1217279539162e-29 1.1201356762884e-29 1.1072116331186e-29 1.0855806562725e-29
 1  18 1.3367095830319e-29 1.5039281495268e-29 1.6265146437300e-29 1.7091468184572e-29 1.7576125445811e-29 1.7778268344435e-29 1.7752814471881e-29 1.7548137771674e-29 1.7205326755472e-29
 1  19 2.1185552884305e-29 2.3835635497047e-29 2.5778587351951e-29 2.7088246797524e-29 2.7856205344317e-29 2.8176674068532e-29 2.8136389030774e-29 2.7812059418873e-29 2.7268655275799e-29
 1  20 3.3576897373159e-29 3.7777386693054e-29 4.0856518349157e-29 4.2931533326833e-29 4.4149292812138e-29 4.4657103362428e-29 4.4593553692794e-29 4.4079089656400e-29 4.3218084619168e-29
 1  21 5.3215430478674e-29 5.9873550852353e-29 6.4752876310865e-29 6.8042731786274e-29 6.9971887663318e-29 7.0776697675891e-29 7.0676501170535e-29 6.9860562894002e-29 6.8496535047952e-29
 1  22 8.4341882924155e-29 9.4892115122446e-29 1.0262769098498e-28 1.0783953426692e-28 1.1089866935352e-28 1.1217429701513e-28 1.1201389112488e-28 1.1072331343209e-28 1.0855865243403e-28
 1  23 1.3367339279901e-28 1.5040007029189e-28 1.6265910790746e-28 1.7091560569024e-28 1.7576015005766e-28 1.7778421816978e-28 1.7753091023384e-28 1.7548423651900e-28 1.7205304787833e-28
 1  24 1.6828955206282e-28 1.8934067654164e-28 2.0476540131799e-28 2.1516836006084e-28 2.2126787649121e-28 2.2382007070527e-28 2.2349959596252e-28 2.2091728501896e-28 2.1660202231144e-28
 1  25 2.1185176425186e-28 2.3836382697680e-28 2.5780271938799e-28 2.7089613004078e-28 2.7856848123436e-28 2.8177108606476e-28 2.8137196115791e-28 2.7813119884049e-28 2.7269930602534e-28
 1  26 2.6673058431232e-28 3.0007796500288e-28 3.2455783459876e-28 3.4102049117039e-28 3.5071049472195e-28 3.5474442721285e-28 3.5423735393261e-28 3.5013360648124e-28 3.4329828851561e-28
 1  27 3.3579245803985e-28 3.7781234941824e-28 4.0858950437565e-28 4.2935854030293e-28 4.4148568782850e-28 4.4657269473886e-28 4.4594151934783e-28 4.4082393829961e-28 4.3218055730219e-28
 1  28 4.2272669683593e-28 4.7560941087965e-28 5.1437780288118e-28 5.4050496850674e-28 5.5585073015537e-28 5.6220543230337e-28 5.6143905663025e-28 5.5494429122704e-28 5.4411310196105e-28
 1  29 5.3217363630856e-28 5.9871523811087e-28 6.4755956595070e-28 6.8041650858093e-28 6.9975323040857e-28 7.0781993983238e-28 7.0677810802897e-28 6.9859290576532e-28 6.8504119600814e-28
 1  30 6.6995114970788e-28 7.5376073568806e-28 8.1520454537232e-28 8.5665402444943e-28 8.8086941571569e-28 8.9116168163500e-28 8.8986938264231e-28 8.7955246481972e-28 8.6229565103552e-28
 1  31 8.4253724684656e-28 9.4795331124209e-28 1.0254652507489e-27 1.0774793222394e-27 1.1079443561752e-27 1.1208096645002e-27 1.1189912014467e-27 1.1062606119213e-27 1.0846615001880e-27
3.30033003 3.30305758 3.30578512  3030.0  3025.0  1
1.0000000000000 
 1   1 1.1561006042120e-32 1.2222145207325e-32 1.2563598398248e-32 1.2658687075022e-32 1.2567997685856e-32 1.2340094310487e-32 1.2013243698137e-32 1.1617263732383e-32 1.1175194837185e-32
 1   2 1.8304655502315e-32 1.9351444976665e-32 1.9892070991656e-32 2.0042625369373e-32 1.9899035795684e-32 1.9538194294813e-32 1.9020688784335e-32 1.8393728586748e-32 1.7693796638598e-32
 1   3 2.9010921398386e-32 3.0669972982834e-32 3.1526805508828e-32 3.1765419107101e-32 3.1537843400782e-32 3.0965950705428e-32 3.0145758338349e-32 2.9152095331184e-32 2.8042778373577e-32
 1   4 4.5979214678600e-32 4.8608630972180e-32 4.9966620820968e-32 5.0344800863514e-32 4.9984118054380e-32 4.9077723747820e-32 4.7777812136170e-32 4.6202958273336e-32 4.4444809576377e-32
 1   5 7.2872145049354e-32 7.7039489989474e-32 7.9191761371112e-32 7.9791128308181e-32 7.9219485405376e-32 7.7782954901538e-32 7.5722730605041e-32 7.3226756430166e-32 7.0440276458901e-32
 1   6 1.1549456516250e-31 1.2209936229124e-31 1.2551048232812e-31 1.2646041106796e-31 1.2555442230695e-31 1.2327766607356e-31 1.2001243664056e-31 1.1605658076657e-31 1.1164030726525e-31
 1   7 1.8304655796188e-31 1.9351444095045e-31 1.9892070403909e-31 2.0042625369373e-31 1.9899034032443e-31 1.9538193707065e-31 1.9020689372082e-31 1.8393728880622e-31 1.7693797226346e-31
 1   8 2.9010923161627e-31 3.0669971219593e-31 3.1526805508828e-31 3.1765419107101e-31 3.1537843400782e-31 3.0965948942186e-31 3.0145759513843e-31 2.9152095331184e-31 2.8042776610335e-31
 1   9 4.5979217029589e-31 4.8608628621192e-31 4.9966620820968e-31 5.0344796161537e-31 4.9984116878886e-31 4.9077726098808e-31 4.7777808021940e-31 4.6202955922347e-31 4.4444806637641e-31
 1  10 7.2872148575837e-31 7.7039492340462e-31 7.9191756669134e-31 7.9791127132686e-31 7.9219488931859e-31 7.7782954901538e-31 7.5722727078558e-31 7.3226752903683e-31 7.0440276458901e-31
 1  11 1.1549457691744e-30 1.2209936934421e-30 1.2551048467910e-30 1.2646041576994e-30 1.2555442935992e-30 1.2327767547751e-30 1.2001244369353e-30 1.1605658546855e-30 1.1164031902019e-30
 1  12 1.8304655090892e-30 1.9351445035440e-30 1.9892070874106e-30 2.0042624428978e-30 1.9899035443036e-30 1.9538194412362e-30 1.9020689136983e-30 1.8393729350820e-30 1.7693796756148e-30
 1  13 2.9010924102023e-30 3.0669973570581e-30 3.1526807389619e-30 3.1765419577299e-30 3.1537845751771e-30 3.0965951763372e-30 3.0145761394634e-30 2.9152096271579e-30 2.8042779431522e-30
 1  14 4.5979215148798e-30 4.8608628621192e-30 4.9966619880572e-30 5.0344794280746e-30 4.9984114998095e-30 4.9077720456435e-30 4.7777808021940e-30 4.6202954041556e-30 4.4444805697246e-30
 1  15 7.2872141052673e-30 7.7039484817298e-30 7.9191756669134e-30 7.9791127132686e-30 7.9219479527904e-30 7.7782946437979e-30 7.5722720495790e-30 7.3226752903683e-30 7.0440270816528e-30
 1  16 1.1549457315586e-29 1.2209936182104e-29 1.2551048467910e-29 1.2646041200835e-29 1.2555442747913e-29 1.2327766983514e-29 1.2001243617037e-29 1.1605658358776e-29 1.1164031337782e-29
 1  17 1.8304655090892e-29 1.9351444659282e-29 1.9892069745632e-29 2.0042624805136e-29 1.9899034690720e-29 1.9538193660046e-29 1.9020688760825e-29 1.8393727846187e-29 1.7693796756148e-29
 1  18 2.9010923725865e-29 3.0669970937474e-29 3.1526805132670e-29 3.1765418824983e-29 3.1537846127929e-29 3.0965950258740e-29 3.0145759890002e-29 2.9152094390788e-29 2.8042779807680e-29
 1  19 4.5979209130267e-29 4.8608627116559e-29 4.9966618375940e-29 5.0344795785379e-29 4.9984114245778e-29 4.9077723465701e-29 4.7777808021940e-29 4.6202957050821e-29 4.4444808706511e-29
 1  20 7.2872109455385e-29 7.7039460743174e-29 7.9191729585744e-29 7.9791103058562e-29 7.9219462976944e-29 7.7782935905549e-29 7.5722708458728e-29 7.3226739361988e-29 7.0440261788731e-29
 1  21 1.1549444375744e-28 1.2209925198285e-28 1.2551038687797e-28 1.2646033978598e-28 1.2555435826602e-28 1.2327760814520e-28 1.2001238651748e-28 1.1605653844877e-28 1.1164027275274e-28
 1  22 1.8304605137084e-28 1.9351401024932e-28 1.9892033634445e-28 2.0042593207848e-28 1.9899007908257e-28 1.9538170488701e-28 1.9020669501525e-28 1.8393711897079e-28 1.7693782010747e-28
 1  23 2.9010718493955e-28 3.0669801214898e-28 3.1526659484218e-28 3.1765291833977e-28 3.1537735988810e-28 3.0965855165949e-28 3.0145678639832e-28 2.9152026381387e-28 2.8042717214957e-28
 1  24 3.6522175092568e-28 3.8610865376555e-28 3.9689605219943e-28 3.9990035846793e-28 3.9703573026865e-28 3.8983638746941e-28 3.7951106777744e-28 3.6700176760266e-28 3.5303648846404e-28
 1  25 4.5978423711961e-28 4.8607948828107e-28 4.9966008698742e-28 5.0344275784294e-28 4.9983674291157e-28 4.9077346103802e-28 4.7777497465737e-28 4.6202688624335e-28 4.4444574585652e-28
 1  26 5.7882784476388e-28 6.1193222124372e-28 6.2903019395575e-28 6.3379354833896e-28 6.2925427590478e-28 6.1784424839400e-28 6.0148044017677e-28 5.8165539881174e-28 5.5952237114960e-28
 1  27 7.2868979819225e-28 7.7036783700551e-28 7.9189443747642e-28 7.9789077221002e-28 7.9217793436423e-28 7.7781415624600e-28 7.5721407252309e-28 7.3225681304225e-28 7.0439289194109e-28
 1  28 9.1734315848498e-28 9.6981550500580e-28 9.9691892452017e-28 1.0044707847216e-27 9.9728042157073e-28 9.7919959865983e-28 9.5326781862713e-28 9.2184790862491e-28 8.8677200580925e-28
 1  29 1.1548204317601e-27 1.2208858955319e-27 1.2550123148850e-27 1.2645249643628e-27 1.2554767528911e-27 1.2327183276278e-27 1.2000747780354e-27 1.1605225325465e-27 1.1163652922641e-27
 1  30 1.4537412258301e-27 1.5369245475406e-27 1.5798993631336e-27 1.5918846177706e-27 1.5805016014273e-27 1.5518588824048e-27 1.5107679151869e-27 1.4609803150085e-27 1.4053948953256e-27
 1  31 1.8281393107170e-27 1.9327820179434e-27 1.9868517307601e-27 2.0019454363272e-27 1.9876454064902e-27 1.9516364869129e-27 1.8999703346668e-27 1.8373637447787e-27 1.7674636581911e-27
3.30578512 3.30852170 3.31125828  3025.0  3020.0  1
1.0000000000000 
 1   1 1.0439031655217e-31 1.0561603977661e-31 1.0442390042578e-31 1.0164283360600e-31 9.7859105369797e-32 9.3481141229368e-32 8.8790871749813e-32 8.3981336613424e-32 7.9183350709031e-32
 1   2 1.6528222872350e-31 1.6722293463188e-31 1.6533540808793e-31 1.6093211204424e-31 1.5494129912482e-31 1.4800962052701e-31 1.4058347023052e-31 1.3296848852151e-31 1.2537178574966e-31
 1   3 2.6195466079120e-31 2.6503048281945e-31 2.6203894373615e-31 2.5506019834453e-31 2.4556540133452e-31 2.3457941921083e-31 2.2280978202322e-31 2.1074084046401e-31 1.9870088659548e-31
 1   4 4.1517016963980e-31 4.2004503875221e-31 4.1530375281783e-31 4.0424315031275e-31 3.8919494183127e-31 3.7178335493768e-31 3.5312971720312e-31 3.3400174398812e-31 3.1491968558247e-31
 1   5 6.5800040720894e-31 6.6572650839893e-31 6.5821209023164e-31 6.4068227211624e-31 6.1683243213354e-31 5.8923690291183e-31 5.5967289085023e-31 5.2935712664139e-31 4.9911410202298e-31
 1   6 1.0428603139535e-30 1.0551053915862e-30 1.0431958470610e-30 1.0154128970200e-30 9.7761351259582e-31 9.3387759958139e-31 8.8702173648078e-31 8.3897448634572e-31 7.9104252869659e-31
 1   7 1.6528221696856e-30 1.6722292992990e-30 1.6533540573694e-30 1.6093209793831e-30 1.5494128972087e-30 1.4800961582503e-30 1.4058347258151e-30 1.3296848852151e-30 1.2537178574966e-30
 1   8 2.6195466549317e-30 2.6503047341549e-30 2.6203894373615e-30 2.5506019364255e-30 2.4556539663254e-30 2.3457943331676e-30 2.2280978202322e-30 2.1074084046401e-30 1.9870088189351e-30
 1   9 4.1517019785167e-30 4.2004501994430e-30 4.1530377162574e-30 4.0424317852462e-30 3.8919493242731e-30 3.7178335963965e-30 3.5312971250114e-30 3.3400172988219e-30 3.1491969498642e-30
 1  10 6.5800043542081e-30 6.6572649899498e-30 6.5821206201977e-30 6.4068226271229e-30 6.1683240392168e-30 5.8923691231578e-30 5.5967287204232e-30 5.2935707962162e-30 4.9911411142694e-30
 1  11 1.0428603703772e-29 1.0551054480099e-29 1.0431959034847e-29 1.0154130098674e-29 9.7761355021164e-30 9.3387763719721e-30 8.8702171767287e-30 8.3897450515363e-30 7.9104254750450e-30
 1  12 1.6528222449172e-29 1.6722292992990e-29 1.6533539821378e-29 1.6093210546147e-29 1.5494130476720e-29 1.4800962710978e-29 1.4058346693913e-29 1.3296849040230e-29 1.2537179515362e-29
 1  13 2.6195466925476e-29 2.6503049974656e-29 2.6203895878248e-29 2.5506020116571e-29 2.4556541167887e-29 2.3457944083993e-29 2.2280978202322e-29 2.1074086679508e-29 1.9870090070142e-29
 1  14 4.1517016023585e-29 4.2004498985165e-29 4.1530371144043e-29 4.0424315595513e-29 3.8919493242731e-29 3.7178332202383e-29 3.5312966736216e-29 3.3400172235903e-29 3.1491966865535e-29
 1  15 6.5800034514284e-29 6.6572645385599e-29 6.5821207706610e-29 6.4068220252698e-29 6.1683238887535e-29 5.8923688222313e-29 5.5967283442650e-29 5.2935707209845e-29 4.9911407381112e-29
 1  16 1.0428602500066e-28 1.0551053125930e-28 1.0431958432994e-28 1.0154128594041e-28 9.7761347498001e-29 9.3387753187292e-29 8.8702170262654e-29 8.3897438478301e-29 7.9104250236552e-29
 1  17 1.6528217634347e-28 1.6722288780018e-28 1.6533536812112e-28 1.6093207837808e-28 1.5494126865601e-28 1.4800960604492e-28 1.4058344888354e-28 1.3296847836524e-28 1.2537176807023e-28
 1  18 2.6195444656911e-28 2.6503030113504e-28 2.6203880230067e-28 2.5506007477656e-28 2.4556531237311e-28 2.3457937463608e-28 2.2280970378232e-28 2.1074079156344e-28 1.9870085255317e-28
 1  19 4.1516934773415e-28 4.2004430975764e-28 4.1530315171704e-28 4.0424268049117e-28 3.8919454724132e-28 3.7178303313434e-28 3.5312946273210e-28 3.3400151171044e-28 3.1491949411795e-28
 1  20 6.5799699883956e-28 6.6572354088695e-28 6.5820976595017e-28 6.4068033678234e-28 6.1683082405727e-28 5.8923561833160e-28 5.5967177516503e-28 5.2935609709642e-28 4.9911331547620e-28
 1  21 1.0428461907180e-27 1.0550942384958e-27 1.0431862136497e-27 1.0154054445739e-27 9.7760695089232e-28 9.3387216334320e-28 8.8701746558066e-28 8.3897071347905e-28 7.9103932458111e-28
 1  22 1.6527683670270e-27 1.6721844371683e-27 1.6533168718752e-27 1.6092912689044e-27 1.5493882994722e-27 1.4800748511457e-27 1.4058166739834e-27 1.3296706039932e-27 1.2537048973423e-27
 1  23 2.6193321319147e-27 2.6501285220974e-27 2.6202450227083e-27 2.5504826401118e-27 2.4555558642689e-27 2.3457123758207e-27 2.2280291969409e-27 2.1073513895905e-27 1.9869609309879e-27
 1  24 3.2973861985293e-27 3.3361848276310e-27 3.2985868232567e-27 3.2107804030112e-27 3.0912891610996e-27 2.9530177911143e-27 2.8048733338620e-27 2.6529563650348e-27 2.5014003154791e-27
 1  25 4.1508474163170e-27 4.1997490887209e-27 4.1524632715403e-27 4.0419591891212e-27 3.8915590827181e-27 3.7175093269700e-27 3.5310265378728e-27 3.3397905536729e-27 3.1490058148589e-27
 1  26 5.2249801463885e-27 5.2866565121136e-27 5.2272188473559e-27 5.0881767202068e-27 4.8988951697145e-27 4.6798294978182e-27 4.4451006228702e-27 4.2043805650512e-27 3.9642228787759e-27
 1  27 6.5766047147073e-27 6.6544746845907e-27 6.5798325732941e-27 6.4049427269042e-27 6.1667699040296e-27 5.8910811213963e-27 5.5956542531350e-27 5.2926684950280e-27 4.9903810791188e-27
 1  28 8.2769527958244e-27 8.3754348383446e-27 8.2818338726754e-27 8.0619581546445e-27 7.7623589517517e-27 7.4154812502121e-27 7.0437166819311e-27 6.6624125974495e-27 6.2819559221435e-27
 1  29 1.0415088634832e-26 1.0539954376846e-26 1.0422853213996e-26 1.0146640963604e-26 9.7699498665249e-27 9.3336435339476e-27 8.8659345284411e-27 8.3861530236711e-27 7.9073976543756e-27
 1  30 1.3101899574208e-26 1.3260879698514e-26 1.3114904993937e-26 1.2768368567183e-26 1.2295100557485e-26 1.1746585694488e-26 1.1158400526496e-26 1.0554898822843e-26 9.9525965883588e-27
 1  31 1.6458163762253e-26 1.6661608216371e-26 1.6480931335684e-26 1.6047461512729e-26 1.5454141045133e-26 1.4765810601521e-26 1.4027307371742e-26 1.3269316812414e-26 1.2512642048423e-26
3.31125828 3.31400394 3.31674959  3020.0  3015.0  1
1.0000000000000 
 1   1 1.5009932128475e-29 1.8461463404184e-29 2.0491510926924e-29 2.1467653472909e-29 2.2025616442657e-29 2.2375055366207e-29 2.2255777108073e-29 2.1783539085709e-29 2.0987811036531e-29
 1   2 2.3765415790348e-29 2.9230220942688e-29 3.2444414454673e-29 3.3989891984874e-29 3.4873325078161e-29 3.5426674843839e-29 3.5237834403526e-29 3.4489992796855e-29 3.3230190862717e-29
 1   3 3.7665685765545e-29 4.6326773281387e-29 5.1420927197398e-29 5.3870282770953e-29 5.5270439859053e-29 5.6147520392789e-29 5.5848242916494e-29 5.4662845072785e-29 5.2666281647688e-29
 1   4 5.9696136593289e-29 7.3422991623321e-29 8.1496682543187e-29 8.5378592957625e-29 8.7597697587797e-29 8.8987851877249e-29 8.8513543480195e-29 8.6634678448823e-29 8.3470417679913e-29
 1   5 9.4612036760283e-29 1.1636760020892e-28 1.2916353894474e-28 1.3531589807796e-28 1.3883294708296e-28 1.4103627112465e-28 1.4028455659323e-28 1.3730661149085e-28 1.3229167047160e-28
 1   6 1.4995001657507e-28 1.8443020518481e-28 2.0471041601807e-28 2.1446118265939e-28 2.2003532947505e-28 2.2348640334240e-28 2.2225782855675e-28 2.1761619294603e-28 2.0966814488091e-28
 1   7 2.3778087205676e-28 2.9252213257094e-28 3.2444413250967e-28 3.3989798697642e-28 3.4873242022432e-28 3.5420203719226e-28 3.5225509053735e-28 3.4508287927621e-28 3.3223808210511e-28
 1   8 3.7685720853645e-28 4.6361630807821e-28 5.1370175332245e-28 5.3876344635453e-28 5.5291055735402e-28 5.6137232315768e-28 5.5828683894202e-28 5.4691947077951e-28 5.2656190978485e-28
 1   9 5.9711960515194e-28 7.3484348140231e-28 8.1416223208642e-28 8.5388251496296e-28 8.7630409507902e-28 8.8971501935727e-28 8.8482508322847e-28 8.6680887526720e-28 8.3454434868787e-28
 1  10 9.4700055369860e-28 1.1631047231194e-27 1.2913480647738e-27 1.3522329695882e-27 1.3891698022126e-27 1.4107547583608e-27 1.4022958814521e-27 1.3713014093746e-27 1.3230692865158e-27
 1  11 1.5007090719768e-27 1.8466962235102e-27 2.0451411560849e-27 2.1444457632844e-27 2.2001536721118e-27 2.2385002854555e-27 2.2226716450216e-27 2.1752078719141e-27 2.0969224789417e-27
 1  12 2.3770582338165e-27 2.9272116780104e-27 3.2433738784250e-27 3.3957827297601e-27 3.4898497704758e-27 3.5453935900719e-27 3.5232769809626e-27 3.4478367642970e-27 3.3227784292881e-27
 1  13 3.7714292024370e-27 4.6361782956287e-27 5.1374381563244e-27 5.3835650698693e-27 5.5301410497748e-27 5.6192954283884e-27 5.5887170534753e-27 5.4601300296224e-27 5.2684630223009e-27
 1  14 5.9766582777312e-27 7.3426803279422e-27 8.1442007558737e-27 8.5357430839396e-27 8.7606909310721e-27 8.9056880336092e-27 8.8518166915767e-27 8.6555698228475e-27 8.3429590372504e-27
 1  15 9.4627316847721e-27 1.1638470150386e-26 1.2905321445529e-26 1.3526294415265e-26 1.3877943030463e-26 1.4104514051353e-26 1.4025530893962e-26 1.3720990525203e-26 1.3229471632980e-26
 1  16 1.4993347668871e-26 1.8450744749412e-26 2.0474188378743e-26 2.1432984097793e-26 2.2019944374341e-26 2.2357009847999e-26 2.2269965518233e-26 2.1751517503156e-26 2.0984700021706e-26
 1  17 2.3763293078512e-26 2.9216591449436e-26 3.2425458826233e-26 3.3943846586948e-26 3.4861544501729e-26 3.5449661876987e-26 3.5218072653034e-26 3.4417554479046e-26 3.3236965586112e-26
 1  18 3.7595714828810e-26 4.6267622700561e-26 5.1300499809089e-26 5.3753203948889e-26 5.5219073911137e-26 5.6150108505597e-26 5.5792575789233e-26 5.4609167334861e-26 5.2609780881651e-26
 1  19 5.9429076650882e-26 7.3038437195021e-26 8.1097101239088e-26 8.5001580615432e-26 8.7450019975963e-26 8.8944590916614e-26 8.8256013953969e-26 8.6353571110440e-26 8.3397111489922e-26
 1  20 9.3128129838179e-26 1.1477600765842e-25 1.2753953058587e-25 1.3433525913555e-25 1.3790078716764e-25 1.4027543105567e-25 1.3940371510350e-25 1.3651152915783e-25 1.3172670566317e-25
 1  21 1.4442642946490e-25 1.7735710747861e-25 1.9885521882340e-25 2.1028793340374e-25 2.1571044000671e-25 2.1980302573109e-25 2.1949068611643e-25 2.1505366399931e-25 2.0748811813969e-25
 1  22 2.1692881102292e-25 2.6744904111508e-25 3.0279143947938e-25 3.2471770508048e-25 3.3422905031853e-25 3.4005271734371e-25 3.4081670447852e-25 3.3441241117519e-25 3.2427288613755e-25
 1  23 2.9382532038634e-25 3.7527407486286e-25 4.4345909464232e-25 4.8088891756944e-25 4.9908576928540e-25 5.1046444689372e-25 5.1433992330585e-25 5.0475255159805e-25 4.9379147723143e-25
 1  24 3.2700468680042e-25 4.2750630568268e-25 5.1204778933812e-25 5.6303827913740e-25 5.9209828786013e-25 6.0862221211515e-25 6.2153527348794e-25 6.0864508908140e-25 5.9920750233798e-25
 1  25 3.4584798537631e-25 4.5915910298564e-25 5.7233229319607e-25 6.4943314218585e-25 6.9058264149632e-25 7.1733809169205e-25 7.3382696094059e-25 7.2317018966816e-25 7.0960759994753e-25
 1  26 3.5523636692076e-25 4.8560384059233e-25 6.0943192853055e-25 7.1599594346943e-25 7.7878370019488e-25 8.1711405714912e-25 8.3876464051575e-25 8.4391067602334e-25 8.2943517702015e-25
 1  27 3.7125783608296e-25 4.9232779512559e-25 6.2849199129205e-25 7.4600366996216e-25 8.5030883100275e-25 8.9896310923123e-25 9.3541449811684e-25 9.3994581376404e-25 9.3582766401595e-25
 1  28 3.7364948978427e-25 5.0203181963975e-25 6.2393834102047e-25 7.5714603442557e-25 8.6827967406936e-25 9.5595426672131e-25 1.0029386250210e-24 1.0161802469609e-24 1.0267072013106e-24
 1  29 3.7062413425704e-25 5.0590009769611e-25 6.3164501902641e-25 7.5215925021322e-25 8.7237179140758e-25 9.7696468946335e-25 1.0417712891567e-24 1.0670027093873e-24 1.0798932882243e-24
 1  30 3.8450791362560e-25 5.0327891012329e-25 6.2601033349184e-25 7.4646377308513e-25 8.5531592838341e-25 9.6662755476895e-25 1.0543220661587e-24 1.0952795271426e-24 1.1193164147475e-24
 1  31 3.8158412393992e-25 5.0668881068992e-25 6.1907673917301e-25 7.4132419637620e-25 8.3881246520812e-25 9.3627839941567e-25 1.0397836554984e-24 1.0980100705584e-24 1.1328364059793e-24
3.31674959 3.31950436 3.32225914  3015.0  3010.0  1
1.0000000000000 
 1   1 2.3723129038525e-32 2.8565676464389e-32 3.2864991216540e-32 3.6489439968204e-32 3.9391932415688e-32 4.1585237366378e-32 4.3119383859843e-32 4.4064316748695e-32 4.4497871391373e-32
 1   2 3.7561067638188e-32 4.5228320642238e-32 5.2035473246000e-32 5.7774095607392e-32 6.2369637874686e-32 6.5842318550716e-32 6.8271354199783e-32 6.9767476389736e-32 7.0453923948314e-32
 1   3 5.9530278290049e-32 7.1682051058694e-32 8.2470655925937e-32 9.1565761346780e-32 9.8849212506551e-32 1.0435304162631e-31 1.0820279738020e-31 1.1057399282973e-31 1.1166193636130e-31
 1   4 9.4349138012959e-32 1.1360840219200e-31 1.3070719003884e-31 1.4512195987949e-31 1.5666544370895e-31 1.6538842288315e-31 1.7148988508581e-31 1.7524797579022e-31 1.7697224967873e-31
 1   5 1.4953330805949e-31 1.8005719354314e-31 2.0715694626745e-31 2.3000282003500e-31 2.4829800252221e-31 2.6212299158223e-31 2.7179314883950e-31 2.7774933169534e-31 2.8048212096213e-31
 1   6 2.3699430778538e-31 2.8537140163528e-31 3.2832161422563e-31 3.6452987300638e-31 3.9352581566800e-31 4.1543695983767e-31 4.3076310220346e-31 4.4020298011740e-31 4.4453420660244e-31
 1   7 3.7561067050441e-31 4.5228320642238e-31 5.2035467368528e-31 5.7774094431898e-31 6.2369637874686e-31 6.5842316199727e-31 6.8271353024289e-31 6.9767475214241e-31 7.0453921597325e-31
 1   8 5.9530278290049e-31 7.1682054585177e-31 8.2470661803408e-31 9.1565762522274e-31 9.8849210155562e-31 1.0435303457334e-30 1.0820279738020e-30 1.1057398577677e-30 1.1166193871229e-30
 1   9 9.4349135661970e-31 1.1360840689398e-30 1.3070718533686e-30 1.4512196223048e-30 1.5666544841093e-30 1.6538842523414e-30 1.7148988038384e-30 1.7524796403528e-30 1.7697225438070e-30
 1  10 1.4953331041048e-30 1.8005718413918e-30 2.0715693686349e-30 2.3000281063104e-30 2.4829799782024e-30 2.6212299628421e-30 2.7179315824345e-30 2.7774932229139e-30 2.8048211155818e-30
 1  11 2.3699433129527e-30 2.8537141574122e-30 3.2832162833156e-30 3.6452990121824e-30 3.9352582977393e-30 4.1543696924162e-30 4.3076312101137e-30 4.4020303654113e-30 4.4453419719849e-30
 1  12 3.7561065639847e-30 4.5228320642238e-30 5.2035471130110e-30 5.7774091610711e-30 6.2369635053500e-30 6.5842316199727e-30 6.8271350203102e-30 6.9767474273846e-30 7.0453917835743e-30
 1  13 5.9530280170840e-30 7.1682059287155e-30 8.2470667445781e-30 9.1565766283856e-30 9.8849219559517e-30 1.0435304585809e-29 1.0820279926099e-29 1.1057399518072e-29 1.1166194247388e-29
 1  14 9.4349133781179e-30 1.1360839560923e-29 1.3070717781369e-29 1.4512195094574e-29 1.5666543336460e-29 1.6538842147256e-29 1.7148987286067e-29 1.7524796403528e-29 1.7697224309596e-29
 1  15 1.4953329348336e-29 1.8005717661602e-29 2.0715692181716e-29 2.3000279934630e-29 2.4829799029707e-29 2.6212297747630e-29 2.7179313191238e-29 2.7774931100664e-29 2.8048211531976e-29
 1  16 2.3699431624894e-29 2.8537141950280e-29 3.2832161328523e-29 3.6452987864875e-29 3.9352580720444e-29 4.1543693162580e-29 4.3076309091872e-29 4.4020300644847e-29 4.4453418215216e-29
 1  17 3.7561062630582e-29 4.5228316128340e-29 5.2035467368528e-29 5.7774088601446e-29 6.2369634301183e-29 6.5842314695094e-29 6.8271345689204e-29 6.9767468255315e-29 7.0453917835743e-29
 1  18 5.9530271895360e-29 7.1682041231561e-29 8.2470649390188e-29 9.1565751237528e-29 9.8849196990026e-29 1.0435302328860e-28 1.0820278872856e-28 1.1057398163903e-28 1.1166192742755e-28
 1  19 9.4349087137564e-29 1.1360834445172e-28 1.3070713568398e-28 1.4512190279749e-28 1.5666538521635e-28 1.6538836730578e-28 1.7148982170316e-28 1.7524791287776e-28 1.7697219795697e-28
 1  20 1.4953308885330e-28 1.8005694791184e-28 2.0715666001106e-28 2.3000252249387e-28 2.4829772548171e-28 2.6212270062387e-28 2.7179286709701e-28 2.7774907026540e-28 2.8048186855999e-28
 1  21 2.3699352782137e-28 2.8537050468607e-28 3.2832062022761e-28 3.6452877725757e-28 3.9352475998003e-28 4.1543584829021e-28 4.3076206174990e-28 4.4020200737232e-28 4.4453327937250e-28
 1  22 3.7560752074378e-28 4.5227941775707e-28 5.2035073756596e-28 5.7773680545039e-28 6.2369219022539e-28 6.5841901823863e-28 6.8270913558673e-28 6.9767086680445e-28 7.0453526631223e-28
 1  23 5.9528992355653e-28 7.1680555858092e-28 8.2469080960989e-28 9.1564073271064e-28 9.8847535875449e-28 1.0435129476647e-27 1.0820119020670e-27 1.1057245293213e-27 1.1166041075772e-27
 1  24 7.4941622291951e-28 9.0239476433213e-28 1.0382125958648e-27 1.1527111532850e-27 1.2444044853443e-27 1.3136939558430e-27 1.3621604643760e-27 1.3920133414790e-27 1.4057114219120e-27
 1  25 9.4344143516138e-28 1.1360256666189e-27 1.3070082826341e-27 1.4511529685778e-27 1.5665871427650e-27 1.6538174210677e-27 1.7148339631938e-27 1.7524175230935e-27 1.7696644183385e-27
 1  26 1.1876856558891e-27 1.4301297098979e-27 1.6453801145743e-27 1.8268462413524e-27 1.9721684408641e-27 2.0819857366650e-27 2.1588012599039e-27 2.2061180845566e-27 2.2278327520866e-27
 1  27 1.4951335047878e-27 1.8003427490157e-27 2.0713195514470e-27 2.2997668132884e-27 2.4827153283446e-27 2.6209682094025e-27 2.7176762778509e-27 2.7772493354837e-27 2.8045890666023e-27
 1  28 1.8821163863034e-27 2.2663261212920e-27 2.6074528034247e-27 2.8950407516264e-27 3.1253584766298e-27 3.2994099657149e-27 3.4211653308691e-27 3.4961702873673e-27 3.5305993666111e-27
 1  29 2.3691432395241e-27 2.8528022190511e-27 3.2822156483574e-27 3.6442592778371e-27 3.9342045642907e-27 4.1533230066675e-27 4.3066185561490e-27 4.4010573013440e-27 4.4444192288558e-27
 1  30 2.9819843552568e-27 3.5907692699337e-27 4.1313412126542e-27 4.5870682376047e-27 4.9520770288268e-27 5.2279630266864e-27 5.4209569997395e-27 5.5398824034335e-27 5.5945191100258e-27
 1  31 3.7491777782315e-27 4.5146933310386e-27 5.1944006159175e-27 5.7674699301477e-27 6.2265083990446e-27 6.5735147527045e-27 6.8162920888901e-27 6.9658975565981e-27 7.0346732852842e-27
3.32225914 3.32502308 3.32778702  3010.0  3005.0  1
1.0000000000000 
 1   1 6.5454905000044e-33 7.3172201737345e-33 7.9087899098377e-33 8.3322617497214e-33 8.6058330806203e-33 8.7502344800952e-33 8.7863449318685e-33 8.7337885794432e-33 8.6102103277092e-33
 1   2 1.0363540232513e-32 1.1585427671943e-32 1.2522066713466e-32 1.3192553997495e-32 1.3625701625254e-32 1.3854332337753e-32 1.3911508382977e-32 1.3828295137883e-32 1.3632631164452e-32
 1   3 1.6425103218171e-32 1.8361665508962e-32 1.9846137080530e-32 2.0908786912409e-32 2.1595281490761e-32 2.1957636440609e-32 2.2048252361378e-32 2.1916369242056e-32 2.1606263546733e-32
 1   4 2.6032036511778e-32 2.9101278710398e-32 3.1454007143681e-32 3.3138196674822e-32 3.4226216613528e-32 3.4800510256094e-32 3.4944126278406e-32 3.4735105750414e-32 3.4243622746128e-32
 1   5 4.1257997371524e-32 4.6122419277889e-32 4.9851246050435e-32 5.2520499847564e-32 5.4244897162975e-32 5.5155094193760e-32 5.5382711042382e-32 5.5051433224433e-32 5.4272486015389e-32
 1   6 6.5389518126779e-32 7.3099109498610e-32 7.9008895592426e-32 8.3239382211600e-32 8.5972365434960e-32 8.7414932102289e-32 8.7775679563613e-32 8.7250639134346e-32 8.6016087947339e-32
 1   7 1.0363540232513e-31 1.1585427818879e-31 1.2522066419592e-31 1.3192553115875e-31 1.3625701625254e-31 1.3854332925501e-31 1.3911507795230e-31 1.3828294550135e-31 1.3632631164452e-31
 1   8 1.6425102630424e-31 1.8361664921214e-31 1.9846136786656e-31 2.0908788381777e-31 2.1595281784634e-31 2.1957637322230e-31 2.2048253830746e-31 2.1916368066561e-31 2.1606263252860e-31
 1   9 2.6032034748536e-31 2.9101278710398e-31 3.1454007143681e-31 3.3138196674822e-31 3.4226215438033e-31 3.4800510256094e-31 3.4944127453900e-31 3.4735105750414e-31 3.4243622158380e-31
 1  10 4.1257994432788e-31 4.6122420453383e-31 4.9851243699446e-31 5.2520504549542e-31 5.4244898338469e-31 5.5155093018266e-31 5.5382711042382e-31 5.5051433224433e-31 5.4272484839894e-31
 1  11 6.5389520477768e-31 7.3099113025093e-31 7.9008896767920e-31 8.3239388089072e-31 8.5972365434960e-31 8.7414932102289e-31 8.7775686616579e-31 8.7250645011818e-31 8.6016093824810e-31
 1  12 1.0363539997414e-30 1.1585427818879e-30 1.2522066419592e-30 1.3192553350973e-30 1.3625701390155e-30 1.3854333160599e-30 1.3911507325032e-30 1.3828294550135e-30 1.3632631164452e-30
 1  13 1.6425103570819e-30 1.8361665626511e-30 1.9846138197249e-30 2.0908788851974e-30 2.1595283195228e-30 2.1957638262626e-30 2.2048254771142e-30 2.1916369947352e-30 2.1606265133651e-30
 1  14 2.6032033337943e-30 2.9101277299804e-30 3.1454007613879e-30 3.3138193853636e-30 3.4226212616847e-30 3.4800508375303e-30 3.4944125573109e-30 3.4735101988832e-30 3.4243621217985e-30
 1  15 4.1257993492393e-30 4.6122418572592e-30 4.9851240878260e-30 5.2520500787960e-30 5.4244892696096e-30 5.5155090197079e-30 5.5382707280800e-30 5.5051428522455e-30 5.4272480137917e-30
 1  16 6.5389519537372e-30 7.3099107382721e-30 7.9008898648711e-30 8.3239384327490e-30 8.5972369196542e-30 8.7414935863871e-30 8.7775679093415e-30 8.7250637488654e-30 8.6016093824810e-30
 1  17 1.0363539621256e-29 1.1585427818879e-29 1.2522066231513e-29 1.3192553915211e-29 1.3625701578234e-29 1.3854332032125e-29 1.3911508077349e-29 1.3828294362056e-29 1.3632631916769e-29
 1  18 1.6425103946978e-29 1.8361665626511e-29 1.9846137821091e-29 2.0908787723500e-29 2.1595282442911e-29 2.1957638638784e-29 2.2048253642667e-29 2.1916369571194e-29 2.1606264757492e-29
 1  19 2.6032033714101e-29 2.9101276923646e-29 3.1454007990037e-29 3.3138194605952e-29 3.4226215626113e-29 3.4800509879936e-29 3.4944127077742e-29 3.4735103493465e-29 3.4243621217985e-29
 1  20 4.1257984464596e-29 4.6122408040163e-29 4.9851234107412e-29 5.2520488750898e-29 5.4244888182198e-29 5.5155082673915e-29 5.5382703519218e-29 5.5051425513190e-29 5.4272477128651e-29
 1  21 6.5389480416920e-29 7.3099074280800e-29 7.9008862537525e-29 8.3239354234835e-29 8.5972333085355e-29 8.7414902761950e-29 8.7775653514658e-29 8.7250614919163e-29 8.6016069750686e-29
 1  22 1.0363525327245e-28 1.1585413524868e-28 1.2522053442134e-28 1.3192540674442e-28 1.3625689541172e-28 1.3854321499695e-28 1.3911497544919e-28 1.3828285334260e-28 1.3632622888972e-28
 1  23 1.6425045567226e-28 1.8361607848613e-28 1.9846083353385e-28 2.0908735663206e-28 2.1595233391883e-28 2.1957592296094e-28 2.2048212114803e-28 2.1916331654448e-28 2.1606230451865e-28
 1  24 2.0677864811123e-28 2.3115856194299e-28 2.4984699167722e-28 2.6322500662754e-28 2.7186754503061e-28 2.7642939899338e-28 2.7757027174419e-28 2.7590999976150e-28 2.7200609161598e-28
 1  25 2.6031810426598e-28 2.9101049423171e-28 3.1453789517359e-28 3.3137988772189e-28 3.4226021227559e-28 3.4800331129563e-28 3.4943962169990e-28 3.4734955437600e-28 3.4243487004742e-28
 1  26 3.2771912823185e-28 3.6635872366835e-28 3.9597805769144e-28 4.1718117415406e-28 4.3087882125278e-28 4.3810905115350e-28 4.3991721048179e-28 4.3728605314002e-28 4.3109900319367e-28
 1  27 4.1257044971895e-28 4.6121544380954e-28 4.9850404753830e-28 5.2519647360253e-28 5.4244153921407e-28 5.5154406191023e-28 5.5382036665974e-28 5.5050853752738e-28 5.4271921016380e-28
 1  28 5.1938955407896e-28 5.8062868555838e-28 6.2757317980457e-28 6.6117719066023e-28 6.8288791003382e-28 6.9434680801693e-28 6.9721432511113e-28 6.9304396455780e-28 6.8323948854516e-28
 1  29 6.5385928279879e-28 7.3095623255081e-28 7.9005517437953e-28 8.3236217376438e-28 8.5969400857015e-28 8.7412095719056e-28 8.7773159435380e-28 8.7248227969738e-28 8.6013851320131e-28
 1  30 8.2313436932534e-28 9.2019353480268e-28 9.9459644560023e-28 1.0478582308053e-27 1.0822683396391e-27 1.1004341923571e-27 1.1049797722118e-27 1.0983741213921e-27 1.0828364889727e-27
 1  31 1.0351766561969e-27 1.1572460442286e-27 1.2508216839190e-27 1.3178104385062e-27 1.3610899362164e-27 1.3839391690767e-27 1.3896595661975e-27 1.3813544747948e-27 1.3618157229160e-27
3.32778702 3.33056018 3.33333333  3005.0  3000.0  1
1.0000000000000 
 1   1 5.8399246278363e-33 6.1638963810526e-33 6.3398142534410e-33 6.3992185951438e-33 6.3961975746621e-33 6.3453449543616e-33 6.2314050216204e-33 6.0708302892461e-33 5.8768663745208e-33
 1   2 9.2464113802613e-33 9.7593581767097e-33 1.0037890828453e-32 1.0131946539566e-32 1.0127163012242e-32 1.0046647526683e-32 9.8662451433460e-33 9.6120062864143e-33 9.3049010404223e-33
 1   3 1.4654573626963e-32 1.5467539642520e-32 1.5908983321659e-32 1.6058052168391e-32 1.6050470229828e-32 1.5922862971207e-32 1.5636944541520e-32 1.5234002710474e-32 1.4747273111468e-32
 1   4 2.3225934601061e-32 2.4514399836469e-32 2.5214042319135e-32 2.5450299051235e-32 2.5438282560234e-32 2.5236038757175e-32 2.4782888623669e-32 2.4144267522122e-32 2.3372853762499e-32
 1   5 3.6810626167151e-32 3.8852706708343e-32 3.9961562284417e-32 4.0336004254928e-32 4.0316961246445e-32 3.9996424508127e-32 3.9278229785869e-32 3.8266085068773e-32 3.7043479843105e-32
 1   6 5.8340907228415e-32 6.1577389947062e-32 6.3334806898788e-32 6.3928255221800e-32 6.3898074404343e-32 6.3390061010748e-32 6.2251829830847e-32 6.0647656200167e-32 5.8709953679856e-32
 1   7 9.2464109394509e-32 9.7593584705833e-32 1.0037890681516e-31 1.0131946686503e-31 1.0127162424495e-31 1.0046611674105e-31 9.8662496983866e-32 9.6120361145835e-32 9.3048888446684e-32
 1   8 1.4654573039215e-31 1.5467540230267e-31 1.5908984203280e-31 1.6058052168391e-31 1.6050483160266e-31 1.5922806841351e-31 1.5636952476107e-31 1.5234050611869e-31 1.4747254891306e-31
 1   9 2.3225934601061e-31 2.4514398660975e-31 2.5214041143641e-31 2.5450296700246e-31 2.5438301955891e-31 2.5235947656363e-31 2.4782900378612e-31 2.4144343635381e-31 2.3372824375140e-31
 1  10 3.6810626754898e-31 3.8852707296090e-31 3.9961565223153e-31 4.0336007193664e-31 4.0317025310887e-31 3.9996350451983e-31 3.9278379661399e-31 3.8266152071951e-31 3.7043381689327e-31
 1  11 5.8340913105887e-31 6.1577392298051e-31 6.3334812776259e-31 6.3928263450261e-31 6.3898231920586e-31 6.3390169156228e-31 6.2251660559660e-31 6.0647566862596e-31 5.8709806743062e-31
 1  12 9.2464112920992e-31 9.7593584705833e-31 1.0037890446417e-30 1.0131945981206e-30 1.0127202626402e-30 1.0046626720433e-30 9.8662598076381e-31 9.6119702868998e-31 9.3048521692447e-31
 1  13 1.4654573979611e-30 1.5467541170662e-30 1.5908984438379e-30 1.6058052168391e-30 1.6050551574037e-30 1.5922911695448e-30 1.5637028648141e-30 1.5234044734397e-30 1.4747169080218e-30
 1  14 2.3225932720270e-30 2.4514398660975e-30 2.5214039733048e-30 2.5450297170444e-30 2.5438305247275e-30 2.5236060033623e-30 2.4782825146974e-30 2.4144240191878e-30 2.3372784878530e-30
 1  15 3.6810622523119e-30 3.8852702594113e-30 3.9961560521176e-30 4.0336003432082e-30 4.0317075151847e-30 3.9996415339271e-30 3.9278325588659e-30 3.8266019946386e-30 3.7043430589892e-30
 1  16 5.8340909344305e-30 6.1577389476865e-30 6.3334808074282e-30 6.3928257807888e-30 6.3898082397704e-30 6.3390291407641e-30 6.2251762122372e-30 6.0647526425590e-30 5.8709815206621e-30
 1  17 9.2464107278619e-30 9.7593580944251e-30 1.0037890446417e-29 1.0131945793127e-29 1.0127170841035e-29 1.0046632362806e-29 9.8663036300675e-30 9.6120357384253e-30 9.3048544261938e-30
 1  18 1.4654573979611e-29 1.5467540606425e-29 1.5908984814537e-29 1.6058053296866e-29 1.6050528628388e-29 1.5922916209346e-29 1.5637054038819e-29 1.5233955396826e-29 1.4747306001800e-29
 1  19 2.3225932720270e-29 2.4514399413291e-29 2.5214040109206e-29 2.5450297546602e-29 2.5438317660495e-29 2.5236125108990e-29 2.4783075668330e-29 2.4144201071426e-29 2.3372903744518e-29
 1  20 3.6810614999955e-29 3.8852696575582e-29 3.9961553750328e-29 4.0335996661235e-29 4.0317315140774e-29 3.9996533452943e-29 3.9278486584365e-29 3.8266121509098e-29 3.7043297429892e-29
 1  21 5.8340877747017e-29 6.1577360888842e-29 6.3334784000158e-29 6.3928241256927e-29 6.3898834714089e-29 6.3390455412613e-29 6.2251785444180e-29 6.0647684412031e-29 5.8709952128203e-29
 1  22 9.2463992926528e-29 9.7593484647754e-29 1.0037881870011e-28 1.0131938269963e-28 1.0127329278865e-28 1.0046768832998e-28 9.8664367900675e-29 9.6121869540186e-29 9.3049794611769e-29
 1  23 1.4654527335995e-28 1.5467499680414e-28 1.5908949305204e-28 1.6058021097724e-28 1.6050662841631e-28 1.5923137390363e-28 1.5637493090661e-28 1.5234200952894e-28 1.4747152529258e-28
 1  24 1.8448922290054e-28 1.9472399981100e-28 2.0028155955502e-28 2.0215829402639e-28 2.0206893087697e-28 2.0046027381680e-28 1.9685790611526e-28 1.9179185573011e-28 1.8565575866785e-28
 1  25 2.3225752164338e-28 2.4514237815732e-28 2.5213901682991e-28 2.5450177175981e-28 2.5438794930009e-28 2.5236427841103e-28 2.4784245971698e-28 2.4144904637709e-28 2.3373141175569e-28
 1  26 2.9239338415416e-28 3.0861472170375e-28 3.1742315489740e-28 3.2039792221538e-28 3.2027172565577e-28 3.1772104811155e-28 3.1201738250712e-28 3.0396362496218e-28 2.9426091027298e-28
 1  27 3.6809851248361e-28 3.8852078472440e-28 3.9961019304769e-28 4.0335506752805e-28 4.0317793012142e-28 3.9997725122096e-28 3.9278968066851e-28 3.8267009844285e-28 3.7043066920152e-28
 1  28 4.6340392615359e-28 4.8911345387071e-28 5.0307538670605e-28 5.0779006320991e-28 5.0756785904257e-28 5.0353120617563e-28 4.9450803179319e-28 4.8174811998439e-28 4.6638276199858e-28
 1  29 5.8337982833569e-28 6.1574888476276e-28 6.3332564365897e-28 6.3926381530825e-28 6.3903819261526e-28 6.3392244120048e-28 6.2255815452589e-28 6.0647663949025e-28 5.8712378799933e-28
 1  30 7.3441135087104e-28 7.7516364330828e-28 7.9729484133698e-28 8.0477091619510e-28 8.0456426391206e-28 7.9816950242122e-28 7.8379749095247e-28 7.6358042654726e-28 7.3909540508878e-28
 1  31 9.2360262339724e-28 9.7486086368111e-28 1.0026994106553e-27 1.0121070006546e-27 1.0118903335359e-27 1.0036199088722e-27 9.8580996800795e-28 9.6023024796909e-28 9.2962115447345e-28
