-----------------------------------------------------------------------------------------------
Content :
Spectral range definition: line 1 (3 values)  ==> max, min and step of the wavenumber (in cm-1)
Temperatures definition :  line 2 (1 value)   ==> NT = number of T values
Temperatures definition :  line 3 (NT values) ==> list of T values (in K)
Pressures definition :     line 4 (1 value)   ==> NP = number of P values
Pressures definition :     line 5 (NP values) ==> list of P values (in mbar)
For each spectral range: 
    First line of the block (6 values): 
    --> min, mean and max wavelengths (in microns), min and max wavenumbers (in cm-1)
        of the spectral range, nmaxai (number of exponentials for the CKD expansion) 
    If nmaxai not null, second line of the block (nmaxnai values): 
    --> coefs kdis_ai for nai = 1 to nmaxai 
    If nmaxai not null, following lines of the block : 
    --> for nai = 1 to nmaxai 
    -->     for pressure index ip = 1 to NP 
    -->         line : nai, ip, kdis_ki(T,P,nai) for temperature index it = 1 to IT 
-----------------------------------------------------------------------------------------------
7500 7250  5
9
  160.00  180.00  200.00  220.00  240.00  260.00  280.00  300.00  320.00
31
    0.007    0.011    0.017    0.028    0.044    0.069    0.110    0.174    0.276    0.438    0.694    1.100    1.743    2.763    4.379    6.941   11.000   17.434   27.631   43.792   69.405  110.000  174.338  219.479  276.308  347.851  437.918  551.306  694.053  873.761 1098.900
1.33333333 1.33377808 1.33422282  7500.0  7495.0  0
1.33422282 1.33466815 1.33511348  7495.0  7490.0  0
1.33511348 1.33555941 1.33600534  7490.0  7485.0  0
1.33600534 1.33645187 1.33689840  7485.0  7480.0  0
1.33689840 1.33734552 1.33779264  7480.0  7475.0  0
1.33779264 1.33824036 1.33868809  7475.0  7470.0  0
1.33868809 1.33913641 1.33958473  7470.0  7465.0  0
1.33958473 1.34003365 1.34048257  7465.0  7460.0  0
1.34048257 1.34093209 1.34138162  7460.0  7455.0  0
1.34138162 1.34183175 1.34228188  7455.0  7450.0  0
1.34228188 1.34273261 1.34318334  7450.0  7445.0  0
1.34318334 1.34363468 1.34408602  7445.0  7440.0  0
1.34408602 1.34453796 1.34498991  7440.0  7435.0  0
1.34498991 1.34544246 1.34589502  7435.0  7430.0  0
1.34589502 1.34634818 1.34680135  7430.0  7425.0  0
1.34680135 1.34725512 1.34770889  7425.0  7420.0  0
1.34770889 1.34816328 1.34861767  7420.0  7415.0  0
1.34861767 1.34907267 1.34952767  7415.0  7410.0  0
1.34952767 1.34998328 1.35043889  7410.0  7405.0  0
1.35043889 1.35089512 1.35135135  7405.0  7400.0  0
1.35135135 1.35180820 1.35226504  7400.0  7395.0  0
1.35226504 1.35272250 1.35317997  7395.0  7390.0  0
1.35317997 1.35363806 1.35409614  7390.0  7385.0  0
1.35409614 1.35455484 1.35501355  7385.0  7380.0  0
1.35501355 1.35547288 1.35593220  7380.0  7375.0  0
1.35593220 1.35639215 1.35685210  7375.0  7370.0  0
1.35685210 1.35731268 1.35777325  7370.0  7365.0  0
1.35777325 1.35823445 1.35869565  7365.0  7360.0  0
1.35869565 1.35915748 1.35961931  7360.0  7355.0  0
1.35961931 1.36008176 1.36054422  7355.0  7350.0  0
1.36054422 1.36100730 1.36147039  7350.0  7345.0  0
1.36147039 1.36193410 1.36239782  7345.0  7340.0  0
1.36239782 1.36286217 1.36332652  7340.0  7335.0  0
1.36332652 1.36379150 1.36425648  7335.0  7330.0  0
1.36425648 1.36472210 1.36518771  7330.0  7325.0  0
1.36518771 1.36565396 1.36612022  7325.0  7320.0  0
1.36612022 1.36658711 1.36705400  7320.0  7315.0  0
1.36705400 1.36752153 1.36798906  7315.0  7310.0  0
1.36798906 1.36845722 1.36892539  7310.0  7305.0  0
1.36892539 1.36939420 1.36986301  7305.0  7300.0  0
1.36986301 1.37033246 1.37080192  7300.0  7295.0  0
1.37080192 1.37127202 1.37174211  7295.0  7290.0  0
1.37174211 1.37221286 1.37268360  7290.0  7285.0  0
1.37268360 1.37315498 1.37362637  7285.0  7280.0  0
1.37362637 1.37409841 1.37457045  7280.0  7275.0  0
1.37457045 1.37504314 1.37551582  7275.0  7270.0  0
1.37551582 1.37598916 1.37646249  7270.0  7265.0  0
1.37646249 1.37693648 1.37741047  7265.0  7260.0  0
1.37741047 1.37788511 1.37835975  7260.0  7255.0  1
1.0000000000000 
 1   1 0.0000000000000e+00 0.0000000000000e+00 0.0000000000000e+00 0.0000000000000e+00 0.0000000000000e+00 0.0000000000000e+00 0.0000000000000e+00 0.0000000000000e+00 0.0000000000000e+00
 1   2 0.0000000000000e+00 0.0000000000000e+00 0.0000000000000e+00 0.0000000000000e+00 0.0000000000000e+00 0.0000000000000e+00 0.0000000000000e+00 0.0000000000000e+00 0.0000000000000e+00
 1   3 0.0000000000000e+00 0.0000000000000e+00 0.0000000000000e+00 0.0000000000000e+00 0.0000000000000e+00 0.0000000000000e+00 0.0000000000000e+00 0.0000000000000e+00 0.0000000000000e+00
 1   4 0.0000000000000e+00 0.0000000000000e+00 0.0000000000000e+00 0.0000000000000e+00 0.0000000000000e+00 0.0000000000000e+00 0.0000000000000e+00 0.0000000000000e+00 0.0000000000000e+00
 1   5 0.0000000000000e+00 0.0000000000000e+00 0.0000000000000e+00 0.0000000000000e+00 0.0000000000000e+00 0.0000000000000e+00 0.0000000000000e+00 0.0000000000000e+00 0.0000000000000e+00
 1   6 0.0000000000000e+00 0.0000000000000e+00 0.0000000000000e+00 0.0000000000000e+00 0.0000000000000e+00 0.0000000000000e+00 0.0000000000000e+00 0.0000000000000e+00 0.0000000000000e+00
 1   7 0.0000000000000e+00 0.0000000000000e+00 0.0000000000000e+00 0.0000000000000e+00 0.0000000000000e+00 0.0000000000000e+00 0.0000000000000e+00 0.0000000000000e+00 0.0000000000000e+00
 1   8 0.0000000000000e+00 0.0000000000000e+00 0.0000000000000e+00 0.0000000000000e+00 0.0000000000000e+00 0.0000000000000e+00 0.0000000000000e+00 0.0000000000000e+00 0.0000000000000e+00
 1   9 0.0000000000000e+00 0.0000000000000e+00 0.0000000000000e+00 0.0000000000000e+00 0.0000000000000e+00 0.0000000000000e+00 0.0000000000000e+00 0.0000000000000e+00 0.0000000000000e+00
 1  10 0.0000000000000e+00 0.0000000000000e+00 0.0000000000000e+00 0.0000000000000e+00 0.0000000000000e+00 0.0000000000000e+00 0.0000000000000e+00 0.0000000000000e+00 0.0000000000000e+00
 1  11 0.0000000000000e+00 0.0000000000000e+00 0.0000000000000e+00 0.0000000000000e+00 0.0000000000000e+00 0.0000000000000e+00 0.0000000000000e+00 0.0000000000000e+00 0.0000000000000e+00
 1  12 0.0000000000000e+00 0.0000000000000e+00 0.0000000000000e+00 0.0000000000000e+00 0.0000000000000e+00 0.0000000000000e+00 0.0000000000000e+00 0.0000000000000e+00 0.0000000000000e+00
 1  13 0.0000000000000e+00 0.0000000000000e+00 0.0000000000000e+00 0.0000000000000e+00 0.0000000000000e+00 0.0000000000000e+00 0.0000000000000e+00 0.0000000000000e+00 0.0000000000000e+00
 1  14 0.0000000000000e+00 0.0000000000000e+00 0.0000000000000e+00 0.0000000000000e+00 0.0000000000000e+00 0.0000000000000e+00 0.0000000000000e+00 0.0000000000000e+00 0.0000000000000e+00
 1  15 0.0000000000000e+00 0.0000000000000e+00 0.0000000000000e+00 0.0000000000000e+00 0.0000000000000e+00 0.0000000000000e+00 0.0000000000000e+00 0.0000000000000e+00 0.0000000000000e+00
 1  16 0.0000000000000e+00 0.0000000000000e+00 0.0000000000000e+00 0.0000000000000e+00 0.0000000000000e+00 0.0000000000000e+00 0.0000000000000e+00 0.0000000000000e+00 0.0000000000000e+00
 1  17 0.0000000000000e+00 0.0000000000000e+00 0.0000000000000e+00 0.0000000000000e+00 0.0000000000000e+00 0.0000000000000e+00 0.0000000000000e+00 0.0000000000000e+00 0.0000000000000e+00
 1  18 0.0000000000000e+00 0.0000000000000e+00 0.0000000000000e+00 0.0000000000000e+00 0.0000000000000e+00 0.0000000000000e+00 0.0000000000000e+00 0.0000000000000e+00 0.0000000000000e+00
 1  19 0.0000000000000e+00 0.0000000000000e+00 0.0000000000000e+00 0.0000000000000e+00 0.0000000000000e+00 0.0000000000000e+00 0.0000000000000e+00 0.0000000000000e+00 0.0000000000000e+00
 1  20 0.0000000000000e+00 0.0000000000000e+00 0.0000000000000e+00 0.0000000000000e+00 0.0000000000000e+00 0.0000000000000e+00 0.0000000000000e+00 0.0000000000000e+00 0.0000000000000e+00
 1  21 0.0000000000000e+00 0.0000000000000e+00 0.0000000000000e+00 0.0000000000000e+00 2.4165672276974e-40 0.0000000000000e+00 0.0000000000000e+00 0.0000000000000e+00 0.0000000000000e+00
 1  22 0.0000000000000e+00 0.0000000000000e+00 7.0469124955678e-38 5.8563065421063e-40 3.8133254849978e-40 0.0000000000000e+00 0.0000000000000e+00 0.0000000000000e+00 0.0000000000000e+00
 1  23 0.0000000000000e+00 2.5053180735719e-36 2.1451975516564e-36 1.3393147060381e-36 1.2494649731183e-39 0.0000000000000e+00 0.0000000000000e+00 0.0000000000000e+00 0.0000000000000e+00
 1  24 3.8648792779211e-36 3.5876311436118e-36 3.7730846772575e-36 7.7607673850918e-36 6.1273704884536e-36 8.6209653663353e-36 0.0000000000000e+00 0.0000000000000e+00 0.0000000000000e+00
 1  25 5.3357660894597e-36 5.3357660894597e-36 9.8820503995768e-36 3.4613670939160e-35 2.7731538946095e-35 4.8592417444032e-36 3.4419212145905e-36 0.0000000000000e+00 0.0000000000000e+00
 1  26 3.2230396320898e-35 3.2230396320898e-35 1.6739092648106e-35 2.3590386568547e-35 3.2094700765747e-35 2.8073013454333e-36 5.4155671895645e-36 0.0000000000000e+00 0.0000000000000e+00
 1  27 4.3721926927547e-35 4.3721926927547e-35 4.1289121408403e-35 6.4553006959375e-35 2.3684034667810e-34 7.3034061664779e-37 5.8459198039978e-36 0.0000000000000e+00 0.0000000000000e+00
 1  28 0.0000000000000e+00 0.0000000000000e+00 0.0000000000000e+00 5.3569292208169e-35 2.0518630419137e-34 1.2017432315116e-34 6.2579961502450e-35 5.3117478786227e-35 0.0000000000000e+00
 1  29 1.7546530706327e-34 1.7546530706327e-34 1.7546530706327e-34 1.3938215339122e-34 2.1583692585830e-34 4.2475556236677e-34 1.1172877276604e-33 7.2109575966365e-35 1.5250821233651e-34
 1  30 1.5429411427142e-34 1.5429411427142e-34 1.5429411427142e-34 1.5429411427142e-34 2.7464768883165e-34 4.8815350837322e-34 1.4083404962660e-33 5.4438116842839e-33 1.4184874920720e-33
 1  31 4.1094490423593e-35 4.1094490423593e-35 4.1094490423593e-35 4.1094490423593e-35 3.4076805220396e-34 1.5026568135583e-34 1.2503917999044e-33 4.6237827843885e-33 3.4054019915444e-33
1.37835975 1.37883504 1.37931034  7255.0  7250.0  1
1.0000000000000 
 1   1 3.0402035392282e-34 3.3618075437649e-34 3.5779745263964e-34 3.6982115272737e-34 3.7429168172147e-34 3.7429326588378e-34 3.7429326588378e-34 3.7429326588378e-34 3.7429326588378e-34
 1   2 5.0733188237788e-34 5.6134759267259e-34 5.9729246504631e-34 6.1752938089743e-34 6.2493274533796e-34 6.2602388878556e-34 6.2602388878556e-34 6.2602388878556e-34 6.2602388878556e-34
 1   3 7.7729022118696e-34 8.5963699837542e-34 9.1501664945907e-34 9.4603583316086e-34 9.5740258802682e-34 9.5852794019674e-34 9.5852794019674e-34 9.5852794019674e-34 9.5852794019674e-34
 1   4 1.2299103720448e-33 1.3587188389559e-33 1.4456395748661e-33 1.4941974097886e-33 1.5110799882248e-33 1.5070968072499e-33 1.5070968072499e-33 1.5070968072499e-33 1.5070968072499e-33
 1   5 2.0042498269047e-33 2.1497690480388e-33 2.2871270323003e-33 2.3647664137912e-33 2.3919589042036e-33 2.3814586172438e-33 2.3773903047640e-33 2.3773903047640e-33 2.3773903047640e-33
 1   6 3.3120850051624e-33 3.4307618127954e-33 3.6491040109889e-33 3.7741119577271e-33 3.8186933156660e-33 3.8011773478128e-33 3.7763582539631e-33 3.7763582539631e-33 3.7763582539631e-33
 1   7 5.3643218175455e-33 5.4099188760719e-33 5.7502597554654e-33 5.9445010133892e-33 6.0132762491200e-33 5.9822325453407e-33 5.8997947591755e-33 5.8997947591755e-33 5.8997947591755e-33
 1   8 8.6971719304151e-33 8.6971719304151e-33 9.0849800063789e-33 9.3913189769909e-33 9.4993792339261e-33 9.4532329991327e-33 9.2919683985113e-33 9.2557984373365e-33 9.2557984373365e-33
 1   9 1.4093394093248e-32 1.4093394093248e-32 1.4399256253964e-32 1.4883539355352e-32 1.5060573212689e-32 1.4988575653069e-32 1.4732021072267e-32 1.4555455943301e-32 1.4555455943301e-32
 1  10 2.2689095147248e-32 2.2689095147248e-32 2.2814593862878e-32 2.3566676617902e-32 2.3842911912873e-32 2.3719649575246e-32 2.3304654519000e-32 2.2793060275739e-32 2.2793060275739e-32
 1  11 3.6431461648086e-32 3.6431461648086e-32 3.6431461648086e-32 3.7280629950912e-32 3.7715192579996e-32 3.7522699502577e-32 3.6862483100438e-32 3.5867042158067e-32 3.5685372444883e-32
 1  12 5.8101253317641e-32 5.8101253317641e-32 5.8101253317641e-32 5.9068091543721e-32 5.9736030943745e-32 5.9424783549534e-32 5.8367902456182e-32 5.6779956525015e-32 5.6229437255694e-32
 1  13 9.0846552760644e-32 9.0846552760644e-32 9.0870003872943e-32 9.3762989509865e-32 9.4790618426297e-32 9.4230342553865e-32 9.2518916818616e-32 9.0004028939636e-32 9.0004028939636e-32
 1  14 1.4160933590542e-31 1.4160933590542e-31 1.4351870313441e-31 1.4819411436537e-31 1.4984424982517e-31 1.4900908459879e-31 1.4635163276495e-31 1.4392940910564e-31 1.4392940910564e-31
 1  15 2.2006923449371e-31 2.2006923449371e-31 2.2729455158037e-31 2.3473738214169e-31 2.3727990589286e-31 2.3594988105468e-31 2.3174967516998e-31 2.3001410478077e-31 2.3001410478077e-31
 1  16 3.4075930836270e-31 3.4075930836270e-31 3.6098841415588e-31 3.7266130815842e-31 3.7639646496804e-31 3.7411927380174e-31 3.6734718031700e-31 3.6723120604434e-31 3.6723120604434e-31
 1  17 5.2554965341931e-31 5.3722908317043e-31 5.7046106078456e-31 5.8904416885807e-31 5.9517075137500e-31 5.9179139319549e-31 5.8573327146954e-31 5.8573327146954e-31 5.8573327146954e-31
 1  18 8.0688236209369e-31 8.5047825022106e-31 9.0329847761820e-31 9.3246446729261e-31 9.4217010096938e-31 9.3689636311385e-31 9.3314860500478e-31 9.3314860500478e-31 9.3314860500478e-31
 1  19 1.2327149707921e-30 1.3511181909312e-30 1.4344643139073e-30 1.4795159342387e-30 1.4942001156297e-30 1.4853576709646e-30 1.4849459658231e-30 1.4849459658231e-30 1.4849459658231e-30
 1  20 1.9350386150129e-30 2.1342461631835e-30 2.2659336920010e-30 2.3389777824865e-30 2.3636938207465e-30 2.3619014269603e-30 2.3619014269603e-30 2.3619014269603e-30 2.3619014269603e-30
 1  21 3.0615139110104e-30 3.3772821624548e-30 3.5863162791610e-30 3.7043310219271e-30 3.7441120077080e-30 3.7482640418342e-30 3.7482640418342e-30 3.7482640418342e-30 3.7482640418342e-30
 1  22 4.8200139632304e-30 5.3289894754415e-30 5.6612537682494e-30 5.8493836457370e-30 5.9163984846378e-30 5.9240360005735e-30 5.9240360005735e-30 5.9240360005735e-30 5.9240360005735e-30
 1  23 7.8871179611360e-30 8.4342385471499e-30 8.9601618667135e-30 9.2526195949834e-30 9.3623863170677e-30 9.3066186081155e-30 9.2831794388392e-30 9.2831794388392e-30 9.2831794388392e-30
 1  24 1.0366765553913e-29 1.0614798247360e-29 1.1267100939411e-29 1.1643183147720e-29 1.1783879853321e-29 1.1712794230463e-29 1.1590071867921e-29 1.1590071867921e-29 1.1590071867921e-29
 1  25 1.3500792984279e-29 1.3500792984279e-29 1.4197495132395e-29 1.4672560359732e-29 1.4836252367943e-29 1.4747518155021e-29 1.4465458191501e-29 1.4437172600076e-29 1.4437172600076e-29
 1  26 1.7433575032638e-29 1.7433575032638e-29 1.7814587170215e-29 1.8412914923258e-29 1.8630948248556e-29 1.8535495850320e-29 1.8191258442252e-29 1.7951401923272e-29 1.7951401923272e-29
 1  27 2.2417637978204e-29 2.2417637978204e-29 2.2462451960598e-29 2.3236477186716e-29 2.3458794201507e-29 2.3332687919867e-29 2.2913321188375e-29 2.2316665082338e-29 2.2316665082338e-29
 1  28 2.8688959396677e-29 2.8688959396677e-29 2.8688959396677e-29 2.9143220066716e-29 2.9462458001326e-29 2.9299328725771e-29 2.8760248897275e-29 2.7975221796349e-29 2.7661331326601e-29
 1  29 3.6551845247068e-29 3.6551845247068e-29 3.6551845247068e-29 3.6663552193108e-29 3.7075294950359e-29 3.6873015130153e-29 3.6185109065204e-29 3.5166740505189e-29 3.4239263801486e-29
 1  30 4.6339845530884e-29 4.6339845530884e-29 4.6339845530884e-29 4.6339845530884e-29 4.6589361792242e-29 4.6347750871453e-29 4.5497458819537e-29 4.4241388374666e-29 4.2682829567171e-29
 1  31 5.8376669951327e-29 5.8376669951327e-29 5.8376669951327e-29 5.8376669951327e-29 5.8400364908174e-29 5.8155200044785e-29 5.7115950191200e-29 5.5506197758370e-29 5.3543735330351e-29
