-----------------------------------------------------------------------------------------------
Content :
Spectral range definition: line 1 (3 values)  ==> max, min and step of the wavenumber (in cm-1)
Temperatures definition :  line 2 (1 value)   ==> NT = number of T values
Temperatures definition :  line 3 (NT values) ==> list of T values (in K)
Pressures definition :     line 4 (1 value)   ==> NP = number of P values
Pressures definition :     line 5 (NP values) ==> list of P values (in mbar)
For each spectral range: 
    First line of the block (6 values): 
    --> min, mean and max wavelengths (in microns), min and max wavenumbers (in cm-1)
        of the spectral range, nmaxai (number of exponentials for the CKD expansion) 
    If nmaxai not null, second line of the block (nmaxnai values): 
    --> coefs kdis_ai for nai = 1 to nmaxai 
    If nmaxai not null, following lines of the block : 
    --> for nai = 1 to nmaxai 
    -->     for pressure index ip = 1 to NP 
    -->         line : nai, ip, kdis_ki(T,P,nai) for temperature index it = 1 to IT 
-----------------------------------------------------------------------------------------------
7250 7000  5
9
  160.00  180.00  200.00  220.00  240.00  260.00  280.00  300.00  320.00
31
    0.007    0.011    0.017    0.028    0.044    0.069    0.110    0.174    0.276    0.438    0.694    1.100    1.743    2.763    4.379    6.941   11.000   17.434   27.631   43.792   69.405  110.000  174.338  219.479  276.308  347.851  437.918  551.306  694.053  873.761 1098.900
1.37931034 1.37978630 1.38026225  7250.0  7245.0  0
1.38026225 1.38073886 1.38121547  7245.0  7240.0  0
1.38121547 1.38169274 1.38217001  7240.0  7235.0  0
1.38217001 1.38264794 1.38312586  7235.0  7230.0  0
1.38312586 1.38360445 1.38408304  7230.0  7225.0  0
1.38408304 1.38456229 1.38504155  7225.0  7220.0  0
1.38504155 1.38552147 1.38600139  7220.0  7215.0  0
1.38600139 1.38648197 1.38696255  7215.0  7210.0  0
1.38696255 1.38744380 1.38792505  7210.0  7205.0  0
1.38792505 1.38840697 1.38888889  7205.0  7200.0  0
1.38888889 1.38937148 1.38985407  7200.0  7195.0  0
1.38985407 1.39033732 1.39082058  7195.0  7190.0  0
1.39082058 1.39130452 1.39178845  7190.0  7185.0  0
1.39178845 1.39227306 1.39275766  7185.0  7180.0  0
1.39275766 1.39324294 1.39372822  7180.0  7175.0  0
1.39372822 1.39421418 1.39470014  7175.0  7170.0  0
1.39470014 1.39518678 1.39567341  7170.0  7165.0  0
1.39567341 1.39616072 1.39664804  7165.0  7160.0  0
1.39664804 1.39713604 1.39762404  7160.0  7155.0  0
1.39762404 1.39811272 1.39860140  7155.0  7150.0  0
1.39860140 1.39909076 1.39958013  7150.0  7145.0  0
1.39958013 1.40007018 1.40056022  7145.0  7140.0  0
1.40056022 1.40105096 1.40154170  7140.0  7135.0  0
1.40154170 1.40203312 1.40252454  7135.0  7130.0  0
1.40252454 1.40301666 1.40350877  7130.0  7125.0  0
1.40350877 1.40400158 1.40449438  7125.0  7120.0  0
1.40449438 1.40498788 1.40548138  7120.0  7115.0  0
1.40548138 1.40597557 1.40646976  7115.0  7110.0  0
1.40646976 1.40696465 1.40745954  7110.0  7105.0  0
1.40745954 1.40795512 1.40845070  7105.0  7100.0  0
1.40845070 1.40894698 1.40944327  7100.0  7095.0  0
1.40944327 1.40994026 1.41043724  7095.0  7090.0  0
1.41043724 1.41093492 1.41143260  7090.0  7085.0  0
1.41143260 1.41193099 1.41242938  7085.0  7080.0  0
1.41242938 1.41292847 1.41342756  7080.0  7075.0  0
1.41342756 1.41392736 1.41442716  7075.0  7070.0  0
1.41442716 1.41492766 1.41542817  7070.0  7065.0  0
1.41542817 1.41592938 1.41643059  7065.0  7060.0  0
1.41643059 1.41693252 1.41743444  7060.0  7055.0  0
1.41743444 1.41793708 1.41843972  7055.0  7050.0  0
1.41843972 1.41894307 1.41944642  7050.0  7045.0  0
1.41944642 1.41995049 1.42045455  7045.0  7040.0  0
1.42045455 1.42095933 1.42146411  7040.0  7035.0  0
1.42146411 1.42196961 1.42247511  7035.0  7030.0  0
1.42247511 1.42298132 1.42348754  7030.0  7025.0  0
1.42348754 1.42399448 1.42450142  7025.0  7020.0  1
1.0000000000000 
 1   1 0.0000000000000e+00 0.0000000000000e+00 0.0000000000000e+00 0.0000000000000e+00 0.0000000000000e+00 0.0000000000000e+00 0.0000000000000e+00 0.0000000000000e+00 0.0000000000000e+00
 1   2 0.0000000000000e+00 0.0000000000000e+00 0.0000000000000e+00 0.0000000000000e+00 0.0000000000000e+00 0.0000000000000e+00 0.0000000000000e+00 0.0000000000000e+00 0.0000000000000e+00
 1   3 0.0000000000000e+00 0.0000000000000e+00 0.0000000000000e+00 0.0000000000000e+00 0.0000000000000e+00 0.0000000000000e+00 0.0000000000000e+00 0.0000000000000e+00 0.0000000000000e+00
 1   4 0.0000000000000e+00 0.0000000000000e+00 0.0000000000000e+00 0.0000000000000e+00 0.0000000000000e+00 0.0000000000000e+00 0.0000000000000e+00 0.0000000000000e+00 0.0000000000000e+00
 1   5 0.0000000000000e+00 0.0000000000000e+00 0.0000000000000e+00 0.0000000000000e+00 0.0000000000000e+00 0.0000000000000e+00 0.0000000000000e+00 0.0000000000000e+00 0.0000000000000e+00
 1   6 0.0000000000000e+00 0.0000000000000e+00 0.0000000000000e+00 0.0000000000000e+00 0.0000000000000e+00 0.0000000000000e+00 0.0000000000000e+00 0.0000000000000e+00 0.0000000000000e+00
 1   7 0.0000000000000e+00 0.0000000000000e+00 0.0000000000000e+00 0.0000000000000e+00 0.0000000000000e+00 0.0000000000000e+00 0.0000000000000e+00 0.0000000000000e+00 0.0000000000000e+00
 1   8 0.0000000000000e+00 0.0000000000000e+00 0.0000000000000e+00 0.0000000000000e+00 0.0000000000000e+00 0.0000000000000e+00 0.0000000000000e+00 0.0000000000000e+00 0.0000000000000e+00
 1   9 0.0000000000000e+00 0.0000000000000e+00 0.0000000000000e+00 0.0000000000000e+00 0.0000000000000e+00 0.0000000000000e+00 0.0000000000000e+00 0.0000000000000e+00 0.0000000000000e+00
 1  10 0.0000000000000e+00 0.0000000000000e+00 0.0000000000000e+00 0.0000000000000e+00 0.0000000000000e+00 0.0000000000000e+00 0.0000000000000e+00 0.0000000000000e+00 0.0000000000000e+00
 1  11 0.0000000000000e+00 0.0000000000000e+00 0.0000000000000e+00 0.0000000000000e+00 0.0000000000000e+00 0.0000000000000e+00 0.0000000000000e+00 0.0000000000000e+00 0.0000000000000e+00
 1  12 0.0000000000000e+00 0.0000000000000e+00 0.0000000000000e+00 0.0000000000000e+00 0.0000000000000e+00 0.0000000000000e+00 0.0000000000000e+00 0.0000000000000e+00 0.0000000000000e+00
 1  13 0.0000000000000e+00 0.0000000000000e+00 0.0000000000000e+00 0.0000000000000e+00 0.0000000000000e+00 0.0000000000000e+00 0.0000000000000e+00 0.0000000000000e+00 0.0000000000000e+00
 1  14 0.0000000000000e+00 0.0000000000000e+00 0.0000000000000e+00 0.0000000000000e+00 0.0000000000000e+00 0.0000000000000e+00 0.0000000000000e+00 0.0000000000000e+00 0.0000000000000e+00
 1  15 0.0000000000000e+00 0.0000000000000e+00 0.0000000000000e+00 0.0000000000000e+00 0.0000000000000e+00 0.0000000000000e+00 0.0000000000000e+00 0.0000000000000e+00 0.0000000000000e+00
 1  16 0.0000000000000e+00 0.0000000000000e+00 0.0000000000000e+00 0.0000000000000e+00 0.0000000000000e+00 0.0000000000000e+00 0.0000000000000e+00 0.0000000000000e+00 0.0000000000000e+00
 1  17 0.0000000000000e+00 0.0000000000000e+00 0.0000000000000e+00 0.0000000000000e+00 0.0000000000000e+00 0.0000000000000e+00 0.0000000000000e+00 0.0000000000000e+00 0.0000000000000e+00
 1  18 0.0000000000000e+00 0.0000000000000e+00 0.0000000000000e+00 0.0000000000000e+00 0.0000000000000e+00 0.0000000000000e+00 0.0000000000000e+00 0.0000000000000e+00 0.0000000000000e+00
 1  19 0.0000000000000e+00 0.0000000000000e+00 0.0000000000000e+00 0.0000000000000e+00 0.0000000000000e+00 0.0000000000000e+00 0.0000000000000e+00 0.0000000000000e+00 0.0000000000000e+00
 1  20 0.0000000000000e+00 0.0000000000000e+00 0.0000000000000e+00 0.0000000000000e+00 0.0000000000000e+00 0.0000000000000e+00 0.0000000000000e+00 0.0000000000000e+00 0.0000000000000e+00
 1  21 0.0000000000000e+00 0.0000000000000e+00 0.0000000000000e+00 0.0000000000000e+00 0.0000000000000e+00 0.0000000000000e+00 0.0000000000000e+00 0.0000000000000e+00 0.0000000000000e+00
 1  22 0.0000000000000e+00 0.0000000000000e+00 0.0000000000000e+00 0.0000000000000e+00 0.0000000000000e+00 0.0000000000000e+00 0.0000000000000e+00 0.0000000000000e+00 0.0000000000000e+00
 1  23 0.0000000000000e+00 0.0000000000000e+00 0.0000000000000e+00 0.0000000000000e+00 0.0000000000000e+00 0.0000000000000e+00 0.0000000000000e+00 0.0000000000000e+00 0.0000000000000e+00
 1  24 0.0000000000000e+00 0.0000000000000e+00 0.0000000000000e+00 0.0000000000000e+00 0.0000000000000e+00 0.0000000000000e+00 0.0000000000000e+00 0.0000000000000e+00 0.0000000000000e+00
 1  25 0.0000000000000e+00 0.0000000000000e+00 0.0000000000000e+00 0.0000000000000e+00 0.0000000000000e+00 0.0000000000000e+00 0.0000000000000e+00 0.0000000000000e+00 0.0000000000000e+00
 1  26 0.0000000000000e+00 0.0000000000000e+00 0.0000000000000e+00 0.0000000000000e+00 0.0000000000000e+00 0.0000000000000e+00 0.0000000000000e+00 0.0000000000000e+00 0.0000000000000e+00
 1  27 0.0000000000000e+00 0.0000000000000e+00 0.0000000000000e+00 0.0000000000000e+00 0.0000000000000e+00 0.0000000000000e+00 0.0000000000000e+00 0.0000000000000e+00 0.0000000000000e+00
 1  28 0.0000000000000e+00 0.0000000000000e+00 0.0000000000000e+00 0.0000000000000e+00 0.0000000000000e+00 0.0000000000000e+00 0.0000000000000e+00 0.0000000000000e+00 0.0000000000000e+00
 1  29 0.0000000000000e+00 0.0000000000000e+00 0.0000000000000e+00 0.0000000000000e+00 0.0000000000000e+00 0.0000000000000e+00 0.0000000000000e+00 0.0000000000000e+00 0.0000000000000e+00
 1  30 0.0000000000000e+00 0.0000000000000e+00 0.0000000000000e+00 0.0000000000000e+00 0.0000000000000e+00 0.0000000000000e+00 0.0000000000000e+00 0.0000000000000e+00 0.0000000000000e+00
 1  31 0.0000000000000e+00 0.0000000000000e+00 0.0000000000000e+00 0.0000000000000e+00 3.9157054718402e-37 0.0000000000000e+00 0.0000000000000e+00 0.0000000000000e+00 0.0000000000000e+00
1.42450142 1.42500908 1.42551675  7020.0  7015.0  1
1.0000000000000 
 1   1 3.7145664533873e-35 3.2513071717791e-35 2.8608054229597e-35 2.5289518308884e-35 2.2636712249116e-35 2.2635524127385e-35 2.2635524127385e-35 2.2635524127385e-35 2.2635524127385e-35
 1   2 6.2198373536477e-35 5.4428528069097e-35 4.7881810876453e-35 4.2319400880926e-35 3.7556149112685e-35 3.6421091078764e-35 3.6421091078764e-35 3.6421091078764e-35 3.6421091078764e-35
 1   3 9.5445205128851e-35 8.3509626939404e-35 7.3455407943405e-35 6.4912944707129e-35 5.7599711066365e-35 5.3766026799813e-35 5.3766026799813e-35 5.3766026799813e-35 5.3766026799813e-35
 1   4 1.5018066464526e-34 1.3141392029326e-34 1.1560191415352e-34 1.0216225994771e-34 9.0655036950658e-35 8.1624835394287e-35 8.1624835394287e-35 8.1624835394287e-35 8.1624835394287e-35
 1   5 2.3063412680662e-34 2.0843560475756e-34 1.8332264879962e-34 1.6198408581602e-34 1.4371409114217e-34 1.2796064161067e-34 1.2456604581012e-34 1.2456604581012e-34 1.2456604581012e-34
 1   6 3.5272507972147e-34 3.3320643224468e-34 2.9301336461306e-34 2.5887227913713e-34 2.2964324476195e-34 2.0444484735427e-34 1.9171864015924e-34 1.9171864015924e-34 1.9171864015924e-34
 1   7 5.3146413855179e-34 5.2330184557101e-34 4.6023014516467e-34 4.0661649067214e-34 3.6068620704791e-34 3.2110930967777e-34 2.9063055491200e-34 2.9063055491200e-34 2.9063055491200e-34
 1   8 8.0544386190214e-34 8.0544386190214e-34 7.2811277217184e-34 6.4320938660584e-34 5.7051406088610e-34 5.0784510504816e-34 4.5347582809324e-34 4.4302008134916e-34 4.4302008134916e-34
 1   9 1.2253938105082e-33 1.2253938105082e-33 1.1561602238161e-33 1.0211782075112e-33 9.0567367342194e-34 8.0610572032295e-34 7.1971524256766e-34 6.7779555281390e-34 6.7779555281390e-34
 1  10 1.8594292902253e-33 1.8594292902253e-33 1.8263069818260e-33 1.6131059183785e-33 1.4306136346557e-33 1.2732641649065e-33 1.1367810055814e-33 1.0338385571761e-33 1.0338385571761e-33
 1  11 2.8242607270429e-33 2.8242607270429e-33 2.8242607270429e-33 2.5531792401158e-33 2.2640844042883e-33 2.0148417656895e-33 1.7986823135687e-33 1.6101640600945e-33 1.5783392035850e-33
 1  12 4.3906161330632e-33 4.3906161330632e-33 4.3906161330632e-33 4.0437431784989e-33 3.5852067094721e-33 3.1900029373318e-33 2.8473119875915e-33 2.5485193233697e-33 2.4579742996038e-33
 1  13 7.2457464437846e-33 7.2457464437846e-33 7.2389124135025e-33 6.3924117481685e-33 5.6679586205186e-33 5.0433545544214e-33 4.5017308386006e-33 4.0326880214714e-33 4.0326880214714e-33
 1  14 1.1961784963562e-32 1.1961784963562e-32 1.1490404382042e-32 1.0144148905612e-32 8.9923819082608e-33 7.9998400288325e-33 7.1393061650016e-33 6.6171412887908e-33 6.6171412887908e-33
 1  15 1.9761933481444e-32 1.9761933481444e-32 1.8205079375856e-32 1.6070684324559e-32 1.4244508300150e-32 1.2671100295367e-32 1.1306957468337e-32 1.0863368512007e-32 1.0863368512007e-32
 1  16 3.2665694965565e-32 3.2665694965565e-32 2.8774605891568e-32 2.5403443846411e-32 2.2518053372364e-32 2.0031803474506e-32 1.7875650022774e-32 1.7839224391578e-32 1.7839224391578e-32
 1  17 5.4027848008567e-32 5.1985849751980e-32 4.5670089051693e-32 4.0309517428468e-32 3.5723643602210e-32 3.1773165614873e-32 2.9304721517694e-32 2.9304721517694e-32 2.9304721517694e-32
 1  18 8.9405379054121e-32 8.2372572677304e-32 7.2357284401165e-32 6.3857872497545e-32 5.6587198961367e-32 5.0323688984974e-32 4.8151119754633e-32 4.8151119754633e-32 4.8151119754633e-32
 1  19 1.4804622542109e-31 1.3019375761628e-31 1.1437788079405e-31 1.0095044392348e-31 8.9461197403370e-32 7.9561877522412e-32 7.9149496471728e-32 7.9149496471728e-32 7.9149496471728e-32
 1  20 2.3644991284163e-31 2.0657792126012e-31 1.8144201992795e-31 1.6010863123172e-31 1.4186099749099e-31 1.3014625588957e-31 1.3014625588957e-31 1.3014625588957e-31 1.3014625588957e-31
 1  21 3.7473401032745e-31 3.2735568700767e-31 2.8749161728597e-31 2.5366175973513e-31 2.2472586132495e-31 2.1407470701215e-31 2.1407470701215e-31 2.1407470701215e-31 2.1407470701215e-31
 1  22 5.9408689856377e-31 5.1897619496996e-31 4.5575735646635e-31 4.0211362474680e-31 3.5623191732460e-31 3.3924242694251e-31 3.3924242694251e-31 3.3924242694251e-31 3.3924242694251e-31
 1  23 9.0660782335418e-31 8.2095396986852e-31 7.2097497798645e-31 6.3611843880906e-31 5.6352023684070e-31 5.0098299698147e-31 4.8627253153686e-31 4.8627253153686e-31 4.8627253153686e-31
 1  24 1.0769312183759e-30 1.0331069081863e-30 9.0727080216804e-31 8.0044535502859e-31 7.0907004139906e-31 6.3036862574145e-31 5.8265422858677e-31 5.8265422858677e-31 5.8265422858677e-31
 1  25 1.2804121116897e-30 1.2804121116897e-30 1.1399095977551e-30 1.0057370738799e-30 8.9102631659561e-31 7.9214570663495e-31 7.0645597706170e-31 6.9848584324448e-31 6.9848584324448e-31
 1  26 1.5238245481009e-30 1.5238245481009e-30 1.4363365472698e-30 1.2671813115141e-30 1.1224651675493e-30 9.9782167107968e-31 8.8979543295098e-31 8.3774802255985e-31 8.3774802255985e-31
 1  27 1.8152361804381e-30 1.8152361804381e-30 1.8033262597547e-30 1.5910227641204e-30 1.4096638281332e-30 1.2531943393325e-30 1.1176265506827e-30 1.0052301066763e-30 1.0052301066763e-30
 1  28 2.1639314392423e-30 2.1639314392423e-30 2.1639314392423e-30 2.0052519270225e-30 1.7762874446575e-30 1.5789582424200e-30 1.4079600196014e-30 1.2589644179228e-30 1.2067184900457e-30
 1  29 2.5806861282472e-30 2.5806861282472e-30 2.5806861282472e-30 2.5199482411007e-30 2.2328994795564e-30 1.9849309210810e-30 1.7698716905303e-30 1.5826024629866e-30 1.4490096929253e-30
 1  30 3.0815321096072e-30 3.0815321096072e-30 3.0815321096072e-30 3.0815321096072e-30 2.8094284891997e-30 2.4973390648756e-30 2.2271880816442e-30 1.9914704312535e-30 1.7848087442659e-30
 1  31 3.6781304753614e-30 3.6781304753614e-30 3.6781304753614e-30 3.6781304753614e-30 3.5312185079493e-30 3.1396209026847e-30 2.7995436161443e-30 2.5030072045957e-30 2.2432547384313e-30
1.42551675 1.42602514 1.42653352  7015.0  7010.0  1
1.0000000000000 
 1   1 1.5968309006260e-34 1.3908101331988e-34 1.2191745270374e-34 1.0745597937050e-34 9.5968294375249e-35 9.5963157327182e-35 9.5963157327182e-35 9.5963157327182e-35 9.5963157327182e-35
 1   2 2.6744507678573e-34 2.3286513243253e-34 2.0407711506878e-34 1.7983090252357e-34 1.5920688857671e-34 1.5430079530377e-34 1.5430079530377e-34 1.5430079530377e-34 1.5430079530377e-34
 1   3 4.1042536787529e-34 3.5730181646688e-34 3.1308398933951e-34 2.7584694561711e-34 2.4417988544880e-34 2.2763781007347e-34 2.2763781007347e-34 2.2763781007347e-34 2.2763781007347e-34
 1   4 6.4561593578266e-34 5.6215955621187e-34 4.9265372319145e-34 4.3409422213558e-34 3.8427984803686e-34 3.4537729871500e-34 3.4537729871500e-34 3.4537729871500e-34 3.4537729871500e-34
 1   5 9.9014708519493e-34 8.9175490195325e-34 7.8132685042059e-34 6.8832495162589e-34 6.0922373270716e-34 5.4137461203743e-34 5.2677235488857e-34 5.2677235488857e-34 5.2677235488857e-34
 1   6 1.5118233965662e-33 1.4256468955170e-33 1.2488922180876e-33 1.1000691231438e-33 9.7351677886667e-34 8.6498127323884e-34 8.1031362275690e-34 8.1031362275690e-34 8.1031362275690e-34
 1   7 2.2745165493098e-33 2.2386057479052e-33 1.9613845070470e-33 1.7277608822928e-33 1.5289401555176e-33 1.3584982500942e-33 1.2277448910453e-33 1.2277448910453e-33 1.2277448910453e-33
 1   8 3.4423558605144e-33 3.4423558605144e-33 3.1032216995403e-33 2.7331942613297e-33 2.4184775057451e-33 2.1485678397490e-33 1.9153965966489e-33 1.8705957518742e-33 1.8705957518742e-33
 1   9 5.2305843558845e-33 5.2305843558845e-33 4.9278431326699e-33 4.3394946184299e-33 3.8393923018161e-33 3.4105377998315e-33 3.0400047153791e-33 2.8605917676779e-33 2.8605917676779e-33
 1  10 7.9277667967638e-33 7.9277667967638e-33 7.7833147040950e-33 6.8543398857394e-33 6.0643793966540e-33 5.3867858819317e-33 4.8014583881733e-33 4.3613448543598e-33 4.3613448543598e-33
 1  11 1.2028486186447e-32 1.2028486186447e-32 1.2028486186447e-32 1.0849116377687e-32 9.5976380720274e-33 8.5242919762397e-33 7.5972398258316e-33 6.7915361613108e-33 6.6556093414215e-33
 1  12 1.8690476258142e-32 1.8690476258142e-32 1.8690476258142e-32 1.7183060506213e-32 1.5198078133745e-32 1.3496154800954e-32 1.2026458458692e-32 1.0749442538261e-32 1.0362900322776e-32
 1  13 3.0876366280951e-32 3.0876366280951e-32 3.0846599825253e-32 2.7159658855163e-32 2.4024627176463e-32 2.1335553075211e-32 1.9013121539451e-32 1.7008834611006e-32 1.7008834611006e-32
 1  14 5.1029755544267e-32 5.1029755544267e-32 4.8971417916203e-32 4.3105169194406e-32 3.8119445087244e-32 3.3845227139483e-32 3.0154818461058e-32 2.7921270461268e-32 2.7921270461268e-32
 1  15 8.4407641394693e-32 8.4407641394693e-32 7.7590820349896e-32 6.8289615504523e-32 6.0384321955695e-32 5.3608413991779e-32 4.7758413540646e-32 4.5858923402945e-32 4.5858923402945e-32
 1  16 1.3970591667786e-31 1.3970591667786e-31 1.2261714404289e-31 1.0793337407499e-31 9.5447402384932e-32 8.4742933525850e-32 7.5498704891661e-32 7.5342552222098e-32 7.5342552222098e-32
 1  17 2.3139965997208e-31 2.2240193250326e-31 1.9464268042837e-31 1.7128492589080e-31 1.5143465841700e-31 1.3442304523122e-31 1.2382779742974e-31 1.2382779742974e-31 1.2382779742974e-31
 1  18 3.8352130079759e-31 3.5241863716042e-31 3.0839233002156e-31 2.7135358448195e-31 2.3987991131778e-31 2.1290824045794e-31 2.0357070108218e-31 2.0357070108218e-31 2.0357070108218e-31
 1  19 6.3616677513677e-31 5.5689157717664e-31 4.8740937563343e-31 4.2892086745685e-31 3.7920204084504e-31 3.3658512792293e-31 3.3481027251251e-31 3.3481027251251e-31 3.3481027251251e-31
 1  20 1.0165849119075e-30 8.8375508469962e-31 7.7328588719126e-31 6.8033315418247e-31 6.0135234702756e-31 5.5085635408064e-31 5.5085635408064e-31 5.5085635408064e-31 5.5085635408064e-31
 1  21 1.6112905436778e-30 1.4005422740895e-30 1.2253096385005e-30 1.0778940893085e-30 9.5263792518323e-31 9.0664854247849e-31 9.0664854247849e-31 9.0664854247849e-31 9.0664854247849e-31
 1  22 2.5548500789698e-30 2.2205960974039e-30 1.9426402078412e-30 1.7088334410672e-30 1.5101875911172e-30 1.4368214151796e-30 1.4368214151796e-30 1.4368214151796e-30 1.4368214151796e-30
 1  23 3.8921167146687e-30 3.5125460152853e-30 3.0729314406202e-30 2.7031165920323e-30 2.3889061997411e-30 2.1196077790524e-30 2.0563400399838e-30 2.0563400399838e-30 2.0563400399838e-30
 1  24 4.6135843658474e-30 4.4203003688095e-30 3.8669325475385e-30 3.4014698865337e-30 3.0059873194595e-30 2.6670418929197e-30 2.4621912195487e-30 2.4621912195487e-30 2.4621912195487e-30
 1  25 5.4752615977685e-30 5.4752615977685e-30 4.8580582266377e-30 4.2737675688552e-30 3.7771812028645e-30 3.3514701873017e-30 2.9839164256075e-30 2.9497424538404e-30 2.9497424538404e-30
 1  26 6.5052120685240e-30 6.5052120685240e-30 6.1226095341110e-30 5.3852958429250e-30 4.7586900216203e-30 4.2218573621647e-30 3.7585399313305e-30 3.5357023136010e-30 3.5357023136010e-30
 1  27 7.7372046275078e-30 7.7372046275078e-30 7.6853271465800e-30 6.7608439097713e-30 5.9757381917837e-30 5.3018978101183e-30 4.7204200632976e-30 4.2401326317776e-30 4.2401326317776e-30
 1  28 9.2109608275066e-30 9.2109608275066e-30 9.2109608275066e-30 8.5215207894499e-30 7.5304560479779e-30 6.6806198997910e-30 5.9470802037479e-30 5.3102868901222e-30 5.0873164885508e-30
 1  29 1.0973121275095e-29 1.0973121275095e-29 1.0973121275095e-29 1.0709620204466e-29 9.4658147736124e-30 8.3981785182068e-30 7.4764291991395e-30 6.6755237086022e-30 6.1064723476629e-30
 1  30 1.3086758671320e-29 1.3086758671320e-29 1.3086758671320e-29 1.3086758671320e-29 1.1909469293605e-29 1.0566383678751e-29 9.4075742007043e-30 8.3996289841962e-30 7.5192751218710e-30
 1  31 1.5605392051460e-29 1.5605392051460e-29 1.5605392051460e-29 1.5605392051460e-29 1.4971467696367e-29 1.3284712672315e-29 1.1826280404753e-29 1.0558310571628e-29 9.4517675220805e-30
1.42653352 1.42704263 1.42755175  7010.0  7005.0  1
1.0000000000000 
 1   1 5.1069457682295e-34 4.4417854021545e-34 3.8888631652414e-34 3.4238279573290e-34 3.0550032886116e-34 3.0548384438960e-34 3.0548384438960e-34 3.0548384438960e-34 3.0548384438960e-34
 1   2 8.5537032122392e-34 7.4371837803397e-34 6.5097205742508e-34 5.7300220590126e-34 5.0679078763452e-34 4.9104742852815e-34 4.9104742852815e-34 4.9104742852815e-34 4.9104742852815e-34
 1   3 1.3126848271388e-33 1.1411552220989e-33 9.9869439849335e-34 8.7895128891440e-34 7.7728627226063e-34 7.2423010514753e-34 7.2423010514753e-34 7.2423010514753e-34 7.2423010514753e-34
 1   4 2.0647969695216e-33 1.7953538278460e-33 1.5714364803517e-33 1.3831448768821e-33 1.2232288805218e-33 1.0985148992068e-33 1.0985148992068e-33 1.0985148992068e-33 1.0985148992068e-33
 1   5 3.1655383284973e-33 2.8480534673875e-33 2.4922836736264e-33 2.1932340536864e-33 1.9392984375630e-33 1.7218095747998e-33 1.6750195731783e-33 1.6750195731783e-33 1.6750195731783e-33
 1   6 4.8311216207743e-33 4.5532516539712e-33 3.9837819463474e-33 3.5052224004223e-33 3.0989612672026e-33 2.7510491021637e-33 2.5759571982278e-33 2.5759571982278e-33 2.5759571982278e-33
 1   7 7.2651340190495e-33 7.1494198245225e-33 6.2563277059097e-33 5.5051118779694e-33 4.8669154237568e-33 4.3205963426885e-33 3.9019851719454e-33 3.9019851719454e-33 3.9019851719454e-33
 1   8 1.0990719365923e-32 1.0990719365923e-32 9.8986586653860e-33 8.7088012429646e-33 7.6985586226649e-33 6.8334190250306e-33 6.0870183158249e-33 5.9436480453009e-33 5.9436480453009e-33
 1   9 1.6693371600180e-32 1.6693371600180e-32 1.5719113066011e-32 1.3827182826353e-32 1.2221777130657e-32 1.0847180485428e-32 9.6610728899856e-33 9.0871554056118e-33 9.0871554056118e-33
 1  10 2.5291539722949e-32 2.5291539722949e-32 2.4826954968145e-32 2.1839862192233e-32 1.9304044636336e-32 1.7132315884456e-32 1.5258730703511e-32 1.3851428866707e-32 1.3851428866707e-32
 1  11 3.8359469278738e-32 3.8359469278738e-32 3.8359469278738e-32 3.4568594036884e-32 3.0551209849835e-32 2.7111043347549e-32 2.4143663611899e-32 2.1567763168008e-32 2.1133291639736e-32
 1  12 5.9594472036547e-32 5.9594472036547e-32 5.9594472036547e-32 5.4750512548094e-32 4.8378557340366e-32 4.2923719886413e-32 3.8219500227650e-32 3.4136832023091e-32 3.2901534397171e-32
 1  13 9.8485332352782e-32 9.8485332352782e-32 9.8389629480210e-32 8.6535456616362e-32 7.6472519676713e-32 6.7854559167812e-32 6.0421150193707e-32 5.4013553997261e-32 5.4013553997261e-32
 1  14 1.6283020628240e-31 1.6283020628240e-31 1.5620837624052e-31 1.3734587666971e-31 1.2134187373157e-31 1.0764281538135e-31 9.5830213875221e-32 8.8686981559088e-32 8.8686981559088e-32
 1  15 2.6944263033560e-31 2.6944263033560e-31 2.4749925411083e-31 2.1759173909003e-31 1.9221649535310e-31 1.7049888457335e-31 1.5177340062407e-31 1.4569614185010e-31 1.4569614185010e-31
 1  16 4.4614886564273e-31 4.4614886564273e-31 3.9110544928977e-31 3.4389491603363e-31 3.0382019772426e-31 2.6951250171981e-31 2.3992356917797e-31 2.3942377248989e-31 2.3942377248989e-31
 1  17 7.3929204817848e-31 7.1029119195047e-31 6.2086658768624e-31 5.4576415957266e-31 4.8204860417616e-31 4.2752320467373e-31 3.9359650989826e-31 3.9359650989826e-31 3.9359650989826e-31
 1  18 1.2258563844330e-30 1.1255400726920e-30 9.8370981437829e-31 8.6461493336314e-31 7.6358946939020e-31 6.7714164000022e-31 6.4722930545258e-31 6.4722930545258e-31 6.4722930545258e-31
 1  19 2.0343562267534e-30 1.7784845846585e-30 1.5546702721829e-30 1.3666208925485e-30 1.2070479105825e-30 1.0704566895311e-30 1.0647684253477e-30 1.0647684253477e-30 1.0647684253477e-30
 1  20 3.2512973799111e-30 2.8224755360984e-30 2.4665973485338e-30 2.1677317654587e-30 1.9142239014440e-30 1.7523148830646e-30 1.7523148830646e-30 1.7523148830646e-30 1.7523148830646e-30
 1  21 5.1534101160388e-30 4.4730038931275e-30 3.9084859907214e-30 3.4344920619161e-30 3.0324603926355e-30 2.8849606780480e-30 2.8849606780480e-30 2.8849606780480e-30 2.8849606780480e-30
 1  22 8.1715981264644e-30 7.0923400875507e-30 6.1968537573089e-30 5.4450248737999e-30 4.8073742956539e-30 4.5720613914781e-30 4.5720613914781e-30 4.5720613914781e-30 4.5720613914781e-30
 1  23 1.2442951888200e-29 1.1218494530123e-29 9.8024003717330e-30 8.6132484692660e-30 7.6044734477859e-30 6.7412400494233e-30 6.5385238857144e-30 6.5385238857144e-30 6.5385238857144e-30
 1  24 1.4740590825752e-29 1.4117705961285e-29 1.2335284128828e-29 1.0838496515034e-29 9.5687971065410e-30 8.4823725017483e-30 7.8263887256279e-30 7.8263887256279e-30 7.8263887256279e-30
 1  25 1.7483542382266e-29 1.7483542382266e-29 1.5496425041692e-29 1.3617438135067e-29 1.2023465538403e-29 1.0658917841731e-29 9.4824657921511e-30 9.3731000546997e-30 9.3731000546997e-30
 1  26 2.0761196790551e-29 2.0761196790551e-29 1.9529883573262e-29 1.7159233835224e-29 1.5148170264131e-29 1.3427481257240e-29 1.1944357213621e-29 1.1231596872276e-29 1.1231596872276e-29
 1  27 2.4679590035740e-29 2.4679590035740e-29 2.4512842118375e-29 2.1541403048084e-29 1.9020365264780e-29 1.6862133562546e-29 1.5000576321917e-29 1.3465552980195e-29 1.3465552980195e-29
 1  28 2.9366212661621e-29 2.9366212661621e-29 2.9366212661621e-29 2.7151871698796e-29 2.3970140638804e-29 2.1246908799361e-29 1.8899302512182e-29 1.6863680325032e-29 1.6151408237021e-29
 1  29 3.4968080831425e-29 3.4968080831425e-29 3.4968080831425e-29 3.4121785084144e-29 3.0128760548977e-29 2.6708384199383e-29 2.3758089733396e-29 2.1199849904876e-29 1.9380246339747e-29
 1  30 4.1679769140948e-29 4.1679769140948e-29 4.1679769140948e-29 4.1679769140948e-29 3.7904470985994e-29 3.3603315715318e-29 2.9892819084462e-29 2.6672411439141e-29 2.3861761940449e-29
 1  31 4.9686916171969e-29 4.9686916171969e-29 4.9686916171969e-29 4.9686916171969e-29 4.7650516089678e-29 4.2241252951375e-29 3.7580448319178e-29 3.3528168336301e-29 2.9993406794338e-29
1.42755175 1.42806159 1.42857143  7005.0  7000.0  1
1.0000000000000 
 1   1 1.8071860968420e-33 1.5742102796777e-33 1.3798992267769e-33 1.2160539568779e-33 1.0858674983469e-33 1.0858092746423e-33 1.0858092746423e-33 1.0858092746423e-33 1.0858092746423e-33
 1   2 3.0266832419774e-33 2.6356848008771e-33 2.3097901960421e-33 2.0351028801939e-33 1.8013769506970e-33 1.7457747822062e-33 1.7457747822062e-33 1.7457747822062e-33 1.7457747822062e-33
 1   3 4.6447855623598e-33 4.0441149285873e-33 3.5435464549950e-33 3.1217030421291e-33 2.7628222291002e-33 2.5753389616677e-33 2.5753389616677e-33 2.5753389616677e-33 2.5753389616677e-33
 1   4 7.3066370511572e-33 6.3628752485522e-33 5.5759736161728e-33 4.9125697876329e-33 4.3480015241100e-33 3.9070827766662e-33 3.9070827766662e-33 3.9070827766662e-33 3.9070827766662e-33
 1   5 1.1206363804581e-32 1.0093333754194e-32 8.8431947774101e-33 7.7896351902826e-33 6.8931818925104e-33 6.1241819370681e-33 5.9586811486800e-33 5.9586811486800e-33 5.9586811486800e-33
 1   6 1.7111375921964e-32 1.6136144666220e-32 1.4135166754372e-32 1.2449243369064e-32 1.1015082955712e-32 9.7849207707363e-33 9.1653301880453e-33 9.1653301880453e-33 9.1653301880453e-33
 1   7 2.5744425370226e-32 2.5337898281409e-32 2.2199385670064e-32 1.9552721935621e-32 1.7299576975635e-32 1.5367759273918e-32 1.3885785627845e-32 1.3885785627845e-32 1.3885785627845e-32
 1   8 3.8963023914432e-32 3.8963023914432e-32 3.5122801419731e-32 3.0930935667452e-32 2.7364456419699e-32 2.4305305840081e-32 2.1662580011713e-32 2.1154819349404e-32 2.1154819349404e-32
 1   9 5.9202991275421e-32 5.9202991275421e-32 5.5774080131544e-32 4.9109033039854e-32 4.3441751430613e-32 3.8581208655605e-32 3.4381687496368e-32 3.2348361449353e-32 3.2348361449353e-32
 1  10 8.9729556886191e-32 8.9729556886191e-32 8.8093157077883e-32 7.7568962032443e-32 6.8616784969716e-32 6.0937104051641e-32 5.4303184050360e-32 4.9315526254991e-32 4.9315526254991e-32
 1  11 1.3613894959995e-31 1.3613894959995e-31 1.3613894959995e-31 1.2277670564607e-31 1.0859450736272e-31 9.6429598444705e-32 8.5922783083242e-32 7.6792324669798e-32 7.5251998014783e-32
 1  12 2.1153585080335e-31 2.1153585080335e-31 2.1153585080335e-31 1.9445585911119e-31 1.7196150517431e-31 1.5267266555740e-31 1.3601596938096e-31 1.2154456422248e-31 1.1716440190762e-31
 1  13 3.4946605395991e-31 3.4946605395991e-31 3.4912882814055e-31 3.0735890591798e-31 2.7183092922794e-31 2.4135362858541e-31 2.1503202961146e-31 1.9231891617589e-31 1.9231891617589e-31
 1  14 5.7758150026523e-31 5.7758150026523e-31 5.5426622809351e-31 4.8781007814774e-31 4.3131060045230e-31 3.8286798454729e-31 3.4104239091226e-31 3.1572988330883e-31 3.1572988330883e-31
 1  15 9.5538340978901e-31 9.5538340978901e-31 8.7818380571401e-31 7.7281606560912e-31 6.8323164113296e-31 6.0643523162029e-31 5.4013354163222e-31 5.1860591424945e-31 5.1860591424945e-31
 1  16 1.5812883543420e-30 1.5812883543420e-30 1.3878088490836e-30 1.2214574964931e-30 1.0799597620214e-30 9.5863454504474e-31 8.5386254547685e-31 8.5209272118225e-31 8.5209272118225e-31
 1  17 2.6191022240276e-30 2.5172607788961e-30 2.2030003575653e-30 1.9383931937715e-30 1.7134428835552e-30 1.5206338802746e-30 1.4005462237505e-30 1.4005462237505e-30 1.4005462237505e-30
 1  18 4.3407493058351e-30 3.9888393991199e-30 3.4904335559531e-30 3.0708336063819e-30 2.7141677435628e-30 2.4084795912755e-30 2.3026454150122e-30 2.3026454150122e-30 2.3026454150122e-30
 1  19 7.1998272909899e-30 6.3032591297872e-30 5.5166186863751e-30 4.8539780387262e-30 4.2905573897669e-30 3.8075285173417e-30 3.7874115772195e-30 3.7874115772195e-30 3.7874115772195e-30
 1  20 1.1504896111498e-29 1.0002851310808e-29 8.7521945346406e-30 7.6991502078293e-30 6.8041291852714e-30 6.2317973487374e-30 6.2317973487374e-30 6.2317973487374e-30 6.2317973487374e-30
 1  21 1.8235049274362e-29 1.5851978792816e-29 1.3868182176764e-29 1.2198136099613e-29 1.0778752813989e-29 1.0257603694202e-29 1.0257603694202e-29 1.0257603694202e-29 1.0257603694202e-29
 1  22 2.8913209864577e-29 2.5133740867587e-29 2.1987001547272e-29 1.9338285141084e-29 1.7087288314739e-29 1.6255909496730e-29 1.6255909496730e-29 1.6255909496730e-29 1.6255909496730e-29
 1  23 4.4049123390171e-29 3.9755951700968e-29 3.4779661688288e-29 3.0590499243878e-29 2.7029310331960e-29 2.3976768546152e-29 2.3259622952602e-29 2.3259622952602e-29 2.3259622952602e-29
 1  24 5.2216883950758e-29 5.0029993508172e-29 4.3766685763827e-29 3.8493107399371e-29 3.4011083232793e-29 3.0169469893176e-29 2.7847514585443e-29 2.7847514585443e-29 2.7847514585443e-29
 1  25 6.1965237161111e-29 6.1965237161111e-29 5.4983831390673e-29 4.8362899520514e-29 4.2736379447422e-29 3.7910065210629e-29 3.3745359067248e-29 3.3358168907522e-29 3.3358168907522e-29
 1  26 7.3620393424090e-29 7.3620393424090e-29 6.9288989016225e-29 6.0939601224820e-29 5.3838468815684e-29 4.7753992694472e-29 4.2505138455677e-29 3.9980542215874e-29 3.9980542215874e-29
 1  27 8.7553647958850e-29 8.7553647958850e-29 8.6966275436998e-29 7.6498430910609e-29 6.7599791973190e-29 5.9968685773075e-29 5.3381120639203e-29 4.7940558130037e-29 4.7940558130037e-29
 1  28 1.0422404616763e-28 1.0422404616763e-28 1.0422404616763e-28 9.6417397471621e-29 8.5187787466916e-29 7.5556825705205e-29 6.7249609761051e-29 6.0038338233220e-29 5.7512848241552e-29
 1  29 1.2410663672682e-28 1.2410663672682e-28 1.2410663672682e-28 1.2112876384681e-28 1.0707023358770e-28 9.4986281059664e-29 8.4528234701867e-29 7.5470706544036e-29 6.9016463910563e-29
 1  30 1.4801009956447e-28 1.4801009956447e-28 1.4801009956447e-28 1.4801009956447e-28 1.3470679865892e-28 1.1949492525261e-28 1.0632792000182e-28 9.4924061485398e-29 8.4962718478790e-29
 1  31 1.7651913497462e-28 1.7651913497462e-28 1.7651913497462e-28 1.7651913497462e-28 1.6942755999283e-28 1.5048866306933e-28 1.3387775804024e-28 1.1930358411264e-28 1.0672824861489e-28
