-----------------------------------------------------------------------------------------------
Content :
Spectral range definition: line 1 (3 values)  ==> max, min and step of the wavenumber (in cm-1)
Temperatures definition :  line 2 (1 value)   ==> NT = number of T values
Temperatures definition :  line 3 (NT values) ==> list of T values (in K)
Pressures definition :     line 4 (1 value)   ==> NP = number of P values
Pressures definition :     line 5 (NP values) ==> list of P values (in mbar)
For each spectral range: 
    First line of the block (6 values): 
    --> min, mean and max wavelengths (in microns), min and max wavenumbers (in cm-1)
        of the spectral range, nmaxai (number of exponentials for the CKD expansion) 
    If nmaxai not null, second line of the block (nmaxnai values): 
    --> coefs kdis_ai for nai = 1 to nmaxai 
    If nmaxai not null, following lines of the block : 
    --> for nai = 1 to nmaxai 
    -->     for pressure index ip = 1 to NP 
    -->         line : nai, ip, kdis_ki(T,P,nai) for temperature index it = 1 to IT 
-----------------------------------------------------------------------------------------------
11750 11500  5
9
  160.00  180.00  200.00  220.00  240.00  260.00  280.00  300.00  320.00
31
    0.007    0.011    0.017    0.028    0.044    0.069    0.110    0.174    0.276    0.438    0.694    1.100    1.743    2.763    4.379    6.941   11.000   17.434   27.631   43.792   69.405  110.000  174.338  219.479  276.308  347.851  437.918  551.306  694.053  873.761 1098.900
0.85106383 0.85124498 0.85142614 11750.0 11745.0  0
0.85142614 0.85160745 0.85178876 11745.0 11740.0  0
0.85178876 0.85197022 0.85215168 11740.0 11735.0  0
0.85215168 0.85233330 0.85251492 11735.0 11730.0  0
0.85251492 0.85269669 0.85287846 11730.0 11725.0  0
0.85287846 0.85306039 0.85324232 11725.0 11720.0  0
0.85324232 0.85342440 0.85360649 11720.0 11715.0  0
0.85360649 0.85378872 0.85397096 11715.0 11710.0  0
0.85397096 0.85415336 0.85433575 11710.0 11705.0  0
0.85433575 0.85451830 0.85470085 11705.0 11700.0  0
0.85470085 0.85488356 0.85506627 11700.0 11695.0  0
0.85506627 0.85524913 0.85543199 11695.0 11690.0  0
0.85543199 0.85561501 0.85579803 11690.0 11685.0  0
0.85579803 0.85598120 0.85616438 11685.0 11680.0  0
0.85616438 0.85634772 0.85653105 11680.0 11675.0  0
0.85653105 0.85671454 0.85689803 11675.0 11670.0  0
0.85689803 0.85708168 0.85726532 11670.0 11665.0  0
0.85726532 0.85744912 0.85763293 11665.0 11660.0  0
0.85763293 0.85781690 0.85800086 11660.0 11655.0  0
0.85800086 0.85818498 0.85836910 11655.0 11650.0  0
0.85836910 0.85855338 0.85873766 11650.0 11645.0  0
0.85873766 0.85892210 0.85910653 11645.0 11640.0  0
0.85910653 0.85929112 0.85947572 11640.0 11635.0  0
0.85947572 0.85966048 0.85984523 11635.0 11630.0  0
0.85984523 0.86003014 0.86021505 11630.0 11625.0  0
0.86021505 0.86040012 0.86058520 11625.0 11620.0  0
0.86058520 0.86077043 0.86095566 11620.0 11615.0  0
0.86095566 0.86114105 0.86132644 11615.0 11610.0  0
0.86132644 0.86151199 0.86169754 11610.0 11605.0  0
0.86169754 0.86188326 0.86206897 11605.0 11600.0  0
0.86206897 0.86225484 0.86244071 11600.0 11595.0  0
0.86244071 0.86262674 0.86281277 11595.0 11590.0  0
0.86281277 0.86299896 0.86318515 11590.0 11585.0  0
0.86318515 0.86337150 0.86355786 11585.0 11580.0  0
0.86355786 0.86374438 0.86393089 11580.0 11575.0  0
0.86393089 0.86411756 0.86430424 11575.0 11570.0  0
0.86430424 0.86449108 0.86467791 11570.0 11565.0  0
0.86467791 0.86486490 0.86505190 11565.0 11560.0  0
0.86505190 0.86523906 0.86542622 11560.0 11555.0  0
0.86542622 0.86561354 0.86580087 11555.0 11550.0  0
0.86580087 0.86598835 0.86617583 11550.0 11545.0  0
0.86617583 0.86636348 0.86655113 11545.0 11540.0  0
0.86655113 0.86673894 0.86692674 11540.0 11535.0  0
0.86692674 0.86711472 0.86730269 11535.0 11530.0  0
0.86730269 0.86749082 0.86767896 11530.0 11525.0  1
1.0000000000000 
 1   1 2.1341785476808e-36 2.0911749623090e-36 2.0229037011271e-36 1.9386067871332e-36 1.8523551402543e-36 1.8523151415910e-36 1.8523151415910e-36 1.8523151415910e-36 1.8523151415910e-36
 1   2 3.5621105614549e-36 3.4915948909694e-36 3.3784123054760e-36 3.2381106262206e-36 3.0817553130255e-36 3.0421347536167e-36 3.0421347536167e-36 3.0421347536167e-36 3.0421347536167e-36
 1   3 5.4543246388024e-36 5.3474675818393e-36 5.1748699414585e-36 4.9603673337019e-36 4.7210490529678e-36 4.5783503237698e-36 4.5783503237698e-36 4.5783503237698e-36 4.5783503237698e-36
 1   4 8.5982812813194e-36 8.4272226029641e-36 8.1532479018674e-36 7.8137134184862e-36 7.4355398675613e-36 7.0793602005014e-36 7.0793602005014e-36 7.0793602005014e-36 7.0793602005014e-36
 1   5 1.3555894985066e-35 1.3313480843661e-35 1.2886128667079e-35 1.2353086748785e-35 1.1757326926334e-35 1.1129901794329e-35 1.0988688217295e-35 1.0988688217295e-35 1.0988688217295e-35
 1   6 2.1443426205843e-35 2.1183386823824e-35 2.0514131340783e-35 1.9672819185832e-35 1.8728565179406e-35 1.7732181614543e-35 1.7177509567045e-35 1.7177509567045e-35 1.7177509567045e-35
 1   7 3.3288349846216e-35 3.3161860799554e-35 3.2128490488614e-35 3.0818698204098e-35 2.9342413904766e-35 2.7784726047667e-35 2.6400351860833e-35 2.6400351860833e-35 2.6400351860833e-35
 1   8 5.1733781886177e-35 5.1733781886177e-35 5.0384735666772e-35 4.8376000640153e-35 4.6090628400513e-35 4.3668254819761e-35 4.1194005663117e-35 4.0702479128805e-35 4.0702479128805e-35
 1   9 8.0222782874443e-35 8.0222782874443e-35 7.8911745071010e-35 7.5880852273560e-35 7.2376065357060e-35 6.8630606303723e-35 6.4792887015058e-35 6.2770434061200e-35 6.2770434061200e-35
 1  10 1.2305107006831e-34 1.2305107006831e-34 1.2239491692770e-34 1.1794127418546e-34 1.1266097422455e-34 1.0694799132350e-34 1.0107456033122e-34 9.6033956755002e-35 9.6033956755002e-35
 1  11 1.8665965226464e-34 1.8665965226464e-34 1.8665965226464e-34 1.8130241711682e-34 1.7365455214722e-34 1.6525315397276e-34 1.5646813597197e-34 1.4754809683296e-34 1.4600157559822e-34
 1  12 2.7974699250907e-34 2.7974699250907e-34 2.7974699250907e-34 2.7389146943854e-34 2.6354638446733e-34 2.5176127299862e-34 2.3914002229627e-34 2.2611476428744e-34 2.2196464933944e-34
 1  13 4.0750398890701e-34 4.0750398890701e-34 4.0745563751828e-34 4.0141231085811e-34 3.8930958632593e-34 3.7420030540279e-34 3.5748895424917e-34 3.3950205397167e-34 3.3950205397167e-34
 1  14 5.4366494339386e-34 5.4366494339386e-34 5.4704586718491e-34 5.5239822357199e-34 5.4500050701448e-34 5.3042795864864e-34 5.1240827309900e-34 4.9815407248059e-34 4.9815407248059e-34
 1  15 5.8289518472488e-34 5.8289518472488e-34 6.2678125612237e-34 6.7090081926885e-34 6.8610147651067e-34 6.8762980283773e-34 6.7882029919778e-34 6.7440879746884e-34 6.7440879746884e-34
 1  16 1.8476587806005e-34 1.8476587806005e-34 4.1473947806055e-34 5.6895014830428e-34 6.5776779230528e-34 7.1486839466918e-34 7.5072308458567e-34 7.5132433157902e-34 7.5132433157902e-34
 1  17 0.0000000000000e+00 0.0000000000000e+00 0.0000000000000e+00 0.0000000000000e+00 4.4370581125926e-35 2.0630414880948e-34 3.4617587723072e-34 3.4617587723072e-34 3.4617587723072e-34
 1  18 0.0000000000000e+00 0.0000000000000e+00 0.0000000000000e+00 0.0000000000000e+00 0.0000000000000e+00 0.0000000000000e+00 0.0000000000000e+00 0.0000000000000e+00 0.0000000000000e+00
 1  19 0.0000000000000e+00 0.0000000000000e+00 0.0000000000000e+00 0.0000000000000e+00 0.0000000000000e+00 0.0000000000000e+00 0.0000000000000e+00 0.0000000000000e+00 0.0000000000000e+00
 1  20 0.0000000000000e+00 0.0000000000000e+00 0.0000000000000e+00 0.0000000000000e+00 0.0000000000000e+00 0.0000000000000e+00 0.0000000000000e+00 0.0000000000000e+00 0.0000000000000e+00
 1  21 0.0000000000000e+00 0.0000000000000e+00 0.0000000000000e+00 0.0000000000000e+00 0.0000000000000e+00 0.0000000000000e+00 0.0000000000000e+00 0.0000000000000e+00 0.0000000000000e+00
 1  22 0.0000000000000e+00 0.0000000000000e+00 0.0000000000000e+00 0.0000000000000e+00 0.0000000000000e+00 0.0000000000000e+00 0.0000000000000e+00 0.0000000000000e+00 0.0000000000000e+00
 1  23 0.0000000000000e+00 0.0000000000000e+00 0.0000000000000e+00 0.0000000000000e+00 0.0000000000000e+00 0.0000000000000e+00 0.0000000000000e+00 0.0000000000000e+00 0.0000000000000e+00
 1  24 0.0000000000000e+00 0.0000000000000e+00 0.0000000000000e+00 0.0000000000000e+00 0.0000000000000e+00 0.0000000000000e+00 0.0000000000000e+00 0.0000000000000e+00 0.0000000000000e+00
 1  25 0.0000000000000e+00 0.0000000000000e+00 0.0000000000000e+00 0.0000000000000e+00 0.0000000000000e+00 0.0000000000000e+00 0.0000000000000e+00 0.0000000000000e+00 0.0000000000000e+00
 1  26 0.0000000000000e+00 0.0000000000000e+00 0.0000000000000e+00 0.0000000000000e+00 0.0000000000000e+00 0.0000000000000e+00 0.0000000000000e+00 0.0000000000000e+00 0.0000000000000e+00
 1  27 0.0000000000000e+00 0.0000000000000e+00 0.0000000000000e+00 0.0000000000000e+00 0.0000000000000e+00 0.0000000000000e+00 0.0000000000000e+00 0.0000000000000e+00 0.0000000000000e+00
 1  28 0.0000000000000e+00 0.0000000000000e+00 0.0000000000000e+00 0.0000000000000e+00 0.0000000000000e+00 0.0000000000000e+00 0.0000000000000e+00 0.0000000000000e+00 0.0000000000000e+00
 1  29 0.0000000000000e+00 0.0000000000000e+00 0.0000000000000e+00 0.0000000000000e+00 0.0000000000000e+00 0.0000000000000e+00 0.0000000000000e+00 0.0000000000000e+00 0.0000000000000e+00
 1  30 0.0000000000000e+00 0.0000000000000e+00 0.0000000000000e+00 0.0000000000000e+00 0.0000000000000e+00 0.0000000000000e+00 0.0000000000000e+00 0.0000000000000e+00 0.0000000000000e+00
 1  31 0.0000000000000e+00 0.0000000000000e+00 0.0000000000000e+00 0.0000000000000e+00 0.0000000000000e+00 0.0000000000000e+00 0.0000000000000e+00 0.0000000000000e+00 0.0000000000000e+00
0.86767896 0.86786726 0.86805556 11525.0 11520.0  1
1.0000000000000 
 1   1 2.6902944572432e-35 2.5540599425239e-35 2.4154288083409e-35 2.2770794943366e-35 2.1511812082029e-35 2.1511236675248e-35 2.1511236675248e-35 2.1511236675248e-35 2.1511236675248e-35
 1   2 4.4965637832859e-35 4.2689308519732e-35 4.0372169807999e-35 3.8059094816972e-35 3.5784013892620e-35 3.5222462792488e-35 3.5222462792488e-35 3.5222462792488e-35 3.5222462792488e-35
 1   3 6.8922832592216e-35 6.5433651970345e-35 6.1881902676998e-35 5.8335037884102e-35 5.4845719508987e-35 5.2873230804758e-35 5.2873230804758e-35 5.2873230804758e-35 5.2873230804758e-35
 1   4 1.0862393173120e-34 1.0311539760346e-34 9.7508507659344e-35 9.1909854211287e-35 8.6403432299965e-35 8.1582659942677e-35 8.1582659942677e-35 8.1582659942677e-35 8.1582659942677e-35
 1   5 1.7004071057903e-34 1.6322670043510e-34 1.5436377149526e-34 1.4550738583452e-34 1.3679028018315e-34 1.2831369169621e-34 1.2643588538852e-34 1.2643588538852e-34 1.2643588538852e-34
 1   6 2.6673413229222e-34 2.6038322559654e-34 2.4627958927408e-34 2.3217046578072e-34 2.1826955631602e-34 2.0474535605657e-34 1.9747081385828e-34 1.9747081385828e-34 1.9747081385828e-34
 1   7 4.1154002120991e-34 4.0874165588873e-34 3.8668198910986e-34 3.6455484620019e-34 3.4271321984808e-34 3.2147564147194e-34 3.0350947305770e-34 3.0350947305770e-34 3.0350947305770e-34
 1   8 6.3740212308854e-34 6.3740212308854e-34 6.0958804412041e-34 5.7488377746429e-34 5.4057187796551e-34 5.0715482354129e-34 4.7490954413029e-34 4.6857059900799e-34 4.6857059900799e-34
 1   9 9.8859065720605e-34 9.8859065720605e-34 9.6267789443263e-34 9.0835481073228e-34 8.5446610892875e-34 8.0186944072067e-34 7.5107247273080e-34 7.2501557414616e-34 7.2501557414616e-34
 1  10 1.5243698702158e-33 1.5243698702158e-33 1.5115797569949e-33 1.4273887393726e-33 1.3433717500155e-33 1.2610749313370e-33 1.1815708300966e-33 1.1162095789355e-33 1.1162095789355e-33
 1  11 2.3423895931263e-33 2.3423895931263e-33 2.3423895931263e-33 2.2356177882022e-33 2.1059346800256e-33 1.9786069686545e-33 1.8549710442289e-33 1.7359239558753e-33 1.7154633746733e-33
 1  12 3.6166456732268e-33 3.6166456732268e-33 3.6166456732268e-33 3.4835433458573e-33 3.2862498433832e-33 3.0913275334199e-33 2.9010399772768e-33 2.7171022946799e-33 2.6595339282163e-33
 1  13 5.6541575821560e-33 5.6541575821560e-33 5.6519358978329e-33 5.3762982682704e-33 5.0842180441338e-33 4.7914483190921e-33 4.5046912476548e-33 4.2256696637299e-33 4.2256696637299e-33
 1  14 8.6296662285833e-33 8.6296662285833e-33 8.5154978091276e-33 8.1548414486159e-33 7.7488888826633e-33 7.3275145655118e-33 6.9110809980536e-33 6.6302818462650e-33 6.6302818462650e-33
 1  15 1.2610027486370e-32 1.2610027486370e-32 1.2420496654715e-32 1.2031917895267e-32 1.1517143939787e-32 1.0964969427484e-32 1.0392320007641e-32 1.0192777637537e-32 1.0192777637537e-32
 1  16 1.6888142197904e-32 1.6888142197904e-32 1.7100984551903e-32 1.6920252295464e-32 1.6415202617001e-32 1.5789074081668e-32 1.5106010477452e-32 1.5094424511257e-32 1.5094424511257e-32
 1  17 1.8347716799121e-32 1.8977896381861e-32 2.0714765692334e-32 2.1492215615449e-32 2.1500693868454e-32 2.1109545184482e-32 2.0816933783836e-32 2.0816933783836e-32 2.0816933783836e-32
 1  18 7.4554017387255e-33 1.2065806662718e-32 1.7899994510780e-32 2.1527367304642e-32 2.3242764741429e-32 2.4201020389380e-32 2.4529613672105e-32 2.4529613672105e-32 2.4529613672105e-32
 1  19 0.0000000000000e+00 0.0000000000000e+00 0.0000000000000e+00 6.0306647493045e-33 1.2288281458238e-32 1.6912267750086e-32 1.7103188603811e-32 1.7103188603811e-32 1.7103188603811e-32
 1  20 0.0000000000000e+00 0.0000000000000e+00 0.0000000000000e+00 0.0000000000000e+00 0.0000000000000e+00 0.0000000000000e+00 0.0000000000000e+00 0.0000000000000e+00 0.0000000000000e+00
 1  21 0.0000000000000e+00 0.0000000000000e+00 0.0000000000000e+00 0.0000000000000e+00 0.0000000000000e+00 0.0000000000000e+00 0.0000000000000e+00 0.0000000000000e+00 0.0000000000000e+00
 1  22 0.0000000000000e+00 0.0000000000000e+00 0.0000000000000e+00 0.0000000000000e+00 0.0000000000000e+00 0.0000000000000e+00 0.0000000000000e+00 0.0000000000000e+00 0.0000000000000e+00
 1  23 0.0000000000000e+00 0.0000000000000e+00 0.0000000000000e+00 0.0000000000000e+00 0.0000000000000e+00 0.0000000000000e+00 0.0000000000000e+00 0.0000000000000e+00 0.0000000000000e+00
 1  24 0.0000000000000e+00 0.0000000000000e+00 0.0000000000000e+00 0.0000000000000e+00 0.0000000000000e+00 0.0000000000000e+00 0.0000000000000e+00 0.0000000000000e+00 0.0000000000000e+00
 1  25 0.0000000000000e+00 0.0000000000000e+00 0.0000000000000e+00 0.0000000000000e+00 0.0000000000000e+00 0.0000000000000e+00 0.0000000000000e+00 0.0000000000000e+00 0.0000000000000e+00
 1  26 0.0000000000000e+00 0.0000000000000e+00 0.0000000000000e+00 0.0000000000000e+00 0.0000000000000e+00 0.0000000000000e+00 0.0000000000000e+00 0.0000000000000e+00 0.0000000000000e+00
 1  27 0.0000000000000e+00 0.0000000000000e+00 0.0000000000000e+00 0.0000000000000e+00 0.0000000000000e+00 0.0000000000000e+00 0.0000000000000e+00 0.0000000000000e+00 0.0000000000000e+00
 1  28 0.0000000000000e+00 0.0000000000000e+00 0.0000000000000e+00 0.0000000000000e+00 0.0000000000000e+00 0.0000000000000e+00 0.0000000000000e+00 0.0000000000000e+00 0.0000000000000e+00
 1  29 0.0000000000000e+00 0.0000000000000e+00 0.0000000000000e+00 0.0000000000000e+00 0.0000000000000e+00 0.0000000000000e+00 0.0000000000000e+00 0.0000000000000e+00 0.0000000000000e+00
 1  30 0.0000000000000e+00 0.0000000000000e+00 0.0000000000000e+00 0.0000000000000e+00 0.0000000000000e+00 0.0000000000000e+00 0.0000000000000e+00 0.0000000000000e+00 0.0000000000000e+00
 1  31 0.0000000000000e+00 0.0000000000000e+00 0.0000000000000e+00 0.0000000000000e+00 0.0000000000000e+00 0.0000000000000e+00 0.0000000000000e+00 0.0000000000000e+00 0.0000000000000e+00
0.86805556 0.86824402 0.86843248 11520.0 11515.0  1
1.0000000000000 
 1   1 1.2286789269179e-34 1.1539278176989e-34 1.0827275279389e-34 1.0148121938764e-34 9.5484057283445e-35 9.5481330917152e-35 9.5481330917152e-35 9.5481330917152e-35 9.5481330917152e-35
 1   2 2.0546011172317e-34 1.9293953568348e-34 1.8101917348780e-34 1.6965154618462e-34 1.5882399195491e-34 1.5617120885402e-34 1.5617120885402e-34 1.5617120885402e-34 1.5617120885402e-34
 1   3 3.1502837638192e-34 2.9581207431735e-34 2.7752145109518e-34 2.6007851542029e-34 2.4346340786665e-34 2.3421307088627e-34 2.3421307088627e-34 2.3421307088627e-34 2.3421307088627e-34
 1   4 4.9641470818336e-34 4.6613227474950e-34 4.3728826069196e-34 4.0977457563176e-34 3.8356589593085e-34 3.6110153307929e-34 3.6110153307929e-34 3.6110153307929e-34 3.6110153307929e-34
 1   5 7.7516184172801e-34 7.3832272121045e-34 6.9261256727052e-34 6.4900889002371e-34 6.0746526662672e-34 5.6799046736943e-34 5.5928822758900e-34 5.5928822758900e-34 5.5928822758900e-34
 1   6 1.2123635474648e-33 1.1787011545126e-33 1.1057482302262e-33 1.0361304038182e-33 9.6977889050205e-34 9.0671986339418e-34 8.7315904050072e-34 8.7315904050072e-34 8.7315904050072e-34
 1   7 1.8662629531655e-33 1.8516653337092e-33 1.7373033250276e-33 1.6279456162026e-33 1.5235694320313e-33 1.4244408199459e-33 1.3418584847098e-33 1.3418584847098e-33 1.3418584847098e-33
 1   8 2.8862274627594e-33 2.8862274627594e-33 2.7429490277316e-33 2.5705673729583e-33 2.4059977965012e-33 2.2495358249869e-33 2.1011979888048e-33 2.0721357276906e-33 2.0721357276906e-33
 1   9 4.4744307169867e-33 4.4744307169867e-33 4.3420377269895e-33 4.0700658030917e-33 3.8100997172775e-33 3.5627217065928e-33 3.3280768711213e-33 3.2087583170411e-33 3.2087583170411e-33
 1  10 6.9059999237222e-33 6.9059999237222e-33 6.8408672511110e-33 6.4148144664433e-33 6.0063000574898e-33 5.6168683299540e-33 5.2475500454447e-33 4.9480686150017e-33 4.9480686150017e-33
 1  11 1.0643580455762e-32 1.0643580455762e-32 1.0643580455762e-32 1.0098201770174e-32 9.4588577396014e-33 8.8490215559704e-33 8.2692574565692e-33 7.7199592320056e-33 7.6258116853963e-33
 1  12 1.6558191219203e-32 1.6558191219203e-32 1.6558191219203e-32 1.5863670953171e-32 1.4868437191679e-32 1.3917030267690e-32 1.3010602165667e-32 1.2150454010920e-32 1.1882649214496e-32
 1  13 2.6365259772877e-32 2.6365259772877e-32 2.6352717248154e-32 2.4797417733845e-32 2.3268330274191e-32 2.1797579660433e-32 2.0395447060037e-32 1.9065168021202e-32 1.9065168021202e-32
 1  14 4.1504892327499e-32 4.1504892327499e-32 4.0745828605399e-32 3.8459709559504e-32 3.6167807081404e-32 3.3932783836204e-32 3.1797583571276e-32 3.0399679811806e-32 3.0399679811806e-32
 1  15 6.4098096523079e-32 6.4098096523079e-32 6.2082646806405e-32 5.8894506292935e-32 5.5557906720428e-32 5.2285559669137e-32 4.9099796592992e-32 4.8015920271873e-32 4.8015920271873e-32
 1  16 9.5657998075354e-32 9.5657998075354e-32 9.2375818013818e-32 8.8370226973843e-32 8.3806446563909e-32 7.9191349948089e-32 7.4662846123622e-32 7.4586168627118e-32 7.4586168627118e-32
 1  17 1.3401446690476e-31 1.3359512105005e-31 1.3164631598559e-31 1.2783863117452e-31 1.2250274493267e-31 1.1655594252174e-31 1.1259927555665e-31 1.1259927555665e-31 1.1259927555665e-31
 1  18 1.6504446148116e-31 1.6966393093596e-31 1.7406417069434e-31 1.7378847024930e-31 1.6927766349228e-31 1.6356640663938e-31 1.6152337394776e-31 1.6152337394776e-31 1.6152337394776e-31
 1  19 1.4489923896484e-31 1.7536487870341e-31 1.9852007205444e-31 2.1046102578874e-31 2.1204168953240e-31 2.1016346114877e-31 2.1007913118404e-31 2.1007913118404e-31 2.1007913118404e-31
 1  20 1.6171258151847e-32 7.7940588693983e-32 1.4494029898252e-31 1.8863264817631e-31 2.1066076578883e-31 2.1834311507908e-31 2.1834311507908e-31 2.1834311507908e-31 2.1834311507908e-31
 1  21 0.0000000000000e+00 0.0000000000000e+00 0.0000000000000e+00 2.7718218505843e-32 7.3179084256769e-32 9.0965647970798e-32 9.0965647970798e-32 9.0965647970798e-32 9.0965647970798e-32
 1  22 0.0000000000000e+00 0.0000000000000e+00 0.0000000000000e+00 0.0000000000000e+00 0.0000000000000e+00 0.0000000000000e+00 0.0000000000000e+00 0.0000000000000e+00 0.0000000000000e+00
 1  23 0.0000000000000e+00 0.0000000000000e+00 0.0000000000000e+00 0.0000000000000e+00 0.0000000000000e+00 0.0000000000000e+00 0.0000000000000e+00 0.0000000000000e+00 0.0000000000000e+00
 1  24 0.0000000000000e+00 0.0000000000000e+00 0.0000000000000e+00 0.0000000000000e+00 0.0000000000000e+00 0.0000000000000e+00 0.0000000000000e+00 0.0000000000000e+00 0.0000000000000e+00
 1  25 0.0000000000000e+00 0.0000000000000e+00 0.0000000000000e+00 0.0000000000000e+00 0.0000000000000e+00 0.0000000000000e+00 0.0000000000000e+00 0.0000000000000e+00 0.0000000000000e+00
 1  26 0.0000000000000e+00 0.0000000000000e+00 0.0000000000000e+00 0.0000000000000e+00 0.0000000000000e+00 0.0000000000000e+00 0.0000000000000e+00 0.0000000000000e+00 0.0000000000000e+00
 1  27 0.0000000000000e+00 0.0000000000000e+00 0.0000000000000e+00 0.0000000000000e+00 0.0000000000000e+00 0.0000000000000e+00 0.0000000000000e+00 0.0000000000000e+00 0.0000000000000e+00
 1  28 0.0000000000000e+00 0.0000000000000e+00 0.0000000000000e+00 0.0000000000000e+00 0.0000000000000e+00 0.0000000000000e+00 0.0000000000000e+00 0.0000000000000e+00 0.0000000000000e+00
 1  29 0.0000000000000e+00 0.0000000000000e+00 0.0000000000000e+00 0.0000000000000e+00 0.0000000000000e+00 0.0000000000000e+00 0.0000000000000e+00 0.0000000000000e+00 0.0000000000000e+00
 1  30 0.0000000000000e+00 0.0000000000000e+00 0.0000000000000e+00 0.0000000000000e+00 0.0000000000000e+00 0.0000000000000e+00 0.0000000000000e+00 0.0000000000000e+00 0.0000000000000e+00
 1  31 0.0000000000000e+00 0.0000000000000e+00 0.0000000000000e+00 0.0000000000000e+00 0.0000000000000e+00 0.0000000000000e+00 0.0000000000000e+00 0.0000000000000e+00 0.0000000000000e+00
0.86843248 0.86862110 0.86880973 11515.0 11510.0  1
1.0000000000000 
 1   1 5.0979601241079e-34 4.7944667681798e-34 4.5033978365269e-34 4.2242891007161e-34 3.9769476405588e-34 3.9768346828986e-34 3.9768346828986e-34 3.9768346828986e-34 3.9768346828986e-34
 1   2 8.5249972728502e-34 8.0165886192798e-34 7.5292736608220e-34 7.0620991450266e-34 6.6154264445710e-34 6.5058937891259e-34 6.5058937891259e-34 6.5058937891259e-34 6.5058937891259e-34
 1   3 1.3072167580266e-33 1.2291655861709e-33 1.1543780641777e-33 1.0826845718856e-33 1.0141317617265e-33 9.7589733859808e-34 9.7589733859808e-34 9.7589733859808e-34 9.7589733859808e-34
 1   4 2.0602652551282e-33 1.9371830987445e-33 1.8191796289692e-33 1.7060461955552e-33 1.5978718789338e-33 1.5049230610559e-33 1.5049230610559e-33 1.5049230610559e-33 1.5049230610559e-33
 1   5 3.2189542611666e-33 3.0688601629559e-33 2.8817598495424e-33 2.7024018194679e-33 2.5308887448173e-33 2.3674762956118e-33 2.3314310470408e-33 2.3314310470408e-33 2.3314310470408e-33
 1   6 5.0382422560213e-33 4.9006587237812e-33 4.6017889177426e-33 4.3152349864228e-33 4.0411717846065e-33 3.7800166127881e-33 3.6408450611484e-33 3.6408450611484e-33 3.6408450611484e-33
 1   7 7.7622821714229e-33 7.7024149788195e-33 7.2331304506644e-33 6.7823871418416e-33 6.3509234097402e-33 5.9400690323446e-33 5.5972089216204e-33 5.5972089216204e-33 5.5972089216204e-33
 1   8 1.2016982504856e-32 1.2016982504856e-32 1.1427081970731e-32 1.0715312059785e-32 1.0034152021734e-32 9.3849286958263e-33 8.7684068880749e-33 8.6475844359096e-33 8.6475844359096e-33
 1   9 1.8654257807825e-32 1.8654257807825e-32 1.8106675805013e-32 1.6980543400718e-32 1.5902184556208e-32 1.4874076625828e-32 1.3897207024832e-32 1.3400340256418e-32 1.3400340256418e-32
 1  10 2.8843316475110e-32 2.8843316475110e-32 2.8572394414604e-32 2.6800007542321e-32 2.5099305254287e-32 2.3476525017401e-32 2.1934997888780e-32 2.0685200540043e-32 2.0685200540043e-32
 1  11 4.4566102960967e-32 4.4566102960967e-32 4.4566102960967e-32 4.2280886106987e-32 3.9605164152191e-32 3.7051437939861e-32 3.4622461065511e-32 3.2321607197929e-32 3.1927272924266e-32
 1  12 6.9595060755829e-32 6.9595060755829e-32 6.9595060755829e-32 6.6653727036258e-32 6.2452233985247e-32 5.8438050081567e-32 5.4616447417383e-32 5.0993538563318e-32 4.9865775160611e-32
 1  13 1.1155232151309e-31 1.1155232151309e-31 1.1149803718397e-31 1.0476759146407e-31 9.8220916653508e-32 9.1946321765387e-32 8.5970237790185e-32 8.0325378735686e-32 8.0325378735686e-32
 1  14 1.7764549055827e-31 1.7764549055827e-31 1.7421895979046e-31 1.6397705383589e-31 1.5391582136305e-31 1.4419931436353e-31 1.3493788824699e-31 1.2892123796174e-31 1.2892123796174e-31
 1  15 2.7997078091953e-31 2.7997078091953e-31 2.7003632551242e-31 2.5483633720036e-31 2.3959309069618e-31 2.2483816805523e-31 2.1063506948232e-31 2.0583195254509e-31 2.0583195254509e-31
 1  16 4.3341600487417e-31 4.3341600487417e-31 4.1328500583950e-31 3.9168701336490e-31 3.6925277420911e-31 3.4722991105634e-31 3.2597111923161e-31 3.2561127690094e-31 3.2561127690094e-31
 1  17 6.5098938274245e-31 6.4378877454705e-31 6.1926109750189e-31 5.9109582967822e-31 5.6007392250296e-31 5.2844183972007e-31 5.0737872068497e-31 5.0737872068497e-31 5.0737872068497e-31
 1  18 9.2817522946578e-31 9.1863519943315e-31 8.9757419628788e-31 8.6668897559573e-31 8.2692755004075e-31 7.8573310283257e-31 7.7095295408284e-31 7.7095295408284e-31 7.7095295408284e-31
 1  19 1.2073765788030e-30 1.2295160274855e-30 1.2347606130811e-30 1.2154219442587e-30 1.1732564916970e-30 1.1251879886240e-30 1.1231630350355e-30 1.1231630350355e-30 1.1231630350355e-30
 1  20 1.3545878740966e-30 1.4651452807011e-30 1.5456859218397e-30 1.5742653868529e-30 1.5542428624369e-30 1.5222369724504e-30 1.5222369724504e-30 1.5222369724504e-30 1.5222369724504e-30
 1  21 1.1327653192490e-30 1.4093226526528e-30 1.6491672286104e-30 1.7918795778850e-30 1.8279119592010e-30 1.8259303578441e-30 1.8259303578441e-30 1.8259303578441e-30 1.8259303578441e-30
 1  22 2.3751295940285e-31 7.3522963374158e-31 1.2414035667565e-30 1.5933041635565e-30 1.7488213138539e-30 1.7789559108734e-30 1.7789559108734e-30 1.7789559108734e-30 1.7789559108734e-30
 1  23 0.0000000000000e+00 0.0000000000000e+00 2.1682879623658e-31 7.1729657404408e-31 1.0245753582671e-30 1.2924167301980e-30 1.3614503160772e-30 1.3614503160772e-30 1.3614503160772e-30
 1  24 0.0000000000000e+00 0.0000000000000e+00 0.0000000000000e+00 1.0626092773241e-31 3.8460896221052e-31 6.5588677432662e-31 9.4592453588636e-31 9.4592453588636e-31 9.4592453588636e-31
 1  25 0.0000000000000e+00 0.0000000000000e+00 0.0000000000000e+00 0.0000000000000e+00 0.0000000000000e+00 0.0000000000000e+00 3.0034440198820e-31 3.3163674339382e-31 3.3163674339382e-31
 1  26 0.0000000000000e+00 0.0000000000000e+00 0.0000000000000e+00 0.0000000000000e+00 0.0000000000000e+00 0.0000000000000e+00 0.0000000000000e+00 0.0000000000000e+00 0.0000000000000e+00
 1  27 0.0000000000000e+00 0.0000000000000e+00 0.0000000000000e+00 0.0000000000000e+00 0.0000000000000e+00 0.0000000000000e+00 0.0000000000000e+00 0.0000000000000e+00 0.0000000000000e+00
 1  28 0.0000000000000e+00 0.0000000000000e+00 0.0000000000000e+00 0.0000000000000e+00 0.0000000000000e+00 0.0000000000000e+00 0.0000000000000e+00 0.0000000000000e+00 0.0000000000000e+00
 1  29 0.0000000000000e+00 0.0000000000000e+00 0.0000000000000e+00 0.0000000000000e+00 0.0000000000000e+00 0.0000000000000e+00 0.0000000000000e+00 0.0000000000000e+00 0.0000000000000e+00
 1  30 0.0000000000000e+00 0.0000000000000e+00 0.0000000000000e+00 0.0000000000000e+00 0.0000000000000e+00 0.0000000000000e+00 0.0000000000000e+00 0.0000000000000e+00 0.0000000000000e+00
 1  31 0.0000000000000e+00 0.0000000000000e+00 0.0000000000000e+00 0.0000000000000e+00 0.0000000000000e+00 0.0000000000000e+00 0.0000000000000e+00 0.0000000000000e+00 0.0000000000000e+00
0.86880973 0.86899852 0.86918731 11510.0 11505.0  1
1.0000000000000 
 1   1 6.0401972738057e-33 5.8571676605949e-33 5.6209799887880e-33 5.3583525102952e-33 5.1000041985814e-33 5.0998848124364e-33 5.0998848124364e-33 5.0998848124364e-33 5.0998848124364e-33
 1   2 1.0091391249779e-32 9.7867236851969e-33 9.3948123992648e-33 8.9551466553305e-33 8.4877216123016e-33 8.3702449109324e-33 8.3702449109324e-33 8.3702449109324e-33 8.3702449109324e-33
 1   3 1.5468325754367e-32 1.4999177142746e-32 1.4404691445969e-32 1.3727508252243e-32 1.3012071533606e-32 1.2592393601740e-32 1.2592393601740e-32 1.2592393601740e-32 1.2592393601740e-32
 1   4 2.4412881205596e-32 2.3657420373682e-32 2.2720881983862e-32 2.1642587791542e-32 2.0512540991058e-32 1.9471076506117e-32 1.9471076506117e-32 1.9471076506117e-32 1.9471076506117e-32
 1   5 3.8462445522606e-32 3.7460909642026e-32 3.5978508409883e-32 3.4279528221074e-32 3.2486246936705e-32 3.0650118883249e-32 3.0238684105517e-32 3.0238684105517e-32 3.0238684105517e-32
 1   6 6.0819566371503e-32 5.9814324744982e-32 5.7437251823692e-32 5.4746639294208e-32 5.1870962811602e-32 4.8943585148711e-32 4.7328611663683e-32 4.7328611663683e-32 4.7328611663683e-32
 1   7 9.4586117674085e-32 9.4113809921396e-32 9.0328195016762e-32 8.6063824772926e-32 8.1557449629613e-32 7.6951351423049e-32 7.2913510695559e-32 7.2913510695559e-32 7.2913510695559e-32
 1   8 1.4769646883195e-31 1.4769646883195e-31 1.4272381034450e-31 1.3598863913731e-31 1.2887260776045e-31 1.2160102321615e-31 1.1431753091408e-31 1.1287549321921e-31 1.1287549321921e-31
 1   9 2.3111109961884e-31 2.3111109961884e-31 2.2622807257564e-31 2.1557191065690e-31 2.0429149070822e-31 1.9278006260971e-31 1.8125740854016e-31 1.7525475839263e-31 1.7525475839263e-31
 1  10 3.6005596501704e-31 3.6005596501704e-31 3.5751840185203e-31 3.4064509733157e-31 3.2275388523296e-31 3.0453503934889e-31 2.8634000898036e-31 2.7106998471487e-31 2.7106998471487e-31
 1  11 5.6042910987600e-31 5.6042910987600e-31 5.6042910987600e-31 5.3807092520472e-31 5.0984044095446e-31 4.8108427563052e-31 4.5239407904955e-31 4.2415320342924e-31 4.1928106146373e-31
 1  12 8.7940622579931e-31 8.7940622579931e-31 8.7940622579931e-31 8.4995529629426e-31 8.0541675573709e-31 7.5999950964279e-31 7.1470728912764e-31 6.7013874995463e-31 6.5610428780129e-31
 1  13 1.4071604013242e-30 1.4071604013242e-30 1.4066311467476e-30 1.3409565594858e-30 1.2708313625327e-30 1.1993530305225e-30 1.1279440056592e-30 1.0580416824350e-30 1.0580416824350e-30
 1  14 2.2419816310295e-30 2.2419816310295e-30 2.2093926018055e-30 2.1084150039626e-30 1.9998168173025e-30 1.8883180748219e-30 1.7765767103074e-30 1.7022534938890e-30 1.7022534938890e-30
 1  15 3.5498797158674e-30 3.5498797158674e-30 3.4571657492712e-30 3.3034434377882e-30 3.1362533464685e-30 2.9637532180277e-30 2.7897164833715e-30 2.7300978549260e-30 2.7300978549260e-30
 1  16 5.5637840336284e-30 5.5637840336284e-30 5.3764899796441e-30 5.1465305588605e-30 4.8923010353540e-30 4.6275770744414e-30 4.3593838065217e-30 4.3548405678755e-30 4.3548405678755e-30
 1  17 8.5819272812291e-30 8.5119257462817e-30 8.2595867938494e-30 7.9341836264683e-30 7.5615921661842e-30 7.1650228780925e-30 6.8874136183040e-30 6.8874136183040e-30 6.8874136183040e-30
 1  18 1.2909973348753e-29 1.2785615450391e-29 1.2487531147881e-29 1.2055742168248e-29 1.1527503218853e-29 1.0957103706953e-29 1.0745382316121e-29 1.0745382316121e-29 1.0745382316121e-29
 1  19 1.8707531047235e-29 1.8722553300801e-29 1.8456586889379e-29 1.7943600402364e-29 1.7238329370628e-29 1.6448819968683e-29 1.6415570593753e-29 1.6415570593753e-29 1.6415570593753e-29
 1  20 2.5909264707943e-29 2.6339481346333e-29 2.6313126198750e-29 2.5844315729834e-29 2.5017857060980e-29 2.4293787147427e-29 2.4293787147427e-29 2.4293787147427e-29 2.4293787147427e-29
 1  21 3.4358256179394e-29 3.5485168947369e-29 3.6003508917776e-29 3.5773739456880e-29 3.4887974182801e-29 3.4449951509605e-29 3.4449951509605e-29 3.4449951509605e-29 3.4449951509605e-29
 1  22 4.4078593127586e-29 4.6017198098420e-29 4.7295257246577e-29 4.7499490080117e-29 4.6611269245359e-29 4.6091144780488e-29 4.6091144780488e-29 4.6091144780488e-29 4.6091144780488e-29
 1  23 5.6129603225775e-29 5.9030547241571e-29 6.1377395193835e-29 6.1687608341096e-29 6.0568618969283e-29 5.9160710013156e-29 5.8817527352659e-29 5.8817527352659e-29 5.8817527352659e-29
 1  24 7.0777504159056e-29 7.1342403485869e-29 7.1505872808430e-29 6.9310059893523e-29 6.8060269785830e-29 6.5923239863945e-29 6.4962941101018e-29 6.4962941101018e-29 6.4962941101018e-29
 1  25 8.0188873795920e-29 8.0188873795920e-29 8.1957635819783e-29 8.3686494982611e-29 8.0381262160302e-29 7.7496405678073e-29 7.6778743995484e-29 7.6731366118852e-29 7.6731366118852e-29
 1  26 9.7081397931135e-29 9.7081397931135e-29 9.7429401435023e-29 9.6515914806807e-29 9.2935129557705e-29 8.9392273091446e-29 8.6022503560407e-29 8.3758205780384e-29 8.3758205780384e-29
 1  27 1.1768971500455e-28 1.1768971500455e-28 1.1760894631751e-28 1.1598181236693e-28 1.1128651553314e-28 1.0521875287272e-28 1.0135624018395e-28 9.5023782526800e-29 9.5023782526800e-29
 1  28 1.4295178901028e-28 1.4295178901028e-28 1.4295178901028e-28 1.4036552991033e-28 1.3266190642928e-28 1.2623139486384e-28 1.2027087039015e-28 1.1303489881078e-28 1.1027783379889e-28
 1  29 1.7429359051620e-28 1.7429359051620e-28 1.7429359051620e-28 1.7242772551195e-28 1.6265121159469e-28 1.5132670741051e-28 1.4394698923492e-28 1.3498640757566e-28 1.2975348739789e-28
 1  30 2.0930455338154e-28 2.0930455338154e-28 2.0930455338154e-28 2.0930455338154e-28 1.9818112832061e-28 1.8758901918309e-28 1.7521278873040e-28 1.6300969937971e-28 1.5358800194352e-28
 1  31 2.5513903790428e-28 2.5513903790428e-28 2.5513903790428e-28 2.5513903790428e-28 2.4476927737884e-28 2.2379005027226e-28 2.1370316070740e-28 1.9969392221780e-28 1.8920890682225e-28
0.86918731 0.86937627 0.86956522 11505.0 11500.0  1
1.0000000000000 
 1   1 1.3016803779989e-31 1.1516702541659e-31 1.0189926769863e-31 9.5153352473074e-32 8.5916758674694e-32 8.5912409345596e-32 8.5912409345596e-32 8.5912409345596e-32 8.5912409345596e-32
 1   2 2.1824112918920e-31 1.9295452948126e-31 1.7050757147660e-31 1.5900835676440e-31 1.4231266944035e-31 1.3818521490103e-31 1.3818521490103e-31 1.3818521490103e-31 1.3818521490103e-31
 1   3 3.3505750248437e-31 2.9570888703551e-31 2.6157765624300e-31 2.4412379857256e-31 2.1774902023417e-31 2.0410202452875e-31 2.0410202452875e-31 2.0410202452875e-31 2.0410202452875e-31
 1   4 5.2736692066590e-31 4.6512106234636e-31 4.1200935936999e-31 3.8538812688601e-31 3.4182096784058e-31 3.1034922248715e-31 3.1034922248715e-31 3.1034922248715e-31 3.1034922248715e-31
 1   5 7.9927569112975e-31 7.3876782471778e-31 6.5318572340730e-31 6.1086378903758e-31 5.4285584548940e-31 4.8976962723056e-31 4.8414714371103e-31 4.8414714371103e-31 4.8414714371103e-31
 1   6 1.2271467951115e-30 1.1778425183375e-30 1.0433876877390e-30 9.7594101923347e-31 8.6990352946727e-31 7.8281171725213e-31 7.6166814738367e-31 7.6166814738367e-31 7.6166814738367e-31
 1   7 1.8720121814246e-30 1.8480279589277e-30 1.6402912118267e-30 1.5315277976807e-30 1.3681935159108e-30 1.2335056553122e-30 1.1798963420672e-30 1.1798963420672e-30 1.1798963420672e-30
 1   8 2.8341093566687e-30 2.8341093566687e-30 2.5913870765007e-30 2.4256856312269e-30 2.1514806030784e-30 1.9516446826476e-30 1.8564623659938e-30 1.8391335103926e-30 1.8391335103926e-30
 1   9 4.3022160367779e-30 4.3022160367779e-30 4.1100018336388e-30 3.8468306537439e-30 3.3970733495826e-30 3.0929127757141e-30 2.9451063041208e-30 2.8733541289466e-30 2.8733541289466e-30
 1  10 6.5552523928408e-30 6.5552523928408e-30 6.4912603611730e-30 6.0766644440334e-30 5.3263650197341e-30 4.8909619121895e-30 4.6569324597656e-30 4.4501673292752e-30 4.4501673292752e-30
 1  11 1.0138144880136e-29 1.0138144880136e-29 1.0138144880136e-29 9.6078521070109e-30 8.4501711035414e-30 7.7353178180154e-30 7.3719031129898e-30 6.9452810422854e-30 6.8412116121811e-30
 1  12 1.5892689641648e-29 1.5892689641648e-29 1.5892689641648e-29 1.5202373155004e-29 1.3414330766838e-29 1.2241682428898e-29 1.1675729859147e-29 1.0964678028312e-29 1.0650998959467e-29
 1  13 2.5738768750351e-29 2.5738768750351e-29 2.5725371500175e-29 2.4065371856023e-29 2.1047630721530e-29 1.9388232930485e-29 1.8463085398309e-29 1.7411517116244e-29 1.7411517116244e-29
 1  14 4.1926110627163e-29 4.1926110627163e-29 4.0829859265755e-29 3.8176559748153e-29 3.3527205371328e-29 3.0664436898149e-29 2.9187140297245e-29 2.8297351635141e-29 2.8297351635141e-29
 1  15 6.9307688592279e-29 6.9307688592279e-29 6.4744630923291e-29 6.0528698052654e-29 5.3433698526684e-29 4.8551610562408e-29 4.6186324840192e-29 4.5412176234187e-29 4.5412176234187e-29
 1  16 1.1487443876010e-28 1.1487443876010e-28 1.0251067870380e-28 9.5333405858016e-29 8.4814349650699e-29 7.6748524950950e-29 7.3064931154004e-29 7.3002711579738e-29 7.3002711579738e-29
 1  17 1.8790259668923e-28 1.8348279209691e-28 1.6291045380227e-28 1.5198430415296e-28 1.3490530185088e-28 1.2158144164318e-28 1.1732345127738e-28 1.1732345127738e-28 1.1732345127738e-28
 1  18 3.1134032183517e-28 2.9204931676959e-28 2.5846882633338e-28 2.4064111876542e-28 2.1412087083821e-28 1.9263067044326e-28 1.8889284968132e-28 1.8889284968132e-28 1.8889284968132e-28
 1  19 5.1735596465068e-28 4.6451460995252e-28 4.0974193270612e-28 3.8042785857922e-28 3.3804521829580e-28 3.0540176499991e-28 3.0469196351890e-28 3.0469196351890e-28 3.0469196351890e-28
 1  20 8.3879612792959e-28 7.4551982590077e-28 6.5444876180652e-28 6.0151746617995e-28 5.3785084445038e-28 4.9911750437383e-28 4.9911750437383e-28 4.9911750437383e-28 4.9911750437383e-28
 1  21 1.3432727731149e-27 1.1753994746984e-27 1.0376072760833e-27 9.6504497653356e-28 8.5902734791990e-28 8.0836547184330e-28 8.0836547184330e-28 8.0836547184330e-28 8.0836547184330e-28
 1  22 2.1288705752312e-27 1.8742154512995e-27 1.6497288643888e-27 1.5287284637727e-27 1.3593486066572e-27 1.2848140585480e-27 1.2848140585480e-27 1.2848140585480e-27 1.2848140585480e-27
 1  23 3.2384454236973e-27 2.9568584806094e-27 2.6360074111522e-27 2.4298115735163e-27 2.1350510770157e-27 1.9471352034469e-27 1.9188843148717e-27 1.9188843148717e-27 1.9188843148717e-27
 1  24 3.7660766579355e-27 3.6869020631078e-27 3.3281999220816e-27 3.0289498902877e-27 2.6640248770182e-27 2.4566201331561e-27 2.3672604504105e-27 2.3672604504105e-27 2.3672604504105e-27
 1  25 4.5111827459360e-27 4.5111827459360e-27 4.1898925644515e-27 3.7237805400549e-27 3.3055579192834e-27 3.0919511032214e-27 2.9265980767301e-27 2.9121874985143e-27 2.9121874985143e-27
 1  26 5.4755078098563e-27 5.4755078098563e-27 5.2788391624693e-27 4.6031524489423e-27 4.1601161467673e-27 3.8935632054183e-27 3.6890687342952e-27 3.5387464354619e-27 3.5387464354619e-27
 1  27 6.3840205795463e-27 6.3840205795463e-27 6.3352506407506e-27 5.6861036270432e-27 5.2203613811959e-27 4.8756561286335e-27 4.5944603419173e-27 4.2869216854217e-27 4.2869216854217e-27
 1  28 7.4032777877124e-27 7.4032777877124e-27 7.4032777877124e-27 7.0364312741374e-27 6.5522355379350e-27 6.1023606437135e-27 5.6878928159616e-27 5.2745439535073e-27 5.0772586233521e-27
 1  29 8.6776818097250e-27 8.6776818097250e-27 8.6776818097250e-27 8.5449613550254e-27 8.1471820954276e-27 7.5287729236327e-27 7.0096623886544e-27 6.3528890775533e-27 5.8824633552672e-27
 1  30 1.0077684197503e-26 1.0077684197503e-26 1.0077684197503e-26 1.0077684197503e-26 9.7126133913365e-27 8.9575463936637e-27 8.2215021912376e-27 7.5410603566779e-27 7.0475176972693e-27
 1  31 1.1437585642351e-26 1.1437585642351e-26 1.1437585642351e-26 1.1437585642351e-26 1.1177542729400e-26 1.0527609165903e-26 9.6819394902983e-27 9.0316037926292e-27 8.5000733206256e-27
