-----------------------------------------------------------------------------------------------
Content :
Spectral range definition: line 1 (3 values)  ==> max, min and step of the wavenumber (in cm-1)
Temperatures definition :  line 2 (1 value)   ==> NT = number of T values
Temperatures definition :  line 3 (NT values) ==> list of T values (in K)
Pressures definition :     line 4 (1 value)   ==> NP = number of P values
Pressures definition :     line 5 (NP values) ==> list of P values (in mbar)
For each spectral range: 
    First line of the block (6 values): 
    --> min, mean and max wavelengths (in microns), min and max wavenumbers (in cm-1)
        of the spectral range, nmaxai (number of exponentials for the CKD expansion) 
    If nmaxai not null, second line of the block (nmaxnai values): 
    --> coefs kdis_ai for nai = 1 to nmaxai 
    If nmaxai not null, following lines of the block : 
    --> for nai = 1 to nmaxai 
    -->     for pressure index ip = 1 to NP 
    -->         line : nai, ip, kdis_ki(T,P,nai) for temperature index it = 1 to IT 
-----------------------------------------------------------------------------------------------
10250 10000  5
9
  160.00  180.00  200.00  220.00  240.00  260.00  280.00  300.00  320.00
31
    0.007    0.011    0.017    0.028    0.044    0.069    0.110    0.174    0.276    0.438    0.694    1.100    1.743    2.763    4.379    6.941   11.000   17.434   27.631   43.792   69.405  110.000  174.338  219.479  276.308  347.851  437.918  551.306  694.053  873.761 1098.900
0.97560976 0.97584783 0.97608590 10250.0 10245.0  0
0.97608590 0.97632420 0.97656250 10245.0 10240.0  0
0.97656250 0.97680104 0.97703957 10240.0 10235.0  0
0.97703957 0.97727834 0.97751711 10235.0 10230.0  0
0.97751711 0.97775611 0.97799511 10230.0 10225.0  0
0.97799511 0.97823434 0.97847358 10225.0 10220.0  0
0.97847358 0.97871305 0.97895252 10220.0 10215.0  0
0.97895252 0.97919222 0.97943193 10215.0 10210.0  0
0.97943193 0.97967187 0.97991181 10210.0 10205.0  0
0.97991181 0.98015198 0.98039216 10205.0 10200.0  0
0.98039216 0.98063257 0.98087298 10200.0 10195.0  0
0.98087298 0.98111362 0.98135427 10195.0 10190.0  0
0.98135427 0.98159515 0.98183603 10190.0 10185.0  0
0.98183603 0.98207715 0.98231827 10185.0 10180.0  0
0.98231827 0.98255962 0.98280098 10180.0 10175.0  0
0.98280098 0.98304258 0.98328417 10175.0 10170.0  0
0.98328417 0.98352600 0.98376783 10170.0 10165.0  0
0.98376783 0.98400990 0.98425197 10165.0 10160.0  0
0.98425197 0.98449428 0.98473658 10160.0 10155.0  0
0.98473658 0.98497912 0.98522167 10155.0 10150.0  0
0.98522167 0.98546446 0.98570724 10150.0 10145.0  0
0.98570724 0.98595026 0.98619329 10145.0 10140.0  0
0.98619329 0.98643656 0.98667982 10140.0 10135.0  0
0.98667982 0.98692332 0.98716683 10135.0 10130.0  0
0.98716683 0.98741058 0.98765432 10130.0 10125.0  0
0.98765432 0.98789830 0.98814229 10125.0 10120.0  0
0.98814229 0.98838652 0.98863075 10120.0 10115.0  0
0.98863075 0.98887522 0.98911968 10115.0 10110.0  0
0.98911968 0.98936439 0.98960910 10110.0 10105.0  0
0.98960910 0.98985406 0.99009901 10105.0 10100.0  0
0.99009901 0.99034420 0.99058940 10100.0 10095.0  0
0.99058940 0.99083484 0.99108028 10095.0 10090.0  0
0.99108028 0.99132596 0.99157164 10090.0 10085.0  0
0.99157164 0.99181756 0.99206349 10085.0 10080.0  0
0.99206349 0.99230966 0.99255583 10080.0 10075.0  0
0.99255583 0.99280224 0.99304866 10075.0 10070.0  0
0.99304866 0.99329532 0.99354198 10070.0 10065.0  0
0.99354198 0.99378888 0.99403579 10065.0 10060.0  0
0.99403579 0.99428294 0.99453008 10060.0 10055.0  0
0.99453008 0.99477748 0.99502488 10055.0 10050.0  0
0.99502488 0.99527252 0.99552016 10050.0 10045.0  0
0.99552016 0.99576805 0.99601594 10045.0 10040.0  0
0.99601594 0.99626408 0.99651221 10040.0 10035.0  0
0.99651221 0.99676059 0.99700897 10035.0 10030.0  0
0.99700897 0.99725760 0.99750623 10030.0 10025.0  0
0.99750623 0.99775511 0.99800399 10025.0 10020.0  0
0.99800399 0.99825312 0.99850225 10020.0 10015.0  0
0.99850225 0.99875162 0.99900100 10015.0 10010.0  0
0.99900100 0.99925062 0.99950025 10010.0 10005.0  0
0.99950025 0.99975012 1.00000000 10005.0 10000.0  1
1.0000000000000 
 1   1 0.0000000000000e+00 0.0000000000000e+00 0.0000000000000e+00 0.0000000000000e+00 0.0000000000000e+00 0.0000000000000e+00 0.0000000000000e+00 0.0000000000000e+00 0.0000000000000e+00
 1   2 0.0000000000000e+00 0.0000000000000e+00 0.0000000000000e+00 0.0000000000000e+00 0.0000000000000e+00 0.0000000000000e+00 0.0000000000000e+00 0.0000000000000e+00 0.0000000000000e+00
 1   3 0.0000000000000e+00 0.0000000000000e+00 0.0000000000000e+00 0.0000000000000e+00 0.0000000000000e+00 0.0000000000000e+00 0.0000000000000e+00 0.0000000000000e+00 0.0000000000000e+00
 1   4 0.0000000000000e+00 0.0000000000000e+00 0.0000000000000e+00 0.0000000000000e+00 0.0000000000000e+00 0.0000000000000e+00 0.0000000000000e+00 0.0000000000000e+00 0.0000000000000e+00
 1   5 0.0000000000000e+00 0.0000000000000e+00 0.0000000000000e+00 0.0000000000000e+00 0.0000000000000e+00 0.0000000000000e+00 0.0000000000000e+00 0.0000000000000e+00 0.0000000000000e+00
 1   6 0.0000000000000e+00 0.0000000000000e+00 0.0000000000000e+00 0.0000000000000e+00 0.0000000000000e+00 0.0000000000000e+00 0.0000000000000e+00 0.0000000000000e+00 0.0000000000000e+00
 1   7 1.4012984643248e-41 1.4012984643248e-41 1.4012984643248e-41 1.4012984643248e-41 1.2234736892020e-41 0.0000000000000e+00 0.0000000000000e+00 0.0000000000000e+00 0.0000000000000e+00
 1   8 1.4012984643248e-41 1.4012984643248e-41 1.4012984643248e-41 1.4012984643248e-41 1.4012984643248e-41 1.4012984643248e-41 1.4012984643248e-41 1.4012984643248e-41 1.4012984643248e-41
 1   9 2.8025969286496e-41 2.8025969286496e-41 2.1343176910131e-41 1.4012984643248e-41 1.4012984643248e-41 1.4012984643248e-41 1.4012984643248e-41 1.4012984643248e-41 1.4012984643248e-41
 1  10 2.8025969286496e-41 2.8025969286496e-41 2.8025969286496e-41 2.8025969286496e-41 2.8025969286496e-41 2.8025969286496e-41 2.8025969286496e-41 2.8025969286496e-41 2.8025969286496e-41
 1  11 5.6051938572993e-41 5.6051938572993e-41 5.6051938572993e-41 4.4464601571491e-41 4.2038953929745e-41 4.2038953929745e-41 4.2038953929745e-41 4.2038953929745e-41 4.2038953929745e-41
 1  12 8.4077907859489e-41 8.4077907859489e-41 8.4077907859489e-41 7.4505638049686e-41 7.0064923216241e-41 7.0064923216241e-41 6.0492653406438e-41 5.6051938572993e-41 5.6051938572993e-41
 1  13 1.4012984643248e-40 1.4012984643248e-40 1.4001634125687e-40 1.2600335661362e-40 1.1199037197038e-40 9.8090892502737e-41 9.7977387327127e-41 8.4077907859489e-41 8.4077907859489e-41
 1  14 2.2420775429197e-40 2.2420775429197e-40 2.1487370522110e-40 1.9151405982081e-40 1.7750107517756e-40 1.6348809053431e-40 1.4947510589106e-40 1.4012984643248e-40 1.4012984643248e-40
 1  15 3.6433760072445e-40 3.6433760072445e-40 3.3667316644175e-40 3.0385615770573e-40 2.8505073231449e-40 2.6181720377598e-40 2.4301177838475e-40 2.3822073893522e-40 2.3822073893522e-40
 1  16 5.8854535501642e-40 5.8854535501642e-40 5.3344209550378e-40 4.9116632213356e-40 4.4912736820382e-40 4.0708841427407e-40 3.7882562554711e-40 3.7835058536770e-40 3.7835058536770e-40
 1  17 9.8090892502737e-40 9.5069132494267e-40 8.5691643171005e-40 7.7715592441915e-40 7.1140700047303e-40 6.5535506190004e-40 6.1657132430292e-40 6.1657132430292e-40 6.1657132430292e-40
 1  18 1.6114932339735e-39 1.4961691729565e-39 1.3494840523079e-39 1.2322388110963e-39 1.1290065545280e-39 1.0397858813044e-39 1.0089348943139e-39 1.0089348943139e-39 1.0089348943139e-39
 1  19 2.6484540975739e-39 2.3665226556410e-39 2.1393763784693e-39 1.9420189040523e-39 1.7861132395084e-39 1.6453962490194e-39 1.6395192032600e-39 1.6395192032600e-39 1.6395192032600e-39
 1  20 4.2292546912833e-39 3.7565196478510e-39 3.3839886550057e-39 3.0775569107225e-39 2.8232100290599e-39 2.6624670822172e-39 2.6624670822172e-39 2.6624670822172e-39 2.6624670822172e-39
 1  21 6.6969188661839e-39 5.9528980452522e-39 5.3569608408364e-39 4.8701007088838e-39 4.4642888775107e-39 4.3159992701204e-39 4.3159992701204e-39 4.3159992701204e-39 4.3159992701204e-39
 1  22 1.0625383440801e-38 9.4358604107931e-39 8.4926506183515e-39 7.7227267953067e-39 7.0759602916945e-39 6.8383365059051e-39 6.8383365059051e-39 6.8383365059051e-39 6.8383365059051e-39
 1  23 1.6255062186168e-38 1.4931461517794e-38 1.3433969519088e-38 1.2209257082043e-38 1.1194422721194e-38 1.0333414497969e-38 1.0131387897068e-38 1.0131387897068e-38 1.0131387897068e-38
 1  24 1.9450022684828e-38 1.8787462146225e-38 1.6908703460046e-38 1.5371231014854e-38 1.4086102995818e-38 1.3006651960183e-38 1.2359452455345e-38 1.2359452455345e-38 1.2359452455345e-38
 1  25 2.3331619431008e-38 2.3331619431008e-38 2.1237645122783e-38 1.9318915799208e-38 1.7707681805450e-38 1.6352647209925e-38 1.5186394142215e-38 1.5077971476135e-38 1.5077971476135e-38
 1  26 2.8039982271140e-38 2.8039982271140e-38 2.6760285684952e-38 2.4326818797775e-38 2.2302438576482e-38 2.0587428622352e-38 1.9119003757690e-38 1.8413061821228e-38 1.8413061821228e-38
 1  27 3.3771292990228e-38 3.3771292990228e-38 3.3600533561962e-38 3.0559760735928e-38 2.8017216776288e-38 2.5863137974331e-38 2.4026677482298e-38 2.2504853337057e-38 2.2504853337057e-38
 1  28 4.0749759342566e-38 4.0749759342566e-38 4.0749759342566e-38 3.8496278032743e-38 3.5285289482248e-38 3.2578137794600e-38 3.0253879701942e-38 2.8239423476373e-38 2.7535514823983e-38
 1  29 4.9255641021017e-38 4.9255641021017e-38 4.9255641021017e-38 4.8399783970946e-38 4.4373368633672e-38 4.0970979528532e-38 3.8044639537691e-38 3.5515632121217e-38 3.3701228067012e-38
 1  30 5.9625249657021e-38 5.9625249657021e-38 5.9625249657021e-38 5.9625249657021e-38 5.5829367535307e-38 5.1546640695924e-38 4.7864387064085e-38 4.4677018800504e-38 4.1878580925696e-38
 1  31 7.2217452182096e-38 7.2217452182096e-38 7.2217452182096e-38 7.2217452182096e-38 7.0180530339548e-38 6.4781708509686e-38 6.0162995140109e-38 5.6161480876546e-38 5.2653021885447e-38
