-----------------------------------------------------------------------------------------------
Content :
Spectral range definition: line 1 (3 values)  ==> max, min and step of the wavenumber (in cm-1)
Temperatures definition :  line 2 (1 value)   ==> NT = number of T values
Temperatures definition :  line 3 (NT values) ==> list of T values (in K)
Pressures definition :     line 4 (1 value)   ==> NP = number of P values
Pressures definition :     line 5 (NP values) ==> list of P values (in mbar)
For each spectral range: 
    First line of the block (6 values): 
    --> min, mean and max wavelengths (in microns), min and max wavenumbers (in cm-1)
        of the spectral range, nmaxai (number of exponentials for the CKD expansion) 
    If nmaxai not null, second line of the block (nmaxnai values): 
    --> coefs kdis_ai for nai = 1 to nmaxai 
    If nmaxai not null, following lines of the block : 
    --> for nai = 1 to nmaxai 
    -->     for pressure index ip = 1 to NP 
    -->         line : nai, ip, kdis_ki(T,P,nai) for temperature index it = 1 to IT 
-----------------------------------------------------------------------------------------------
13000 12750  5
9
  160.00  180.00  200.00  220.00  240.00  260.00  280.00  300.00  320.00
31
    0.007    0.011    0.017    0.028    0.044    0.069    0.110    0.174    0.276    0.438    0.694    1.100    1.743    2.763    4.379    6.941   11.000   17.434   27.631   43.792   69.405  110.000  174.338  219.479  276.308  347.851  437.918  551.306  694.053  873.761 1098.900
0.76923077 0.76937876 0.76952674 13000.0 12995.0  0
0.76952674 0.76967484 0.76982294 12995.0 12990.0  0
0.76982294 0.76997115 0.77011937 12990.0 12985.0  0
0.77011937 0.77026770 0.77041602 12985.0 12980.0  0
0.77041602 0.77056446 0.77071291 12980.0 12975.0  0
0.77071291 0.77086146 0.77101002 12975.0 12970.0  0
0.77101002 0.77115870 0.77130737 12970.0 12965.0  0
0.77130737 0.77145616 0.77160494 12965.0 12960.0  0
0.77160494 0.77175384 0.77190274 12960.0 12955.0  0
0.77190274 0.77205176 0.77220077 12955.0 12950.0  0
0.77220077 0.77234990 0.77249903 12950.0 12945.0  0
0.77249903 0.77264828 0.77279753 12945.0 12940.0  0
0.77279753 0.77294689 0.77309625 12940.0 12935.0  0
0.77309625 0.77324572 0.77339520 12935.0 12930.0  0
0.77339520 0.77354480 0.77369439 12930.0 12925.0  0
0.77369439 0.77384410 0.77399381 12925.0 12920.0  0
0.77399381 0.77414364 0.77429346 12920.0 12915.0  0
0.77429346 0.77444340 0.77459334 12915.0 12910.0  0
0.77459334 0.77474340 0.77489345 12910.0 12905.0  0
0.77489345 0.77504362 0.77519380 12905.0 12900.0  0
0.77519380 0.77534409 0.77549438 12900.0 12895.0  0
0.77549438 0.77564478 0.77579519 12895.0 12890.0  0
0.77579519 0.77594572 0.77609624 12890.0 12885.0  0
0.77609624 0.77624688 0.77639752 12885.0 12880.0  0
0.77639752 0.77654827 0.77669903 12880.0 12875.0  0
0.77669903 0.77684990 0.77700078 12875.0 12870.0  0
0.77700078 0.77715177 0.77730276 12870.0 12865.0  0
0.77730276 0.77745387 0.77760498 12865.0 12860.0  0
0.77760498 0.77775620 0.77790743 12860.0 12855.0  0
0.77790743 0.77805878 0.77821012 12855.0 12850.0  0
0.77821012 0.77836158 0.77851304 12850.0 12845.0  0
0.77851304 0.77866462 0.77881620 12845.0 12840.0  0
0.77881620 0.77896790 0.77911959 12840.0 12835.0  0
0.77911959 0.77927141 0.77942323 12835.0 12830.0  0
0.77942323 0.77957516 0.77972710 12830.0 12825.0  0
0.77972710 0.77987915 0.78003120 12825.0 12820.0  0
0.78003120 0.78018337 0.78033554 12820.0 12815.0  0
0.78033554 0.78048783 0.78064012 12815.0 12810.0  0
0.78064012 0.78079253 0.78094494 12810.0 12805.0  1
1.0000000000000 
 1   1 7.6134563436556e-38 7.5706214521981e-38 7.3938622244276e-38 7.1286199669451e-38 6.8358455577549e-38 6.8357093515442e-38 6.8357093515442e-38 6.8357093515442e-38 6.8357093515442e-38
 1   2 1.2695731576658e-37 1.2631033066041e-37 1.2339171742930e-37 1.1900315331951e-37 1.1369419395757e-37 1.1232808490028e-37 1.1232808490028e-37 1.1232808490028e-37 1.1232808490028e-37
 1   3 1.9425270148755e-37 1.9331046840013e-37 1.8888276882683e-37 1.8218933779252e-37 1.7408750090808e-37 1.6910869867472e-37 1.6910869867472e-37 1.6910869867472e-37 1.6910869867472e-37
 1   4 3.0615494860010e-37 3.0447655177224e-37 2.9739006212389e-37 2.8677647060966e-37 2.7400248043741e-37 2.6146828045837e-37 2.6146828045837e-37 2.6146828045837e-37 2.6146828045837e-37
 1   5 4.8396642820309e-37 4.8013413474208e-37 4.6919180981851e-37 4.5264823709412e-37 4.3265114748882e-37 4.1061022483694e-37 4.0560581807804e-37 4.0560581807804e-37 4.0560581807804e-37
 1   6 7.6742108156671e-37 7.6194933616477e-37 7.4500375893693e-37 7.1911915307013e-37 6.8768580885855e-37 6.5295136419744e-37 6.3319072408981e-37 6.3319072408981e-37 6.3319072408981e-37
 1   7 1.1915521101847e-36 1.1884819885636e-36 1.1624580151567e-36 1.1226062527117e-36 1.0738920958380e-36 1.0201288700209e-36 9.7086163745894e-37 9.7086163745894e-37 9.7086163745894e-37
 1   8 1.8464769510354e-36 1.8464769510354e-36 1.8111012721970e-36 1.7513908011726e-36 1.6777590016349e-36 1.5953136849590e-36 1.5083504923511e-36 1.4909815660416e-36 1.4909815660416e-36
 1   9 2.8420574934050e-36 2.8420574934050e-36 2.8067361625263e-36 2.7200927798591e-36 2.6115208026249e-36 2.4877803636650e-36 2.3553481972190e-36 2.2850273184305e-36 2.2850273184305e-36
 1  10 4.2961850443595e-36 4.2961850443595e-36 4.2789669650271e-36 4.1601827730005e-36 4.0067539987806e-36 3.8272733597092e-36 3.6312433185119e-36 3.4611370746968e-36 3.4611370746968e-36
 1  11 6.3467611839862e-36 6.3467611839862e-36 6.3467611839862e-36 6.2219136968186e-36 6.0294064078567e-36 5.7854841554129e-36 5.5118656755963e-36 5.2240313479603e-36 5.1738601097331e-36
 1  12 9.0434057788028e-36 9.0434057788028e-36 9.0434057788028e-36 8.9549624562841e-36 8.7722923273833e-36 8.4896513688015e-36 8.1443455984586e-36 7.7642635911292e-36 7.6405798318895e-36
 1  13 1.1796172623744e-35 1.1796172623744e-35 1.1797415272802e-35 1.1950448365177e-35 1.1967051218431e-35 1.1783886038809e-35 1.1448289002325e-35 1.1050345708458e-35 1.1050345708458e-35
 1  14 1.1933079259501e-35 1.1933079259501e-35 1.2291680370307e-35 1.3300325408836e-35 1.4071638826701e-35 1.4471090231606e-35 1.4487157138645e-35 1.4438894715555e-35 1.4438894715555e-35
 1  15 1.3447280677408e-36 1.3447280677408e-36 3.7064386532449e-36 7.1737061060426e-36 1.0313634183631e-35 1.2481491426499e-35 1.3908653779894e-35 1.4342121626549e-35 1.4342121626549e-35
 1  16 0.0000000000000e+00 0.0000000000000e+00 0.0000000000000e+00 0.0000000000000e+00 2.6344411129307e-41 1.2315867869209e-38 4.7415640849063e-38 4.7377901078822e-38 4.7377901078822e-38
 1  17 0.0000000000000e+00 0.0000000000000e+00 0.0000000000000e+00 0.0000000000000e+00 0.0000000000000e+00 0.0000000000000e+00 0.0000000000000e+00 0.0000000000000e+00 0.0000000000000e+00
 1  18 0.0000000000000e+00 0.0000000000000e+00 0.0000000000000e+00 0.0000000000000e+00 0.0000000000000e+00 0.0000000000000e+00 0.0000000000000e+00 0.0000000000000e+00 0.0000000000000e+00
 1  19 0.0000000000000e+00 0.0000000000000e+00 0.0000000000000e+00 0.0000000000000e+00 0.0000000000000e+00 0.0000000000000e+00 0.0000000000000e+00 0.0000000000000e+00 0.0000000000000e+00
 1  20 0.0000000000000e+00 0.0000000000000e+00 0.0000000000000e+00 0.0000000000000e+00 0.0000000000000e+00 0.0000000000000e+00 0.0000000000000e+00 0.0000000000000e+00 0.0000000000000e+00
 1  21 0.0000000000000e+00 0.0000000000000e+00 0.0000000000000e+00 0.0000000000000e+00 0.0000000000000e+00 0.0000000000000e+00 0.0000000000000e+00 0.0000000000000e+00 0.0000000000000e+00
 1  22 0.0000000000000e+00 0.0000000000000e+00 0.0000000000000e+00 0.0000000000000e+00 0.0000000000000e+00 0.0000000000000e+00 0.0000000000000e+00 0.0000000000000e+00 0.0000000000000e+00
 1  23 0.0000000000000e+00 0.0000000000000e+00 0.0000000000000e+00 0.0000000000000e+00 0.0000000000000e+00 0.0000000000000e+00 0.0000000000000e+00 0.0000000000000e+00 0.0000000000000e+00
 1  24 0.0000000000000e+00 0.0000000000000e+00 0.0000000000000e+00 0.0000000000000e+00 0.0000000000000e+00 0.0000000000000e+00 0.0000000000000e+00 0.0000000000000e+00 0.0000000000000e+00
 1  25 0.0000000000000e+00 0.0000000000000e+00 0.0000000000000e+00 0.0000000000000e+00 0.0000000000000e+00 0.0000000000000e+00 0.0000000000000e+00 0.0000000000000e+00 0.0000000000000e+00
 1  26 0.0000000000000e+00 0.0000000000000e+00 0.0000000000000e+00 0.0000000000000e+00 0.0000000000000e+00 0.0000000000000e+00 0.0000000000000e+00 0.0000000000000e+00 0.0000000000000e+00
 1  27 0.0000000000000e+00 0.0000000000000e+00 0.0000000000000e+00 0.0000000000000e+00 0.0000000000000e+00 0.0000000000000e+00 0.0000000000000e+00 0.0000000000000e+00 0.0000000000000e+00
 1  28 0.0000000000000e+00 0.0000000000000e+00 0.0000000000000e+00 0.0000000000000e+00 0.0000000000000e+00 0.0000000000000e+00 0.0000000000000e+00 0.0000000000000e+00 0.0000000000000e+00
 1  29 0.0000000000000e+00 0.0000000000000e+00 0.0000000000000e+00 0.0000000000000e+00 0.0000000000000e+00 0.0000000000000e+00 0.0000000000000e+00 0.0000000000000e+00 0.0000000000000e+00
 1  30 0.0000000000000e+00 0.0000000000000e+00 0.0000000000000e+00 0.0000000000000e+00 0.0000000000000e+00 0.0000000000000e+00 0.0000000000000e+00 0.0000000000000e+00 0.0000000000000e+00
 1  31 0.0000000000000e+00 0.0000000000000e+00 0.0000000000000e+00 0.0000000000000e+00 0.0000000000000e+00 0.0000000000000e+00 0.0000000000000e+00 0.0000000000000e+00 0.0000000000000e+00
0.78094494 0.78109747 0.78125000 12805.0 12800.0  1
1.0000000000000 
 1   1 3.6912427484900e-36 3.5217330766675e-36 3.3408250413492e-36 3.1551892716408e-36 2.9834674764314e-36 2.9833887346681e-36 2.9833887346681e-36 2.9833887346681e-36 2.9833887346681e-36
 1   2 6.1683262498808e-36 5.8853925656551e-36 5.5832595230138e-36 5.2730643282606e-36 4.9626689608243e-36 4.8857671360318e-36 4.8857671360318e-36 4.8857671360318e-36 4.8857671360318e-36
 1   3 9.4544449579152e-36 9.0205236734983e-36 8.5573491962311e-36 8.0817575554325e-36 7.6058401856085e-36 7.3348164172907e-36 7.3348164172907e-36 7.3348164172907e-36 7.3348164172907e-36
 1   4 1.4905299936878e-35 1.4217477899388e-35 1.3484743999488e-35 1.2733302922035e-35 1.1982083541209e-35 1.1317657313830e-35 1.1317657313830e-35 1.1317657313830e-35 1.1317657313830e-35
 1   5 2.3366343831162e-35 2.2502127329497e-35 2.1343662723493e-35 2.0155457766031e-35 1.8967287246880e-35 1.7798527020799e-35 1.7538974079923e-35 1.7538974079923e-35 1.7538974079923e-35
 1   6 3.6711790602134e-35 3.5892029655257e-35 3.4046121833185e-35 3.2153377908073e-35 3.0260303949146e-35 2.8397555792966e-35 2.7389247962900e-35 2.7389247962900e-35 2.7389247962900e-35
 1   7 5.6711277257377e-35 5.6344756052492e-35 5.3446875491790e-35 5.0476031629390e-35 4.7503503159607e-35 4.4581197226786e-35 4.2088070135963e-35 4.2088070135963e-35 4.2088070135963e-35
 1   8 8.7906434988960e-35 8.7906434988960e-35 8.4219119284128e-35 7.9559598578657e-35 7.4902666486233e-35 7.0307551162161e-35 6.5838307865010e-35 6.4958575469283e-35 6.4958575469283e-35
 1   9 1.3637907526966e-34 1.3637907526966e-34 1.3291262967281e-34 1.2561650613292e-34 1.1832823452796e-34 1.1112258043123e-34 1.0408421617018e-34 1.0047327889956e-34 1.0047327889956e-34
 1  10 2.1020529772740e-34 2.1020529772740e-34 2.0848576989734e-34 1.9716693020149e-34 1.8585292334864e-34 1.7463993554155e-34 1.6364209534309e-34 1.5461486122119e-34 1.5461486122119e-34
 1  11 3.2256088448892e-34 3.2256088448892e-34 3.2256088448892e-34 3.0822779717930e-34 2.9096049689082e-34 2.7365719708784e-34 2.5665656412132e-34 2.4022696426992e-34 2.3740189777823e-34
 1  12 4.9657179279954e-34 4.9657179279954e-34 4.9657179279954e-34 4.7884363903246e-34 4.5300406914948e-34 4.2676928520878e-34 4.0077258479187e-34 3.7551543562552e-34 3.6758881548676e-34
 1  13 7.7251091829591e-34 7.7251091829591e-34 7.7221107540095e-34 7.3503179620563e-34 6.9799729566999e-34 6.5960027779561e-34 6.2061624742979e-34 5.8309791158265e-34 5.8309791158265e-34
 1  14 1.1713220805608e-33 1.1713220805608e-33 1.1548651596493e-33 1.1056592416304e-33 1.0563583657084e-33 1.0040038677037e-33 9.4817413085340e-34 9.1175823421989e-34 9.1175823421989e-34
 1  15 1.6977442667026e-33 1.6977442667026e-33 1.6605472173387e-33 1.6063868661376e-33 1.5533063167002e-33 1.4878164958445e-33 1.4151507411546e-33 1.3901670780958e-33 1.3901670780958e-33
 1  16 2.2551306270839e-33 2.2551306270839e-33 2.2129845628321e-33 2.1867218149828e-33 2.1627762603726e-33 2.1071759285917e-33 2.0268970112702e-33 2.0255303154164e-33 2.0255303154164e-33
 1  17 2.4497640225762e-33 2.4561958133852e-33 2.4979627807088e-33 2.5921850814119e-33 2.6879999932894e-33 2.7250662689068e-33 2.6972632561159e-33 2.6972632561159e-33 2.6972632561159e-33
 1  18 1.1408806339654e-33 1.2421520436826e-33 1.5575551777655e-33 2.0203272835461e-33 2.5169857690540e-33 2.8182820525720e-33 2.8872036740836e-33 2.8872036740836e-33 2.8872036740836e-33
 1  19 0.0000000000000e+00 0.0000000000000e+00 0.0000000000000e+00 0.0000000000000e+00 0.0000000000000e+00 9.7002399944130e-34 1.0124847839384e-33 1.0124847839384e-33 1.0124847839384e-33
 1  20 0.0000000000000e+00 0.0000000000000e+00 0.0000000000000e+00 0.0000000000000e+00 0.0000000000000e+00 0.0000000000000e+00 0.0000000000000e+00 0.0000000000000e+00 0.0000000000000e+00
 1  21 0.0000000000000e+00 0.0000000000000e+00 0.0000000000000e+00 0.0000000000000e+00 0.0000000000000e+00 0.0000000000000e+00 0.0000000000000e+00 0.0000000000000e+00 0.0000000000000e+00
 1  22 0.0000000000000e+00 0.0000000000000e+00 0.0000000000000e+00 0.0000000000000e+00 0.0000000000000e+00 0.0000000000000e+00 0.0000000000000e+00 0.0000000000000e+00 0.0000000000000e+00
 1  23 0.0000000000000e+00 0.0000000000000e+00 0.0000000000000e+00 0.0000000000000e+00 0.0000000000000e+00 0.0000000000000e+00 0.0000000000000e+00 0.0000000000000e+00 0.0000000000000e+00
 1  24 0.0000000000000e+00 0.0000000000000e+00 0.0000000000000e+00 0.0000000000000e+00 0.0000000000000e+00 0.0000000000000e+00 0.0000000000000e+00 0.0000000000000e+00 0.0000000000000e+00
 1  25 0.0000000000000e+00 0.0000000000000e+00 0.0000000000000e+00 0.0000000000000e+00 0.0000000000000e+00 0.0000000000000e+00 0.0000000000000e+00 0.0000000000000e+00 0.0000000000000e+00
 1  26 0.0000000000000e+00 0.0000000000000e+00 0.0000000000000e+00 0.0000000000000e+00 0.0000000000000e+00 0.0000000000000e+00 0.0000000000000e+00 0.0000000000000e+00 0.0000000000000e+00
 1  27 0.0000000000000e+00 0.0000000000000e+00 0.0000000000000e+00 0.0000000000000e+00 0.0000000000000e+00 0.0000000000000e+00 0.0000000000000e+00 0.0000000000000e+00 0.0000000000000e+00
 1  28 0.0000000000000e+00 0.0000000000000e+00 0.0000000000000e+00 0.0000000000000e+00 0.0000000000000e+00 0.0000000000000e+00 0.0000000000000e+00 0.0000000000000e+00 0.0000000000000e+00
 1  29 0.0000000000000e+00 0.0000000000000e+00 0.0000000000000e+00 0.0000000000000e+00 0.0000000000000e+00 0.0000000000000e+00 0.0000000000000e+00 0.0000000000000e+00 0.0000000000000e+00
 1  30 0.0000000000000e+00 0.0000000000000e+00 0.0000000000000e+00 0.0000000000000e+00 0.0000000000000e+00 0.0000000000000e+00 0.0000000000000e+00 0.0000000000000e+00 0.0000000000000e+00
 1  31 0.0000000000000e+00 0.0000000000000e+00 0.0000000000000e+00 0.0000000000000e+00 0.0000000000000e+00 0.0000000000000e+00 0.0000000000000e+00 0.0000000000000e+00 0.0000000000000e+00
0.78125000 0.78140265 0.78155530 12800.0 12795.0  1
1.0000000000000 
 1   1 2.0702517511855e-35 1.9442122679764e-35 1.8234521778528e-35 1.7078974384457e-35 1.6057074900959e-35 1.6056609983759e-35 1.6056609983759e-35 1.6056609983759e-35 1.6056609983759e-35
 1   2 3.4618337330309e-35 3.2507145458429e-35 3.0485461626852e-35 2.8551512262557e-35 2.6706755254046e-35 2.6254657716038e-35 2.6254657716038e-35 2.6254657716038e-35 2.6254657716038e-35
 1   3 5.3081984366962e-35 4.9840110996526e-35 4.6737267957695e-35 4.3769655556816e-35 4.0939162161279e-35 3.9362696815075e-35 3.9362696815075e-35 3.9362696815075e-35 3.9362696815075e-35
 1   4 8.3655984021687e-35 7.8540431201169e-35 7.3643917518425e-35 6.8961816760335e-35 6.4497239854333e-35 6.0668405649922e-35 6.0668405649922e-35 6.0668405649922e-35 6.0668405649922e-35
 1   5 1.3064630181919e-34 1.2440562067777e-34 1.1664140013453e-34 1.0922052955255e-34 1.0214591322940e-34 9.5418159575233e-35 9.3934694888045e-35 9.3934694888045e-35 9.3934694888045e-35
 1   6 2.0434004009428e-34 1.9862027284594e-34 1.8621489295674e-34 1.7436336146544e-34 1.6306729697264e-34 1.5232490868618e-34 1.4660182388055e-34 1.4660182388055e-34 1.4660182388055e-34
 1   7 3.1454068397957e-34 3.1205334252501e-34 2.9256725073160e-34 2.7393952236190e-34 2.5617688436602e-34 2.3929832373277e-34 2.2522157225181e-34 2.2522157225181e-34 2.2522157225181e-34
 1   8 4.8638140472161e-34 4.8638140472161e-34 4.6190797967947e-34 4.3252296271407e-34 4.0454353393511e-34 3.7790180395206e-34 3.5263583857808e-34 3.4768606604729e-34 3.4768606604729e-34
 1   9 7.5382776720428e-34 7.5382776720428e-34 7.3117199621986e-34 6.8474988759596e-34 6.4059735550637e-34 5.9853770845646e-34 5.5855427830370e-34 5.3826294992110e-34 5.3826294992110e-34
 1  10 1.1629842440292e-33 1.1629842440292e-33 1.1518310066918e-33 1.0789739586633e-33 1.0096805870632e-33 9.4362156980236e-34 8.8070139796468e-34 8.2988854243397e-34 8.2988854243397e-34
 1  11 1.7912028634196e-33 1.7912028634196e-33 1.7912028634196e-33 1.6979670596162e-33 1.5899562101780e-33 1.4864717486743e-33 1.3879016800766e-33 1.2946556825331e-33 1.2786793367730e-33
 1  12 2.7846164453774e-33 2.7846164453774e-33 2.7846164453774e-33 2.6660783093436e-33 2.4988085856284e-33 2.3377557576612e-33 2.1838458945851e-33 2.0379521682977e-33 1.9925092097338e-33
 1  13 4.4349102295701e-33 4.4349102295701e-33 4.4327315242593e-33 4.1626716153914e-33 3.9083034540811e-33 3.6616278012710e-33 3.4232313021105e-33 3.1995387679108e-33 3.1995387679108e-33
 1  14 6.9905091513387e-33 6.9905091513387e-33 6.8526302761429e-33 6.4485276444249e-33 6.0698020990311e-33 5.7013606598392e-33 5.3383118009816e-33 5.1059419144210e-33 5.1059419144210e-33
 1  15 1.0840632981894e-32 1.0840632981894e-32 1.0431281033215e-32 9.8510526135456e-33 9.3186322838078e-33 8.7790311529545e-33 8.2444581991867e-33 8.0644745857125e-33 8.0644745857125e-33
 1  16 1.6363013606561e-32 1.6363013606561e-32 1.5460677694247e-32 1.4696643100411e-32 1.4017226467419e-32 1.3290550553420e-32 1.2531072469561e-32 1.2518199337051e-32 1.2518199337051e-32
 1  17 2.3614084305071e-32 2.3194886856520e-32 2.1965966287453e-32 2.1097884280522e-32 2.0374180897862e-32 1.9560430239826e-32 1.8861059590229e-32 1.8861059590229e-32 1.8861059590229e-32
 1  18 3.1531707320271e-32 3.0145226427155e-32 2.8736951868775e-32 2.8164606608096e-32 2.7962439212170e-32 2.7295178660133e-32 2.6933132277552e-32 2.6933132277552e-32 2.6933132277552e-32
 1  19 3.6439587252786e-32 3.2232778028573e-32 3.1280762786257e-32 3.2243445639807e-32 3.4020701997438e-32 3.4614441255302e-32 3.4637110663858e-32 3.4637110663858e-32 3.4637110663858e-32
 1  20 2.7122924656700e-32 1.8489094974062e-32 1.8668310842789e-32 2.3585231796230e-32 3.0221674702261e-32 3.4676924657520e-32 3.4676924657520e-32 3.4676924657520e-32 3.4676924657520e-32
 1  21 1.1165952880194e-33 0.0000000000000e+00 0.0000000000000e+00 0.0000000000000e+00 4.1923039912657e-33 6.8945168132826e-33 6.8945168132826e-33 6.8945168132826e-33 6.8945168132826e-33
 1  22 0.0000000000000e+00 0.0000000000000e+00 0.0000000000000e+00 0.0000000000000e+00 0.0000000000000e+00 0.0000000000000e+00 0.0000000000000e+00 0.0000000000000e+00 0.0000000000000e+00
 1  23 0.0000000000000e+00 0.0000000000000e+00 0.0000000000000e+00 0.0000000000000e+00 0.0000000000000e+00 0.0000000000000e+00 0.0000000000000e+00 0.0000000000000e+00 0.0000000000000e+00
 1  24 0.0000000000000e+00 0.0000000000000e+00 0.0000000000000e+00 0.0000000000000e+00 0.0000000000000e+00 0.0000000000000e+00 0.0000000000000e+00 0.0000000000000e+00 0.0000000000000e+00
 1  25 0.0000000000000e+00 0.0000000000000e+00 0.0000000000000e+00 0.0000000000000e+00 0.0000000000000e+00 0.0000000000000e+00 0.0000000000000e+00 0.0000000000000e+00 0.0000000000000e+00
 1  26 0.0000000000000e+00 0.0000000000000e+00 0.0000000000000e+00 0.0000000000000e+00 0.0000000000000e+00 0.0000000000000e+00 0.0000000000000e+00 0.0000000000000e+00 0.0000000000000e+00
 1  27 0.0000000000000e+00 0.0000000000000e+00 0.0000000000000e+00 0.0000000000000e+00 0.0000000000000e+00 0.0000000000000e+00 0.0000000000000e+00 0.0000000000000e+00 0.0000000000000e+00
 1  28 0.0000000000000e+00 0.0000000000000e+00 0.0000000000000e+00 0.0000000000000e+00 0.0000000000000e+00 0.0000000000000e+00 0.0000000000000e+00 0.0000000000000e+00 0.0000000000000e+00
 1  29 0.0000000000000e+00 0.0000000000000e+00 0.0000000000000e+00 0.0000000000000e+00 0.0000000000000e+00 0.0000000000000e+00 0.0000000000000e+00 0.0000000000000e+00 0.0000000000000e+00
 1  30 0.0000000000000e+00 0.0000000000000e+00 0.0000000000000e+00 0.0000000000000e+00 0.0000000000000e+00 0.0000000000000e+00 0.0000000000000e+00 0.0000000000000e+00 0.0000000000000e+00
 1  31 0.0000000000000e+00 0.0000000000000e+00 0.0000000000000e+00 0.0000000000000e+00 0.0000000000000e+00 0.0000000000000e+00 0.0000000000000e+00 0.0000000000000e+00 0.0000000000000e+00
0.78155530 0.78170806 0.78186083 12795.0 12790.0  1
1.0000000000000 
 1   1 8.2913792500613e-35 7.7646223235360e-35 7.2675104691425e-35 6.7969746593933e-35 6.3838170936718e-35 6.3836294048766e-35 6.3836294048766e-35 6.3836294048766e-35 6.3836294048766e-35
 1   2 1.3866728293025e-34 1.2983915964345e-34 1.2151342243839e-34 1.1363571618077e-34 1.0617900679642e-34 1.0435483241849e-34 1.0435483241849e-34 1.0435483241849e-34 1.0435483241849e-34
 1   3 2.1264720357024e-34 1.9908872571184e-34 1.8630837001240e-34 1.7421684941075e-34 1.6277404327453e-34 1.5642410085156e-34 1.5642410085156e-34 1.5642410085156e-34 1.5642410085156e-34
 1   4 3.3512251099539e-34 3.1374100343790e-34 2.9357897943390e-34 2.7450235915898e-34 2.5645429644104e-34 2.4105559595175e-34 2.4105559595175e-34 2.4105559595175e-34 2.4105559595175e-34
 1   5 5.2305600194780e-34 4.9707349011505e-34 4.6508447765608e-34 4.3483175300523e-34 4.0621595015564e-34 3.7916100635763e-34 3.7320285712015e-34 3.7320285712015e-34 3.7320285712015e-34
 1   6 8.1756164745568e-34 7.9385514064196e-34 7.4271043754589e-34 6.9436152837710e-34 6.4863475221237e-34 6.0541030964694e-34 5.8244955297977e-34 5.8244955297977e-34 5.8244955297977e-34
 1   7 1.2579726364412e-33 1.2476996423345e-33 1.1673238385646e-33 1.0912762417286e-33 1.0193099980129e-33 9.5134805743612e-34 8.9490605333292e-34 8.9490605333292e-34 8.9490605333292e-34
 1   8 1.9451070326949e-33 1.9451070326949e-33 1.8442753313333e-33 1.7241032581518e-33 1.6105314020792e-33 1.5031168405174e-33 1.4017289833911e-33 1.3818837918488e-33 1.3818837918488e-33
 1   9 3.0158473881147e-33 3.0158473881147e-33 2.9225888091082e-33 2.7322299886201e-33 2.5525082899808e-33 2.3825029705062e-33 2.2218040765411e-33 2.1403952152749e-33 2.1403952152749e-33
 1  10 4.6576340829563e-33 4.6576340829563e-33 4.6116693151033e-33 4.3117257684436e-33 4.0285304448893e-33 3.7605361000011e-33 3.5070003356279e-33 3.3027997018168e-33 3.3027997018168e-33
 1  11 7.1879775085974e-33 7.1879775085974e-33 7.1879775085974e-33 6.8020722641141e-33 6.3573937714575e-33 5.9354078299016e-33 5.5362856208112e-33 5.1603827312274e-33 5.0960240481779e-33
 1  12 1.1217967403192e-32 1.1217967403192e-32 1.1217967403192e-32 1.0722333434479e-32 1.0025745767757e-32 9.3630858067361e-33 8.7353196608352e-33 8.1435361316969e-33 7.9595367356466e-33
 1  13 1.8007233391038e-32 1.8007233391038e-32 1.7997942577562e-32 1.6846257864816e-32 1.5766554548642e-32 1.4735682737169e-32 1.3752884236541e-32 1.2835015635749e-32 1.2835015635749e-32
 1  14 2.8746473373017e-32 2.8746473373017e-32 2.8140955661757e-32 2.6366235433188e-32 2.4708794276001e-32 2.3125434242170e-32 2.1600030487938e-32 2.0625660281806e-32 2.0625660281806e-32
 1  15 4.5516872179271e-32 4.5516872179271e-32 4.3640160183352e-32 4.0957267713017e-32 3.8483178304219e-32 3.6071366586127e-32 3.3744607761788e-32 3.2964170613655e-32 3.2964170613655e-32
 1  16 7.1139419356468e-32 7.1139419356468e-32 6.6747842991457e-32 6.2838971626667e-32 5.9291106331959e-32 5.5759409962046e-32 5.2265564510230e-32 5.2206401879553e-32 5.2206401879553e-32
 1  17 1.0901902539258e-31 1.0683132461121e-31 1.0016133456577e-31 9.4705506757826e-32 8.9870210662738e-32 8.5038482193006e-32 8.1456498174765e-32 8.1456498174765e-32 8.1456498174765e-32
 1  18 1.6227534943893e-31 1.5474235846089e-31 1.4520164664154e-31 1.3830483320617e-31 1.3278841454191e-31 1.2651162735682e-31 1.2396778705198e-31 1.2396778705198e-31 1.2396778705198e-31
 1  19 2.3208363311505e-31 2.1068994155862e-31 1.9814760491444e-31 1.9136302767968e-31 1.8741134481064e-31 1.8120856674988e-31 1.8094410403083e-31 1.8094410403083e-31 1.8094410403083e-31
 1  20 3.0295357626906e-31 2.6188624701998e-31 2.4502848253484e-31 2.4169736664348e-31 2.4405557288043e-31 2.4563332139811e-31 2.4563332139811e-31 2.4563332139811e-31 2.4563332139811e-31
 1  21 3.4759737059041e-31 2.7025524958032e-31 2.4631132302978e-31 2.5365647001055e-31 2.7712469750720e-31 2.8803784600091e-31 2.8803784600091e-31 2.8803784600091e-31 2.8803784600091e-31
 1  22 3.3171512535713e-31 1.7500504812768e-31 1.3014863038816e-31 1.5543262049864e-31 2.1998619757277e-31 2.4991609400601e-31 2.4991609400601e-31 2.4991609400601e-31 2.4991609400601e-31
 1  23 8.9142532639805e-32 2.1782627372291e-32 0.0000000000000e+00 0.0000000000000e+00 1.2573443163436e-32 7.5052352054239e-32 9.3941741058323e-32 9.3941741058323e-32 9.3941741058323e-32
 1  24 0.0000000000000e+00 0.0000000000000e+00 0.0000000000000e+00 0.0000000000000e+00 0.0000000000000e+00 0.0000000000000e+00 0.0000000000000e+00 0.0000000000000e+00 0.0000000000000e+00
 1  25 0.0000000000000e+00 0.0000000000000e+00 0.0000000000000e+00 0.0000000000000e+00 0.0000000000000e+00 0.0000000000000e+00 0.0000000000000e+00 0.0000000000000e+00 0.0000000000000e+00
 1  26 0.0000000000000e+00 0.0000000000000e+00 0.0000000000000e+00 0.0000000000000e+00 0.0000000000000e+00 0.0000000000000e+00 0.0000000000000e+00 0.0000000000000e+00 0.0000000000000e+00
 1  27 0.0000000000000e+00 0.0000000000000e+00 0.0000000000000e+00 0.0000000000000e+00 0.0000000000000e+00 0.0000000000000e+00 0.0000000000000e+00 0.0000000000000e+00 0.0000000000000e+00
 1  28 0.0000000000000e+00 0.0000000000000e+00 0.0000000000000e+00 0.0000000000000e+00 0.0000000000000e+00 0.0000000000000e+00 0.0000000000000e+00 0.0000000000000e+00 0.0000000000000e+00
 1  29 0.0000000000000e+00 0.0000000000000e+00 0.0000000000000e+00 0.0000000000000e+00 0.0000000000000e+00 0.0000000000000e+00 0.0000000000000e+00 0.0000000000000e+00 0.0000000000000e+00
 1  30 0.0000000000000e+00 0.0000000000000e+00 0.0000000000000e+00 0.0000000000000e+00 0.0000000000000e+00 0.0000000000000e+00 0.0000000000000e+00 0.0000000000000e+00 0.0000000000000e+00
 1  31 0.0000000000000e+00 0.0000000000000e+00 0.0000000000000e+00 0.0000000000000e+00 0.0000000000000e+00 0.0000000000000e+00 0.0000000000000e+00 0.0000000000000e+00 0.0000000000000e+00
0.78186083 0.78201372 0.78216660 12790.0 12785.0  1
1.0000000000000 
 1   1 4.8448013444465e-34 4.5936225380823e-34 4.3385944468966e-34 4.0845613933117e-34 3.8540079210296e-34 3.8539023102090e-34 3.8539023102090e-34 3.8539023102090e-34 3.8539023102090e-34
 1   2 8.0995151539555e-34 7.6792626073896e-34 7.2527615736651e-34 6.8278956709497e-34 6.4111916479554e-34 6.3084185442049e-34 6.3084185442049e-34 6.3084185442049e-34 6.3084185442049e-34
 1   3 1.2419267712105e-33 1.1773951619218e-33 1.1119593403378e-33 1.0467736786454e-33 9.8282256152786e-34 9.4674076242937e-34 9.4674076242937e-34 9.4674076242937e-34 9.4674076242937e-34
 1   4 1.9583577927646e-33 1.8562223946995e-33 1.7527625451088e-33 1.6497646280638e-33 1.5487518271038e-33 1.4605787305326e-33 1.4605787305326e-33 1.4605787305326e-33 1.4605787305326e-33
 1   5 3.0671037172564e-33 2.9404419969033e-33 2.7764210457003e-33 2.6132036550886e-33 2.4531088550173e-33 2.2979166010729e-33 2.2635611256312e-33 2.2635611256312e-33 2.2635611256312e-33
 1   6 4.8143135209255e-33 4.6959596068969e-33 4.4338486112345e-33 4.1730662915306e-33 3.9172783534496e-33 3.6692560249238e-33 3.5360299033055e-33 3.5360299033055e-33 3.5360299033055e-33
 1   7 7.4370258232863e-33 7.3846046527114e-33 6.9717717713866e-33 6.5608005792398e-33 6.1577665453551e-33 5.7672669546699e-33 5.4378364995619e-33 5.4378364995619e-33 5.4378364995619e-33
 1   8 1.1542043114190e-32 1.1542043114190e-32 1.1017084969528e-32 1.0367526627731e-32 9.7312330049984e-33 9.1138986367770e-33 8.5208213291689e-33 8.4043482061016e-33 8.4043482061016e-33
 1   9 1.7959780153463e-32 1.7959780153463e-32 1.7465320209733e-32 1.6435858991481e-32 1.5428000420662e-32 1.4450303565516e-32 1.3509623027479e-32 1.3029244036704e-32 1.3029244036704e-32
 1  10 2.7836226383722e-32 2.7836226383722e-32 2.7588288176511e-32 2.5961268813122e-32 2.4368310867917e-32 2.2823479130802e-32 2.1336450859021e-32 2.0124902627091e-32 2.0124902627091e-32
 1  11 4.3120482947061e-32 4.3120482947061e-32 4.3120482947061e-32 4.1003235419606e-32 3.8493190577352e-32 3.6055482718711e-32 3.3709237136772e-32 3.1472045104495e-32 3.1088222689064e-32
 1  12 6.7507847109037e-32 6.7507847109037e-32 6.7507847109037e-32 6.4757360774794e-32 6.0803209367611e-32 5.6958279018034e-32 5.3255483567888e-32 4.9722693988229e-32 4.8620715054107e-32
 1  13 1.0848700840434e-31 1.0848700840434e-31 1.0843579211547e-31 1.0208613603558e-31 9.5891445375955e-32 8.9857538833637e-32 8.4026399189363e-32 7.8513113217551e-32 7.8513113217551e-32
 1  14 1.7370359955717e-31 1.7370359955717e-31 1.7038906989110e-31 1.6051783257018e-31 1.5089470684189e-31 1.4150782021329e-31 1.3238885225712e-31 1.2649930817603e-31 1.2649930817603e-31
 1  15 2.7669766391944e-31 2.7669766391944e-31 2.6650786762945e-31 2.5131394486823e-31 2.3657543212841e-31 2.2203893984773e-31 2.0790768748954e-31 2.0314364398453e-31 2.0314364398453e-31
 1  16 4.3718731989003e-31 4.3718731989003e-31 4.1365171305719e-31 3.9070335969213e-31 3.6856682623563e-31 3.4649854198115e-31 3.2478828979604e-31 3.2442068920265e-31 3.2442068920265e-31
 1  17 6.8254534051117e-31 6.7113157248333e-31 6.3493796036219e-31 6.0120418771958e-31 5.6884334545896e-31 5.3649707932829e-31 5.1354719782057e-31 5.1354719782057e-31 5.1354719782057e-31
 1  18 1.0474896928257e-30 1.0103612805770e-30 9.5699487148466e-31 9.0960909553070e-31 8.6550031570818e-31 8.1912988475469e-31 8.0143841265617e-31 8.0143841265617e-31 8.0143841265617e-31
 1  19 1.5722384584339e-30 1.4769256148873e-30 1.4015862071126e-30 1.3404413168020e-30 1.2863776985003e-30 1.2256584311843e-30 1.2230993329628e-30 1.2230993329628e-30 1.2230993329628e-30
 1  20 2.2502465788300e-30 2.0791166066045e-30 1.9719466926005e-30 1.9005153803643e-30 1.8440154794909e-30 1.8029628909409e-30 1.8029628909409e-30 1.8029628909409e-30 1.8029628909409e-30
 1  21 3.0804169886462e-30 2.7739911901439e-30 2.6156000031785e-30 2.5443810322419e-30 2.5188656578234e-30 2.5138125367476e-30 2.5138125367476e-30 2.5138125367476e-30 2.5138125367476e-30
 1  22 4.0824708155470e-30 3.4894792426194e-30 3.2165986674658e-30 3.1473280078860e-30 3.1937696267774e-30 3.2253473547015e-30 3.2253473547015e-30 3.2253473547015e-30 3.2253473547015e-30
 1  23 4.9381456911942e-30 4.2097243796733e-30 3.6764686084679e-30 3.5697224366675e-30 3.7303935184362e-30 3.7921000129278e-30 3.7948982537201e-30 3.7948982537201e-30 3.7948982537201e-30
 1  24 4.9789611120039e-30 4.6525024447354e-30 3.8855125052871e-30 3.7120569350380e-30 3.8945685137658e-30 4.0730725031133e-30 4.0294445475001e-30 4.0294445475001e-30 4.0294445475001e-30
 1  25 4.9438147713098e-30 4.9438147713098e-30 4.0764537891036e-30 3.8086870845739e-30 4.0820702070723e-30 4.2395006860146e-30 4.2662538089648e-30 4.2676625213948e-30 4.2676625213948e-30
 1  26 4.8776756286806e-30 4.8776756286806e-30 4.4609961713141e-30 4.0136075352894e-30 4.3000234106752e-30 4.5200680538271e-30 4.4858154649978e-30 4.5493440697727e-30 4.5493440697727e-30
 1  27 4.8153985022113e-30 4.8153985022113e-30 4.7779820468269e-30 4.1601617762607e-30 4.4692291456681e-30 4.7552775145001e-30 4.6905877093856e-30 4.8608496965824e-30 4.8608496965824e-30
 1  28 5.0591140280859e-30 5.0591140280859e-30 5.0591140280859e-30 4.4842476376524e-30 4.6202871286754e-30 4.9290400298341e-30 5.0362300683014e-30 5.0735047120473e-30 5.0649723157722e-30
 1  29 5.1930609510853e-30 5.1930609510853e-30 5.1930609510853e-30 5.2656794185763e-30 5.7519549123589e-30 6.3153198899057e-30 5.5029171242219e-30 5.6486396794301e-30 4.9924411169819e-30
 1  30 5.7624102293128e-30 5.7624102293128e-30 5.7624102293128e-30 5.7624102293128e-30 6.4414051066868e-30 6.3698996912867e-30 6.3210924135242e-30 6.1879034492822e-30 6.4846542710004e-30
 1  31 6.9993628102198e-30 6.9993628102198e-30 6.9993628102198e-30 6.9993628102198e-30 7.4360117536972e-30 7.7982340372534e-30 7.1704072064566e-30 7.2181567273825e-30 6.8082089970247e-30
0.78216660 0.78231961 0.78247261 12785.0 12780.0  1
1.0000000000000 
 1   1 8.4866284025554e-32 8.0211167704560e-32 7.7607912037757e-32 7.5164300258740e-32 6.8733094258258e-32 6.8728950640671e-32 6.8728950640671e-32 6.8728950640671e-32 6.8728950640671e-32
 1   2 1.4222631762534e-31 1.3443087402360e-31 1.2963243555388e-31 1.2583888018491e-31 1.1406997180379e-31 1.1114570626220e-31 1.1114570626220e-31 1.1114570626220e-31 1.1114570626220e-31
 1   3 2.1848083599722e-31 1.9252753115833e-31 1.9859379906012e-31 1.9345893410720e-31 1.7483910359018e-31 1.7042729696739e-31 1.7042729696739e-31 1.7042729696739e-31 1.7042729696739e-31
 1   4 3.4533992772921e-31 3.0275985480005e-31 3.1337508600549e-31 3.0181760203832e-31 2.7529266605156e-31 2.5946120217423e-31 2.5946120217423e-31 2.5946120217423e-31 2.5946120217423e-31
 1   5 5.2676544371647e-31 4.7902419827082e-31 4.9558757195074e-31 4.8274952794767e-31 4.3608508234715e-31 4.0672367849186e-31 3.9569180506871e-31 3.9569180506871e-31 3.9569180506871e-31
 1   6 8.0908740141674e-31 7.6314202922050e-31 7.9085520191684e-31 7.7049507552331e-31 6.9728406483998e-31 6.4986716179560e-31 6.1354894727327e-31 6.1354894727327e-31 6.1354894727327e-31
 1   7 1.2146400054165e-30 1.2007992647322e-30 1.2449507385095e-30 1.2004332628111e-30 1.0940784836098e-30 1.0206178919659e-30 9.3700620130599e-31 9.3700620130599e-31 9.3700620130599e-31
 1   8 1.9402540483486e-30 1.9402540483486e-30 1.9262188338789e-30 1.8991503022845e-30 1.7302979679132e-30 1.6143355442441e-30 1.4642588639210e-30 1.4372646235696e-30 1.4372646235696e-30
 1   9 3.0325525513926e-30 3.0325525513926e-30 3.0257288537058e-30 3.0172871115551e-30 2.7471957493971e-30 2.5604226745091e-30 2.3216318116876e-30 2.2396661892771e-30 2.2396661892771e-30
 1  10 4.7733891552993e-30 4.7733891552993e-30 4.7846915805023e-30 4.7694684584614e-30 4.3324433567918e-30 4.0436866489756e-30 3.6684609528710e-30 3.4686660336833e-30 3.4686660336833e-30
 1  11 7.5939116780635e-30 7.5939116780635e-30 7.5939116780635e-30 7.5427842565711e-30 6.8572600252958e-30 6.3964120729938e-30 5.7991059656009e-30 5.4608566197958e-30 5.4448364185455e-30
 1  12 1.2053819247569e-29 1.2053819247569e-29 1.2053819247569e-29 1.1934759161187e-29 1.0844805440234e-29 1.0106407661138e-29 9.1738610973201e-30 8.6350791861122e-30 8.5878638098194e-30
 1  13 1.8999592304770e-29 1.8999592304770e-29 1.9001498674488e-29 1.8907350792863e-29 1.7142084030923e-29 1.5977409494343e-29 1.4520648121470e-29 1.3679660718598e-29 1.3679660718598e-29
 1  14 2.9907046891926e-29 2.9907046891926e-29 3.0069228248836e-29 2.9939279135104e-29 2.7214554699955e-29 2.5358379530741e-29 2.3004480869321e-29 2.2081591790931e-29 2.2081591790931e-29
 1  15 4.8490802333680e-29 4.8490802333680e-29 4.7611046562881e-29 4.7432994339522e-29 4.3143006453258e-29 4.0197320677442e-29 3.6434835975149e-29 3.5280355325580e-29 3.5280355325580e-29
 1  16 7.5006256500884e-29 7.5006256500884e-29 7.5451856504705e-29 7.4279266095127e-29 6.8265736418241e-29 6.3591438239371e-29 5.7739409825385e-29 5.7645707315059e-29 5.7645707315059e-29
 1  17 1.2252272786643e-28 1.2003983101919e-28 1.1919078480321e-28 1.1622929436479e-28 1.0849993564485e-28 1.0098642552344e-28 9.4098770411573e-29 9.4098770411573e-29 9.4098770411573e-29
 1  18 2.0641329920078e-28 1.8898725635978e-28 1.8762001461813e-28 1.8134260244621e-28 1.7211269152130e-28 1.6010516831940e-28 1.5386312103608e-28 1.5386312103608e-28 1.5386312103608e-28
 1  19 3.4007098363368e-28 2.9663948190255e-28 2.9019857031541e-28 2.8348617482849e-28 2.7222478096117e-28 2.5339934538552e-28 2.5211775937815e-28 2.5211775937815e-28 2.5211775937815e-28
 1  20 5.4170703768153e-28 4.7455838276075e-28 4.6403832747727e-28 4.3613868037565e-28 4.3168227107733e-28 4.1271710928421e-28 4.1271710928421e-28 4.1271710928421e-28 4.1271710928421e-28
 1  21 8.1664331133727e-28 7.5609154425500e-28 7.3313219635022e-28 6.5802656186421e-28 6.8229327916349e-28 6.5165910043032e-28 6.5165910043032e-28 6.5165910043032e-28 6.5165910043032e-28
 1  22 1.2744188516731e-27 1.2020126487454e-27 1.1410725660381e-27 1.0495757751297e-27 1.0737820182287e-27 1.0216110797442e-27 1.0216110797442e-27 1.0216110797442e-27 1.0216110797442e-27
 1  23 1.9096957031070e-27 1.8744993333733e-27 1.7579543790907e-27 1.6393852724364e-27 1.6386817302278e-27 1.4897060416115e-27 1.4913118819992e-27 1.4913118819992e-27 1.4913118819992e-27
 1  24 2.2491593447327e-27 2.3059182335308e-27 2.1559493428422e-27 2.0557875042245e-27 2.0214930474838e-27 1.8413350123240e-27 1.7949892415493e-27 1.7949892415493e-27 1.7949892415493e-27
 1  25 2.6565333947205e-27 2.6565333947205e-27 2.5759555673352e-27 2.5548754937219e-27 2.4608340678745e-27 2.2710469607717e-27 2.1286377303009e-27 2.1389260480638e-27 2.1389260480638e-27
 1  26 3.1434002031628e-27 3.1434002031628e-27 3.1190859153939e-27 2.9769933078059e-27 2.9275666268992e-27 2.7884127958134e-27 2.5884380970838e-27 2.5364243144827e-27 2.5364243144827e-27
 1  27 3.6502281199207e-27 3.6502281199207e-27 3.6460754297747e-27 3.5705161906385e-27 3.4779752568107e-27 3.3747847007624e-27 3.1608824470470e-27 3.0268036339576e-27 3.0268036339576e-27
 1  28 4.2520045755300e-27 4.2520045755300e-27 4.2520045755300e-27 4.1812385908394e-27 4.0192705788184e-27 3.9482557639790e-27 3.8120505316380e-27 3.6445385376790e-27 3.5011226236263e-27
 1  29 4.7107418289836e-27 4.7107418289836e-27 4.7107418289836e-27 4.6320914722867e-27 4.5344918908669e-27 4.3792083964969e-27 4.3691188347042e-27 4.2753079426711e-27 4.0481344908949e-27
 1  30 5.2689090676760e-27 5.2689090676760e-27 5.2689090676760e-27 5.2689090676760e-27 5.0412726223412e-27 4.7257791048034e-27 4.7349161016455e-27 4.6730355873464e-27 4.4781176102788e-27
 1  31 5.4998165124284e-27 5.4998165124284e-27 5.4998165124284e-27 5.4998165124284e-27 5.4196596933290e-27 5.2797250902437e-27 5.0339417626009e-27 4.9572936026742e-27 4.8232908638176e-27
0.78247261 0.78262574 0.78277886 12780.0 12775.0  1
1.0000000000000 
 1   1 1.2925713841123e-32 1.1476933216782e-32 1.0490978513822e-32 9.6161535774208e-33 9.0472503111373e-33 9.0469336623466e-33 9.0469336623466e-33 9.0469336623466e-33 9.0469336623466e-33
 1   2 2.1705360659244e-32 1.9265827845623e-32 1.7548083828238e-32 1.6116527134873e-32 1.5090684969854e-32 1.4794848306582e-32 1.4794848306582e-32 1.4794848306582e-32 1.4794848306582e-32
 1   3 3.3316954100752e-32 2.9602086323622e-32 2.6862044256686e-32 2.4736753409135e-32 2.3168676271233e-32 2.2197235984770e-32 2.2197235984770e-32 2.2197235984770e-32 2.2197235984770e-32
 1   4 5.2299877190330e-32 4.6499799984277e-32 4.2158390779423e-32 3.8868240866189e-32 3.6484617502630e-32 3.4036212645397e-32 3.4036212645397e-32 3.4036212645397e-32 3.4036212645397e-32
 1   5 8.0220789125821e-32 7.3793315319904e-32 6.6906946151840e-32 6.1582309390921e-32 5.7786379523358e-32 5.4008493494081e-32 5.2672973219810e-32 5.2672973219810e-32 5.2672973219810e-32
 1   6 1.2500037655458e-31 1.1781805905128e-31 1.0705345777868e-31 9.8717322040389e-32 9.2237150822724e-32 8.6173169257439e-32 8.2522606898771e-32 8.2522606898771e-32 8.2522606898771e-32
 1   7 1.8818150519941e-31 1.8462093281077e-31 1.6812733647551e-31 1.5463328434008e-31 1.4473357654598e-31 1.3545911419709e-31 1.2792314921835e-31 1.2792314921835e-31 1.2792314921835e-31
 1   8 2.8671052479974e-31 2.8671052479974e-31 2.6573556784096e-31 2.4495421480175e-31 2.2880122970959e-31 2.1401057204037e-31 2.0040048685756e-31 1.9786377004849e-31 1.9786377004849e-31
 1   9 4.3896998058294e-31 4.3896998058294e-31 4.2190970193103e-31 3.8886808387208e-31 3.6306438419921e-31 3.3924146303714e-31 3.1721674260330e-31 3.0856362305836e-31 3.0856362305836e-31
 1  10 6.7546138837515e-31 6.7546138837515e-31 6.6616966976919e-31 6.1337868867150e-31 5.7324105790448e-31 5.3517431904519e-31 5.0001462473526e-31 4.7992899978254e-31 4.7992899978254e-31
 1  11 1.0381491206745e-30 1.0381491206745e-30 1.0381491206745e-30 9.7065919397681e-31 9.0630473389076e-31 8.4644009798757e-31 7.9034851683186e-31 7.4633796131730e-31 7.3349277030858e-31
 1  12 1.6118271333390e-30 1.6118271333390e-30 1.6118271333390e-30 1.5383440662431e-30 1.4344233126644e-30 1.3391034161517e-30 1.2514067415634e-30 1.1803329676889e-30 1.1437710496778e-30
 1  13 2.6393152725679e-30 2.6393152725679e-30 2.6379712593470e-30 2.4279339287421e-30 2.2690298500815e-30 2.1174567184300e-30 1.9769369952581e-30 1.8668426393884e-30 1.8668426393884e-30
 1  14 4.3209035757695e-30 4.3209035757695e-30 4.1894208650877e-30 3.8571520583814e-30 3.5962840950978e-30 3.3572114897903e-30 3.1382080525146e-30 3.0262893294123e-30 3.0262893294123e-30
 1  15 7.0679131268615e-30 7.0679131268615e-30 6.6366093912962e-30 6.1169889784022e-30 5.6954330062312e-30 5.3190400912561e-30 4.9755516141492e-30 4.9005761394255e-30 4.9005761394255e-30
 1  16 1.1455981252492e-29 1.1455981252492e-29 1.0467984457236e-29 9.6534018548284e-30 8.9810980793785e-30 8.4066541145949e-30 7.8817441652013e-30 7.8727855816944e-30 7.8727855816944e-30
 1  17 1.8765964965454e-29 1.8342370215881e-29 1.6633873248316e-29 1.5305953579458e-29 1.4208035084943e-29 1.3317882301709e-29 1.2708450358830e-29 1.2708450358830e-29 1.2708450358830e-29
 1  18 3.0747937998301e-29 2.9172987721419e-29 2.6367672145894e-29 2.4208888243433e-29 2.2402751141587e-29 2.1074652421429e-29 2.0558977155656e-29 2.0558977155656e-29 2.0558977155656e-29
 1  19 5.0858471394202e-29 4.6134333759491e-29 4.1638912342737e-29 3.8153343264526e-29 3.5108035753071e-29 3.3295422711787e-29 3.3201184552196e-29 3.3201184552196e-29 3.3201184552196e-29
 1  20 8.1198723125197e-29 7.3476484327527e-29 6.6203661282379e-29 6.0061828560011e-29 5.5674235146018e-29 5.3506925994289e-29 5.3506925994289e-29 5.3506925994289e-29 5.3506925994289e-29
 1  21 1.2880990209576e-28 1.1545983720376e-28 1.0518563891474e-28 9.4015558200913e-29 8.8836082579100e-29 8.6638458086339e-29 8.6638458086339e-29 8.6638458086339e-29 8.6638458086339e-29
 1  22 1.9856651893955e-28 1.8320380910741e-28 1.6690928621992e-28 1.4769877298896e-28 1.4143166454224e-28 1.3749416095625e-28 1.3749416095625e-28 1.3749416095625e-28 1.3749416095625e-28
 1  23 2.9463095363767e-28 2.8982472323908e-28 2.5541158106554e-28 2.3459901912152e-28 2.2012801485363e-28 2.0598834275855e-28 2.0549930099742e-28 2.0549930099742e-28 2.0549930099742e-28
 1  24 3.5966825970867e-28 3.6304494453191e-28 3.1817291942475e-28 2.9608105851517e-28 2.7111363975388e-28 2.5949402291690e-28 2.5019202202676e-28 2.5019202202676e-28 2.5019202202676e-28
 1  25 4.1523608120673e-28 4.1523608120673e-28 3.9349895251878e-28 3.7443000717578e-28 3.3899402768290e-28 3.2696363406291e-28 3.0111572827929e-28 2.9728837584906e-28 2.9728837584906e-28
 1  26 4.9115089515888e-28 4.9115089515888e-28 4.7382994790753e-28 4.4818773144197e-28 4.2381552132999e-28 4.0999302582262e-28 3.7676856761076e-28 3.5533265436611e-28 3.5533265436611e-28
 1  27 5.6911942450722e-28 5.6911942450722e-28 5.6983717044925e-28 5.4551123080418e-28 5.2304833949081e-28 4.7954875613615e-28 4.5722207621810e-28 4.3407331310329e-28 4.3407331310329e-28
 1  28 6.6357102528461e-28 6.6357102528461e-28 6.6357102528461e-28 6.4174942049447e-28 6.1358394691227e-28 5.8235138174539e-28 5.6601521062286e-28 5.3156624615235e-28 5.2195985203449e-28
 1  29 7.6661819584854e-28 7.6661819584854e-28 7.6661819584854e-28 7.5389044706981e-28 7.2644450091484e-28 7.0722800526398e-28 6.7219389512811e-28 6.4632374485364e-28 6.0809124285913e-28
 1  30 8.7882870034662e-28 8.7882870034662e-28 8.7882870034662e-28 8.7882870034662e-28 8.4463872530538e-28 8.1939219114690e-28 7.8954119182562e-28 7.7332929133275e-28 7.1278595019399e-28
 1  31 9.5795745804171e-28 9.5795745804171e-28 9.5795745804171e-28 9.5795745804171e-28 9.5927123115328e-28 9.4147823847256e-28 9.0597882366214e-28 8.7189275254140e-28 8.3561940278282e-28
0.78277886 0.78293211 0.78308536 12775.0 12770.0  1
1.0000000000000 
 1   1 2.8004136200845e-33 2.3341480920301e-33 1.9593002086262e-33 1.7319594175061e-33 1.5310362088819e-33 1.5309369347106e-33 1.5309369347106e-33 1.5309369347106e-33 1.5309369347106e-33
 1   2 4.6813430693284e-33 3.9081925168018e-33 3.2838011417136e-33 2.9016240510323e-33 2.5396568306485e-33 2.4479219861943e-33 2.4479219861943e-33 2.4479219861943e-33 2.4479219861943e-33
 1   3 7.2110252793972e-33 5.9733406652607e-33 5.0466756933044e-33 4.4382118993280e-33 3.8983003644976e-33 3.6566690518204e-33 3.6566690518204e-33 3.6566690518204e-33 3.6566690518204e-33
 1   4 1.1312854776558e-32 9.3674292583624e-33 7.9580872041753e-33 6.9586275404925e-33 6.1301266324054e-33 5.5588661326065e-33 5.5588661326065e-33 5.5588661326065e-33 5.5588661326065e-33
 1   5 1.7106976634356e-32 1.4895018057687e-32 1.2645267337639e-32 1.1045631115154e-32 9.7251174956382e-33 8.7172545167149e-33 8.4716099928557e-33 8.4716099928557e-33 8.4716099928557e-33
 1   6 2.5651852251363e-32 2.3813035254579e-32 2.0222155682839e-32 1.7717412320106e-32 1.5542161493278e-32 1.3934240974354e-32 1.3043404335527e-32 1.3043404335527e-32 1.3043404335527e-32
 1   7 3.8035811602918e-32 3.7291400417902e-32 3.1776242471336e-32 2.8102784421450e-32 2.4389703395734e-32 2.1848572605372e-32 1.9725385892709e-32 1.9725385892709e-32 1.9725385892709e-32
 1   8 5.6700998569470e-32 5.6700998569470e-32 5.0228538594746e-32 4.4479154582572e-32 3.8619994091711e-32 3.4568261959730e-32 3.1186123736072e-32 3.0705640420174e-32 3.0705640420174e-32
 1   9 8.5090609489993e-32 8.5090609489993e-32 7.9630485250197e-32 7.0487196315914e-32 6.1411233820574e-32 5.4924938277341e-32 4.9412251807648e-32 4.7226317206539e-32 4.7226317206539e-32
 1  10 1.2803452730809e-31 1.2803452730809e-31 1.2522185144522e-31 1.1094861112440e-31 9.7011033215453e-32 8.6600866999514e-32 7.7956040567225e-32 7.2248862679717e-32 7.2248862679717e-32
 1  11 1.9535403083477e-31 1.9535403083477e-31 1.9535403083477e-31 1.7555454471692e-31 1.5362262956207e-31 1.3700245599512e-31 1.2348275457295e-31 1.1443421048334e-31 1.1422510179327e-31
 1  12 3.0178316005384e-31 3.0178316005384e-31 3.0178316005384e-31 2.7728910214711e-31 2.4322282917243e-31 2.1686932728179e-31 1.9584415320434e-31 1.8139384816946e-31 1.7777096282528e-31
 1  13 4.9521517534040e-31 4.9521517534040e-31 4.9464548375822e-31 4.3908649558299e-31 3.8380139759150e-31 3.4198005924602e-31 3.0901877447100e-31 2.8616008781502e-31 2.8616008781502e-31
 1  14 8.2896783207559e-31 8.2896783207559e-31 7.8839898296091e-31 6.9929815686067e-31 6.0894834450280e-31 5.4262004132262e-31 4.8981448409499e-31 4.6043949152500e-31 4.6043949152500e-31
 1  15 1.3841827781498e-30 1.3841827781498e-30 1.2543830932596e-30 1.1075782368928e-30 9.6327022456664e-31 8.5788574542220e-31 7.7549840265838e-31 7.5780072394969e-31 7.5780072394969e-31
 1  16 2.3243770141747e-30 2.3243770141747e-30 1.9812511535652e-30 1.7460537299544e-30 1.5150960793681e-30 1.3508001491796e-30 1.2264478931903e-30 1.2257467343199e-30 1.2257467343199e-30
 1  17 3.9132331071077e-30 3.7064296084817e-30 3.1614899876665e-30 2.7512005175911e-30 2.4064438231390e-30 2.1385016408125e-30 1.9936662547008e-30 1.9936662547008e-30 1.9936662547008e-30
 1  18 6.4576829762988e-30 5.8537760449480e-30 4.9885851193530e-30 4.3350008563410e-30 3.8177780757645e-30 3.3694422734117e-30 3.2660375148331e-30 3.2660375148331e-30 3.2660375148331e-30
 1  19 1.0889267338560e-29 9.2182613057021e-30 7.7945168419974e-30 6.7719089791549e-30 5.9997777095348e-30 5.2777969785818e-30 5.2651874036608e-30 5.2651874036608e-30 5.2651874036608e-30
 1  20 1.7388876906968e-29 1.4603157668627e-29 1.2293469631860e-29 1.0776604198395e-29 9.4378534305487e-30 8.6486005684913e-30 8.6486005684913e-30 8.6486005684913e-30 8.6486005684913e-30
 1  21 2.7693389032378e-29 2.3133113429380e-29 1.9526738890775e-29 1.7070511659364e-29 1.4920304163688e-29 1.4271720171526e-29 1.4271720171526e-29 1.4271720171526e-29 1.4271720171526e-29
 1  22 4.4149377071573e-29 3.6388625693546e-29 3.1090383388740e-29 2.7029244128118e-29 2.3428886615957e-29 2.2525836120627e-29 2.2525836120627e-29 2.2525836120627e-29 2.2525836120627e-29
 1  23 6.5847165631142e-29 5.7379832686237e-29 4.8762635308268e-29 4.2416004010438e-29 3.7012425374737e-29 3.3344591101414e-29 3.2216628099766e-29 3.2216628099766e-29 3.2216628099766e-29
 1  24 7.6209956697595e-29 7.2249257692839e-29 6.1279726471530e-29 5.3156123873450e-29 4.6674894146631e-29 4.1738094725607e-29 3.8531911878485e-29 3.8531911878485e-29 3.8531911878485e-29
 1  25 8.8115423668034e-29 8.8115423668034e-29 7.6738780949138e-29 6.6396464925405e-29 5.8699064605486e-29 5.2174134324524e-29 4.7157017606288e-29 4.6874558915085e-29 4.6874558915085e-29
 1  26 1.0319777828558e-28 1.0319777828558e-28 9.5963642358192e-29 8.3666645867121e-29 7.4238731288329e-29 6.5301531622304e-29 5.9218849023352e-29 5.6118131905544e-29 5.6118131905544e-29
 1  27 1.2136674860263e-28 1.2136674860263e-28 1.2032861217729e-28 1.0387710192522e-28 9.3155895296112e-29 8.1580520681079e-29 7.3626430010759e-29 6.8034191490677e-29 6.8034191490677e-29
 1  28 1.4211928171769e-28 1.4211928171769e-28 1.4211928171769e-28 1.3015015674406e-28 1.1437441919828e-28 1.0228155322573e-28 9.3100771569985e-29 8.5442798647146e-29 8.2374479282121e-29
 1  29 1.6585142104972e-28 1.6585142104972e-28 1.6585142104972e-28 1.6167938734475e-28 1.4312053658459e-28 1.2738710931228e-28 1.1715392129402e-28 1.0582418098780e-28 1.0015091498384e-28
 1  30 1.9410076888100e-28 1.9410076888100e-28 1.9410076888100e-28 1.9410076888100e-28 1.7742204704373e-28 1.5798765649379e-28 1.4689025556124e-28 1.3215373777639e-28 1.2256177609606e-28
 1  31 2.2562652077073e-28 2.2562652077073e-28 2.2562652077073e-28 2.2562652077073e-28 2.1844980764834e-28 1.9574257601034e-28 1.7942601326206e-28 1.6447140798513e-28 1.5333952086951e-28
0.78308536 0.78323872 0.78339209 12770.0 12765.0  1
1.0000000000000 
 1   1 6.9542804154463e-33 5.7926289799729e-33 4.9418965349759e-33 4.2858781170370e-33 3.7571135747303e-33 3.7568641495227e-33 3.7568641495227e-33 3.7568641495227e-33 3.7568641495227e-33
 1   2 1.1654230090980e-32 9.7167722204313e-33 8.2823994834114e-33 7.1814542496343e-33 6.2283435935204e-33 5.9936271263620e-33 5.9936271263620e-33 5.9936271263620e-33 5.9936271263620e-33
 1   3 1.7881268885771e-32 1.4905529915920e-32 1.2715397330610e-32 1.1019809912370e-32 9.5544944906164e-33 8.7761548652148e-33 8.7761548652148e-33 8.7761548652148e-33 8.7761548652148e-33
 1   4 2.8126229656277e-32 2.3405580994593e-32 1.9993880557381e-32 1.7326973340849e-32 1.5019599887723e-32 1.3227429445516e-32 1.3227429445516e-32 1.3227429445516e-32 1.3227429445516e-32
 1   5 4.2878336988264e-32 3.7205947856068e-32 3.1696635055163e-32 2.7494119324066e-32 2.3826011242844e-32 2.0705161903488e-32 2.0044635464713e-32 2.0044635464713e-32 2.0044635464713e-32
 1   6 6.4312436163008e-32 5.9500238531914e-32 5.0627219258771e-32 4.3951451658601e-32 3.8086666427271e-32 3.3086107581401e-32 3.0665500226829e-32 3.0665500226829e-32 3.0665500226829e-32
 1   7 9.5207689699441e-32 9.3258355662529e-32 7.9469142773075e-32 6.8991808809930e-32 5.9735278627361e-32 5.1918787799265e-32 4.6263622598046e-32 4.6263622598046e-32 4.6263622598046e-32
 1   8 1.4188133354326e-31 1.4188133354326e-31 1.2581316036851e-31 1.0912685348938e-31 9.4535912310361e-32 8.2096766437770e-32 7.2042857294736e-32 7.0140960332351e-32 7.0140960332351e-32
 1   9 2.1405853220988e-31 2.1405853220988e-31 2.0002091973168e-31 1.7327575487830e-31 1.5014603448985e-31 1.3044708840383e-31 1.1435407703345e-31 1.0684068154624e-31 1.0684068154624e-31
 1  10 3.2241172233732e-31 3.2241172233732e-31 3.1580901758853e-31 2.7357757277394e-31 2.3690927252405e-31 2.0579316123151e-31 1.8045468695787e-31 1.6213108101725e-31 1.6213108101725e-31
 1  11 4.8639351341545e-31 4.8639351341545e-31 4.8639351341545e-31 4.3288139004342e-31 3.7491583579363e-31 3.2551244133592e-31 2.8529198523694e-31 2.5242325888710e-31 2.4703902456260e-31
 1  12 7.5337823208325e-31 7.5337823208325e-31 7.5337823208325e-31 6.8555968418487e-31 5.9350131429797e-31 5.1515959991171e-31 4.5141371676097e-31 3.9959811385582e-31 3.8447749492232e-31
 1  13 1.2520491257162e-30 1.2520491257162e-30 1.2506885615348e-30 1.0822075893388e-30 9.3637303302886e-31 8.1352042571256e-31 7.1248913128764e-31 6.3169895620816e-31 6.3169895620816e-31
 1  14 2.0804124715768e-30 2.0804124715768e-30 1.9858184663356e-30 1.7189872672301e-30 1.4866179889878e-30 1.2903772004796e-30 1.1306171738525e-30 1.0388140743188e-30 1.0388140743188e-30
 1  15 3.4627362759404e-30 3.4627362759404e-30 3.1441679029128e-30 2.7223962040185e-30 2.3540335141318e-30 2.0431628423507e-30 1.7887627311039e-30 1.7088052292028e-30 1.7088052292028e-30
 1  16 5.7982419302332e-30 5.7982419302332e-30 4.9654404819412e-30 4.3010435516926e-30 3.7125850611399e-30 3.2229997514235e-30 2.8268444254224e-30 2.8201614108996e-30 2.8201614108996e-30
 1  17 9.7616105296804e-30 9.2675267441428e-30 7.8892116576341e-30 6.8271718838131e-30 5.8951135733286e-30 5.1154038446089e-30 4.6500295807794e-30 4.6500295807794e-30 4.6500295807794e-30
 1  18 1.6477790168019e-29 1.4718137190940e-29 1.2505070652070e-29 1.0823989598191e-29 9.3231868718519e-30 8.0937303714004e-30 7.6802362216060e-30 7.6802362216060e-30 7.6802362216060e-30
 1  19 2.7707002949673e-29 2.3243041899487e-29 1.9763869015178e-29 1.7101058713842e-29 1.4694833438612e-29 1.2772561256487e-29 1.2692787131704e-29 1.2692787131704e-29 1.2692787131704e-29
 1  20 4.4417192676668e-29 3.7089655165507e-29 3.1380136539608e-29 2.7104096599113e-29 2.3300944682339e-29 2.0967688077877e-29 2.0967688077877e-29 2.0967688077877e-29 2.0967688077877e-29
 1  21 7.0600962586997e-29 5.9088963104197e-29 4.9798328209987e-29 4.2844788238432e-29 3.6838354409685e-29 3.4788286243320e-29 3.4788286243320e-29 3.4788286243320e-29 3.4788286243320e-29
 1  22 1.1223512029018e-28 9.4337922762417e-29 7.9112188679041e-29 6.7786962271129e-29 5.8617375083189e-29 5.5299039918727e-29 5.5299039918727e-29 5.5299039918727e-29 5.5299039918727e-29
 1  23 1.7134378806512e-28 1.4993258690908e-28 1.2630340056964e-28 1.0778204525808e-28 9.3379441595875e-29 8.1475509350861e-29 7.8723475830953e-29 7.8723475830953e-29 7.8723475830953e-29
 1  24 1.9892173264366e-28 1.8793704676111e-28 1.5844037040135e-28 1.3548481417114e-28 1.1835528028215e-28 1.0350596318787e-28 9.4555739420596e-29 9.4555739420596e-29 9.4555739420596e-29
 1  25 2.3232904586669e-28 2.3232904586669e-28 2.0052927025706e-28 1.7058044573167e-28 1.4796467169190e-28 1.2951302300727e-28 1.1376584940998e-28 1.1229837505179e-28 1.1229837505179e-28
 1  26 2.7346758355428e-28 2.7346758355428e-28 2.5423129897324e-28 2.1617083067102e-28 1.8583804793709e-28 1.6291631585154e-28 1.4356096065169e-28 1.3428376814664e-28 1.3428376814664e-28
 1  27 3.2163615072487e-28 3.2163615072487e-28 3.1896803960229e-28 2.7155462956289e-28 2.3367671534527e-28 2.0359455628242e-28 1.8004997845285e-28 1.6110514725771e-28 1.6110514725771e-28
 1  28 3.7554673357991e-28 3.7554673357991e-28 3.7554673357991e-28 3.4269287243759e-28 2.9491546163871e-28 2.5750063727621e-28 2.2782643832383e-28 2.0241687419555e-28 1.9334167563048e-28
 1  29 4.3445358797081e-28 4.3445358797081e-28 4.3445358797081e-28 4.2269597825332e-28 3.6844895951112e-28 3.2211524987267e-28 2.8310334810379e-28 2.5108993871508e-28 2.2912781326138e-28
 1  30 5.1112447387087e-28 5.1112447387087e-28 5.1112447387087e-28 5.1112447387087e-28 4.5942081413911e-28 4.0163205837743e-28 3.5377383074325e-28 3.1353513567392e-28 2.7954290548973e-28
 1  31 5.8077621179212e-28 5.8077621179212e-28 5.8077621179212e-28 5.8077621179212e-28 5.5472983892773e-28 4.8627501831867e-28 4.2964425201018e-28 3.8304194736686e-28 3.4309811217202e-28
0.78339209 0.78354558 0.78369906 12765.0 12760.0  1
1.0000000000000 
 1   1 3.9177132863594e-33 3.4133347417025e-33 2.9255611567769e-33 2.6167242606693e-33 2.3335840384127e-33 2.3334562034021e-33 2.3334562034021e-33 2.3334562034021e-33 2.3334562034021e-33
 1   2 6.5578375987918e-33 5.7043148240796e-33 4.8735973744573e-33 4.3642751413712e-33 3.8617729795717e-33 3.7439660377583e-33 3.7439660377583e-33 3.7439660377583e-33 3.7439660377583e-33
 1   3 1.0038472698157e-32 8.8005603319898e-33 7.5235414728228e-33 6.6644204062648e-33 5.9005511163219e-33 5.5217609187389e-33 5.5217609187389e-33 5.5217609187389e-33 5.5217609187389e-33
 1   4 1.5734485593384e-32 1.3858888847731e-32 1.1872957263574e-32 1.0465101475056e-32 9.2562201459349e-33 8.3924727744224e-33 8.3924727744224e-33 8.3924727744224e-33 8.3924727744224e-33
 1   5 2.4162408338691e-32 2.1921969003270e-32 1.8836340413399e-32 1.6638160099890e-32 1.4665937718599e-32 1.3135226607374e-32 1.2823647136009e-32 1.2823647136009e-32 1.2823647136009e-32
 1   6 3.6866459210079e-32 3.4631485923389e-32 3.0080156937365e-32 2.6641489190377e-32 2.3440631297399e-32 2.0949404650334e-32 1.9760949004925e-32 1.9760949004925e-32 1.9760949004925e-32
 1   7 5.5139824522143e-32 5.4220864180972e-32 4.7092575336774e-32 4.1488826258459e-32 3.6797134430740e-32 3.2883364193243e-32 3.0006388789380e-32 3.0006388789380e-32 3.0006388789380e-32
 1   8 8.3008920666650e-32 8.3008920666650e-32 7.4654905659282e-32 6.5637424007896e-32 5.8428358130645e-32 5.2039181930677e-32 4.6809398747661e-32 4.5808482940351e-32 4.5808482940351e-32
 1   9 1.2619479636445e-31 1.2619479636445e-31 1.1878096524875e-31 1.0456568855437e-31 9.3171533649777e-32 8.2585960166809e-32 7.4229159237830e-32 7.0193716518816e-32 7.0193716518816e-32
 1  10 1.9134807539154e-31 1.9134807539154e-31 1.8784849940477e-31 1.6546991990649e-31 1.4740040882475e-31 1.3043561557897e-31 1.1725899393803e-31 1.0723805741153e-31 1.0723805741153e-31
 1  11 2.9044177896812e-31 2.9044177896812e-31 2.9044177896812e-31 2.6226849427298e-31 2.3343011487414e-31 2.0635772765832e-31 1.8549353753221e-31 1.6701604762613e-31 1.6382771903357e-31
 1  12 4.5138794992480e-31 4.5138794992480e-31 4.5138794992480e-31 4.1565179318522e-31 3.6974864474606e-31 3.2678895767125e-31 2.9360404685093e-31 2.6418156430917e-31 2.5512870615529e-31
 1  13 7.4424290124572e-31 7.4424290124572e-31 7.4353280861828e-31 6.5560385634626e-31 5.8399001334727e-31 5.1663263539261e-31 4.6455409791107e-31 4.1851332259332e-31 4.1851332259332e-31
 1  14 1.2270463608742e-30 1.2270463608742e-30 1.1777595754561e-30 1.0390161653076e-30 9.2602369864558e-31 8.1971857232558e-31 7.3650894775347e-31 6.8570455210867e-31 6.8570455210867e-31
 1  15 2.0225157072564e-30 2.0225157072564e-30 1.8597744388766e-30 1.6427505340877e-30 1.4626429823666e-30 1.2989611304270e-30 1.1667124676262e-30 1.1236002248945e-30 1.1236002248945e-30
 1  16 3.3603445113736e-30 3.3603445113736e-30 2.9276237878981e-30 2.5913385520939e-30 2.3039217197586e-30 2.0548510177798e-30 1.8461315574014e-30 1.8426056385863e-30 1.8426056385863e-30
 1  17 5.6007667786171e-30 5.3589087218959e-30 4.6357570104904e-30 4.1212527251694e-30 3.6603927358052e-30 3.2622338031930e-30 3.0215766315005e-30 3.0215766315005e-30 3.0215766315005e-30
 1  18 9.3462325796591e-30 8.4830729083023e-30 7.3249066607648e-30 6.5479173080916e-30 5.8087506616505e-30 5.1732043124321e-30 4.9599263790008e-30 4.9599263790008e-30 4.9599263790008e-30
 1  19 1.5570973576868e-29 1.3356295576303e-29 1.1600678776627e-29 1.0381495908722e-29 9.1997144498743e-30 8.1896996109925e-30 8.1486893402392e-30 8.1486893402392e-30 8.1486893402392e-30
 1  20 2.4790437836469e-29 2.1276509439827e-29 1.8442526096153e-29 1.6461069184056e-29 1.4634043265477e-29 1.3403745675308e-29 1.3403745675308e-29 1.3403745675308e-29 1.3403745675308e-29
 1  21 3.9227596894850e-29 3.3813852960161e-29 2.9330492679684e-29 2.6036279787775e-29 2.3209017638680e-29 2.2066635741207e-29 2.2066635741207e-29 2.2066635741207e-29 2.2066635741207e-29
 1  22 6.2088526770207e-29 5.3730731090889e-29 4.6598639357896e-29 4.1312346846542e-29 3.6876809813996e-29 3.5002913080029e-29 3.5002913080029e-29 3.5002913080029e-29 3.5002913080029e-29
 1  23 9.5419741686304e-29 8.5297583529339e-29 7.3798072498522e-29 6.5420295296031e-29 5.8419985319483e-29 5.1913020353783e-29 5.0441811497062e-29 5.0441811497062e-29 5.0441811497062e-29
 1  24 1.1292982729525e-28 1.0759939487698e-28 9.2826314515847e-29 8.2292163832592e-29 7.3605551726456e-29 6.5307562190442e-29 6.0528944812428e-29 6.0528944812428e-29 6.0528944812428e-29
 1  25 1.3357230555106e-28 1.3357230555106e-28 1.1667641103844e-28 1.0372204049057e-28 9.2751799082593e-29 8.1842549468544e-29 7.3519354324382e-29 7.2748874013068e-29 7.2748874013068e-29
 1  26 1.5734721256491e-28 1.5734721256491e-28 1.4713636533401e-28 1.3122815991924e-28 1.1749048958887e-28 1.0358090593683e-28 9.2549413938093e-29 8.7224187549207e-29 8.7224187549207e-29
 1  27 1.8693438355793e-28 1.8693438355793e-28 1.8553856583074e-28 1.6486361158124e-28 1.4721262012274e-28 1.2997676286375e-28 1.1540936580215e-28 1.0372318401147e-28 1.0372318401147e-28
 1  28 2.2406521751306e-28 2.2406521751306e-28 2.2406521751306e-28 2.0886589876258e-28 1.8483296528443e-28 1.6358734595535e-28 1.4562581033038e-28 1.2985514038777e-28 1.2427035280916e-28
 1  29 2.6788387931126e-28 2.6788387931126e-28 2.6788387931126e-28 2.6134390270261e-28 2.3053280322993e-28 2.0433262078536e-28 1.8180450063219e-28 1.6313868853774e-28 1.4922981507237e-28
 1  30 3.1524088367742e-28 3.1524088367742e-28 3.1524088367742e-28 3.1524088367742e-28 2.8655899605476e-28 2.5427590832558e-28 2.2662049321503e-28 2.0383977531259e-28 1.8407093499074e-28
 1  31 3.7441289047340e-28 3.7441289047340e-28 3.7441289047340e-28 3.7441289047340e-28 3.5914173453600e-28 3.1866552415628e-28 2.8516926908101e-28 2.5692131754894e-28 2.3167297783113e-28
0.78369906 0.78385266 0.78400627 12760.0 12755.0  1
1.0000000000000 
 1   1 2.8723261400350e-33 2.6456379319507e-33 2.3669206908600e-33 2.1280056884882e-33 1.9716434503228e-33 1.9715810021854e-33 1.9715810021854e-33 1.9715810021854e-33 1.9715810021854e-33
 1   2 4.7873965370016e-33 4.4300631520829e-33 3.9850110726280e-33 3.5549145873934e-33 3.2639143486916e-33 3.2040941758622e-33 3.2040941758622e-33 3.2040941758622e-33 3.2040941758622e-33
 1   3 7.3136334465965e-33 6.8165242324735e-33 6.1160776382032e-33 5.4608813316258e-33 4.9801621821731e-33 4.7732872987138e-33 4.7732872987138e-33 4.7732872987138e-33 4.7732872987138e-33
 1   4 1.1435862913532e-32 1.0686643956620e-32 9.6944679498085e-33 8.6273519740801e-33 7.8106449477516e-33 7.3130552503127e-33 7.3130552503127e-33 7.3130552503127e-33 7.3130552503127e-33
 1   5 1.7795487185520e-32 1.6890898732156e-32 1.5396113667028e-32 1.3755411549396e-32 1.2349310186197e-32 1.1449926234072e-32 1.1257799029269e-32 1.1257799029269e-32 1.1257799029269e-32
 1   6 2.8121383680816e-32 2.6983099603669e-32 2.4560974392017e-32 2.2079521980478e-32 1.9730359703181e-32 1.8217300109001e-32 1.7469897290861e-32 1.7469897290861e-32 1.7469897290861e-32
 1   7 4.2934172969928e-32 4.2409773185082e-32 3.8729500206697e-32 3.4972247042013e-32 3.1047656379017e-32 2.8545728325255e-32 2.6702473837297e-32 2.6702473837297e-32 2.6702473837297e-32
 1   8 6.5614925046021e-32 6.5614925046021e-32 6.1231218615689e-32 5.5017990410152e-32 4.9302930833022e-32 4.5122041259245e-32 4.1674463265077e-32 4.1017861508066e-32 4.1017861508066e-32
 1   9 1.0137558496534e-31 1.0137558496534e-31 9.7139550012828e-32 8.7169294925269e-32 7.8501528720724e-32 7.1672470779735e-32 6.5952027438478e-32 6.3236858832005e-32 6.3236858832005e-32
 1  10 1.5590774356030e-31 1.5590774356030e-31 1.5346338534236e-31 1.3769044932877e-31 1.2413661155065e-31 1.1343415866438e-31 1.0403899655554e-31 9.7141442558733e-32 9.7141442558733e-32
 1  11 2.3790736126744e-31 2.3790736126744e-31 2.3790736126744e-31 2.1766398497284e-31 1.9610165699683e-31 1.7950611003653e-31 1.6461366631147e-31 1.5152761651026e-31 1.4931677024512e-31
 1  12 3.7043976489469e-31 3.7043976489469e-31 3.7043976489469e-31 3.4446949767231e-31 3.1039045882898e-31 2.8410922633103e-31 2.6064008194879e-31 2.3963207008886e-31 2.3298906939371e-31
 1  13 6.0784164008139e-31 6.0784164008139e-31 6.0733589539189e-31 5.4468919349872e-31 4.9139242069176e-31 4.4993278195803e-31 4.1206089304233e-31 3.8001851571123e-31 3.8001851571123e-31
 1  14 9.9455718220813e-31 9.9455718220813e-31 9.6224556965091e-31 8.6377873370174e-31 7.7914426891711e-31 7.1209924332136e-31 6.5385937570986e-31 6.1921088038322e-31 6.1921088038322e-31
 1  15 1.6171542856579e-30 1.6171542856579e-30 1.5214163833540e-30 1.3664086452885e-30 1.2322475942382e-30 1.1270479028057e-30 1.0371881305328e-30 1.0081959259432e-30 1.0081959259432e-30
 1  16 2.6382776401946e-30 2.6382776401946e-30 2.3990746960734e-30 2.1724768129750e-30 1.9441074128702e-30 1.7825850851124e-30 1.6444846233540e-30 1.6421524425620e-30 1.6421524425620e-30
 1  17 4.2876350167712e-30 4.1790671108456e-30 3.7865193299874e-30 3.4366455675669e-30 3.0796027942391e-30 2.8290936633331e-30 2.6739082845612e-30 2.6739082845612e-30 2.6739082845612e-30
 1  18 6.9494052407054e-30 6.5967524215604e-30 6.0072233847925e-30 5.4289192846399e-30 4.8775131283415e-30 4.4880302844338e-30 4.3524380455015e-30 4.3524380455015e-30 4.3524380455015e-30
 1  19 1.1241981095332e-29 1.0402039412234e-29 9.5089036945361e-30 8.5946782916304e-30 7.7192197520193e-30 7.1023293445044e-30 7.0765805639276e-30 7.0765805639276e-30 7.0765805639276e-30
 1  20 1.7838145205480e-29 1.6469404849597e-29 1.5108912890554e-29 1.3654658235875e-29 1.2295476059658e-29 1.1510084085286e-29 1.1510084085286e-29 1.1510084085286e-29 1.1510084085286e-29
 1  21 2.8301272708138e-29 2.6011161448329e-29 2.4074668981903e-29 2.1665046245881e-29 1.9529952786370e-29 1.8741616997985e-29 1.8741616997985e-29 1.8741616997985e-29 1.8741616997985e-29
 1  22 4.4866021622411e-29 4.1002765645044e-29 3.8048539573631e-29 3.4455464484071e-29 3.1033083963629e-29 2.9731507405291e-29 2.9731507405291e-29 2.9731507405291e-29 2.9731507405291e-29
 1  23 6.9384966531297e-29 6.4917603506421e-29 6.0122706001846e-29 5.4602304668690e-29 4.9198316772875e-29 4.4354428425340e-29 4.3400668796427e-29 4.3400668796427e-29 4.3400668796427e-29
 1  24 8.3697785746910e-29 8.1709130671646e-29 7.5713614458271e-29 6.8716795229748e-29 6.1902560178483e-29 5.5865708693677e-29 5.2693292815158e-29 5.2693292815158e-29 5.2693292815158e-29
 1  25 1.0235961357378e-28 1.0235961357378e-28 9.5426055125403e-29 8.6147682988261e-29 7.7779854417638e-29 7.0243377581635e-29 6.4463752096495e-29 6.3924431526756e-29 6.3924431526756e-29
 1  26 1.2490016801216e-28 1.2490016801216e-28 1.2055870062033e-28 1.0843155309476e-28 9.7746626170988e-29 8.8715392975428e-29 8.1505439505903e-29 7.7958448308794e-29 7.7958448308794e-29
 1  27 1.5059923552226e-28 1.5059923552226e-28 1.4977681528776e-28 1.3513728011268e-28 1.2287668971609e-28 1.1175606929064e-28 1.0263342062657e-28 9.4686100803707e-29 9.4686100803707e-29
 1  28 1.8089233206228e-28 1.8089233206228e-28 1.8089233206228e-28 1.6996998612461e-28 1.5388224792784e-28 1.4125242064972e-28 1.2953312490107e-28 1.1861582249244e-28 1.1417757712091e-28
 1  29 2.1713203823214e-28 2.1713203823214e-28 2.1713203823214e-28 2.1297583326390e-28 1.9431183876584e-28 1.7842751488239e-28 1.6363468772079e-28 1.4906522028450e-28 1.3789822105858e-28
 1  30 2.6294367641092e-28 2.6294367641092e-28 2.6294367641092e-28 2.6294367641092e-28 2.4532440261119e-28 2.2531964790822e-28 2.0503820929461e-28 1.8603308445515e-28 1.6899016926540e-28
 1  31 3.1828763262707e-28 3.1828763262707e-28 3.1828763262707e-28 3.1828763262707e-28 3.0768745865790e-28 2.8037928871632e-28 2.5435867516494e-28 2.3110314330884e-28 2.1009428095523e-28
0.78400627 0.78416000 0.78431373 12755.0 12750.0  1
1.0000000000000 
 1   1 1.6091461554551e-33 1.5557078149248e-33 1.4870445266638e-33 1.4217743763150e-33 1.3388753922881e-33 1.3388380152412e-33 1.3388380152412e-33 1.3388380152412e-33 1.3388380152412e-33
 1   2 2.6874849798270e-33 2.5950093902608e-33 2.4833765488540e-33 2.3628191339306e-33 2.2244250616015e-33 2.1884097514022e-33 2.1884097514022e-33 2.1884097514022e-33 2.1884097514022e-33
 1   3 4.1073491778219e-33 3.9865832963222e-33 3.8085939824825e-33 3.6058722675016e-33 3.3996747626620e-33 3.2746146533620e-33 3.2746146533620e-33 3.2746146533620e-33 3.2746146533620e-33
 1   4 6.4953306866868e-33 6.2857716353459e-33 6.0091370396371e-33 5.6737629912178e-33 5.3382309857450e-33 5.0198163820721e-33 5.0198163820721e-33 5.0198163820721e-33 5.0198163820721e-33
 1   5 1.0210474704989e-32 9.9429931695112e-33 9.5095215461218e-33 8.9877996843445e-33 8.4366853210088e-33 7.8837151459667e-33 7.7685975148227e-33 7.7685975148227e-33 7.7685975148227e-33
 1   6 1.6293916579251e-32 1.5994857592091e-32 1.5163151257846e-32 1.4359361445065e-32 1.3431504081027e-32 1.2516822539293e-32 1.2073145420887e-32 1.2073145420887e-32 1.2073145420887e-32
 1   7 2.5494744492640e-32 2.5300696823942e-32 2.3816818877021e-32 2.2609977030598e-32 2.1159073169586e-32 1.9627079300150e-32 1.8465721738264e-32 1.8465721738264e-32 1.8465721738264e-32
 1   8 3.9768540234540e-32 3.9768540234540e-32 3.7723180064110e-32 3.5598762021114e-32 3.3489055289920e-32 3.1086665159049e-32 2.8774982049760e-32 2.8393428338427e-32 2.8393428338427e-32
 1   9 6.2156268017597e-32 6.2156268017597e-32 6.0147812492310e-32 5.6305503495136e-32 5.2971889678280e-32 4.9356780229233e-32 4.5371395937149e-32 4.3812229046426e-32 4.3812229046426e-32
 1  10 9.6732429299364e-32 9.6732429299364e-32 9.5689477814069e-32 8.8990000492843e-32 8.3917824653649e-32 7.8103476946177e-32 7.1477197658176e-32 6.7382580553542e-32 6.7382580553542e-32
 1  11 1.5046212492079e-31 1.5046212492079e-31 1.5046212492079e-31 1.4127675328875e-31 1.3253253293162e-31 1.2351187156802e-31 1.1336331161985e-31 1.0493333616754e-31 1.0370550880822e-31
 1  12 2.3646084493909e-31 2.3646084493909e-31 2.3646084493909e-31 2.2432403033606e-31 2.0921326204523e-31 1.9507895340173e-31 1.7992296384322e-31 1.6561578700049e-31 1.6209334764859e-31
 1  13 3.8143270594493e-31 3.8143270594493e-31 3.8120868023155e-31 3.5345688079084e-31 3.3358369117720e-31 3.1034520229647e-31 2.8288901617510e-31 2.6363493592615e-31 2.6363493592615e-31
 1  14 6.1455864990086e-31 6.1455864990086e-31 6.0020017448466e-31 5.5918374414096e-31 5.2545171122999e-31 4.8855430713113e-31 4.4866103812976e-31 4.2860729258383e-31 4.2860729258383e-31
 1  15 9.8940409709276e-31 9.8940409709276e-31 9.4565238543426e-31 8.8576978797738e-31 8.3394807250160e-31 7.7604209230552e-31 7.1269155141485e-31 6.9652648224076e-31 6.9652648224076e-31
 1  16 1.5911162394312e-30 1.5911162394312e-30 1.4910149020971e-30 1.4038188940627e-30 1.3250461023881e-30 1.2201399083852e-30 1.1322721758589e-30 1.1309873135137e-30 1.1309873135137e-30
 1  17 2.5560295229817e-30 2.5083025715473e-30 2.3586235844729e-30 2.2260774745816e-30 2.0846718988669e-30 1.9307421361409e-30 1.8332167301074e-30 1.8332167301074e-30 1.8332167301074e-30
 1  18 4.0707331753157e-30 3.9438207866698e-30 3.7229470908622e-30 3.5260154878339e-30 3.2714842854571e-30 3.0505304679545e-30 2.9646708559377e-30 2.9646708559377e-30 2.9646708559377e-30
 1  19 6.5225823015263e-30 6.2082656445458e-30 5.8874820759239e-30 5.5625035911419e-30 5.1844081841887e-30 4.8148124477477e-30 4.7987042254805e-30 4.7987042254805e-30 4.7987042254805e-30
 1  20 1.0090171921244e-29 9.8457255200015e-30 9.2075866885220e-30 8.6732216268077e-30 8.2140739095347e-30 7.8148361552271e-30 7.8148361552271e-30 7.8148361552271e-30 7.8148361552271e-30
 1  21 1.5840366037105e-29 1.5477850350158e-29 1.4588681596756e-29 1.3776584647682e-29 1.3043392145651e-29 1.2754376264840e-29 1.2754376264840e-29 1.2754376264840e-29 1.2754376264840e-29
 1  22 2.5044504107320e-29 2.4642551995497e-29 2.3236853344908e-29 2.1875309647560e-29 2.0704976187135e-29 2.0227198106916e-29 2.0227198106916e-29 2.0227198106916e-29 2.0227198106916e-29
 1  23 3.9694096247833e-29 3.8992615386041e-29 3.6820888632502e-29 3.4668953818406e-29 3.2818691855975e-29 3.0815814991778e-29 3.0222721856139e-29 3.0222721856139e-29 3.0222721856139e-29
 1  24 4.9679988842701e-29 4.9045009740036e-29 4.6337435109188e-29 4.3554336941131e-29 4.1257235157477e-29 3.8777419798146e-29 3.6801954333736e-29 3.6801954333736e-29 3.6801954333736e-29
 1  25 6.1250241687788e-29 6.1250241687788e-29 5.8195126979944e-29 5.4729747064229e-29 5.1849037349911e-29 4.8790525181275e-29 4.5107942497550e-29 4.4762520943493e-29 4.4762520943493e-29
 1  26 7.5189689291025e-29 7.5189689291025e-29 7.3024534773421e-29 6.8627022820215e-29 6.5063348254963e-29 6.1289031120574e-29 5.6603454214468e-29 5.4228818704225e-29 5.4228818704225e-29
 1  27 9.2077687490871e-29 9.2077687490871e-29 9.1738585394444e-29 8.6820380225180e-29 8.1891690774781e-29 7.6897543780397e-29 7.1026238011373e-29 6.5862898071375e-29 6.5862898071375e-29
 1  28 1.1181477404276e-28 1.1181477404276e-28 1.1181477404276e-28 1.0748357426495e-28 1.0203079714697e-28 9.6182319666315e-29 8.9683768607060e-29 8.2494127679916e-29 7.9915078780201e-29
 1  29 1.3756610647673e-28 1.3756610647673e-28 1.3756610647673e-28 1.3581345004203e-28 1.2779894535677e-28 1.2046430597893e-28 1.1161901530097e-28 1.0312495405956e-28 9.6858363206512e-29
 1  30 1.6940480994536e-28 1.6940480994536e-28 1.6940480994536e-28 1.6940480994536e-28 1.6071767422702e-28 1.5011497247481e-28 1.3965848491656e-28 1.2913747870518e-28 1.1921547281768e-28
 1  31 2.0651703460241e-28 2.0651703460241e-28 2.0651703460241e-28 2.0651703460241e-28 2.0140980542763e-28 1.8730658155675e-28 1.7516946734372e-28 1.6260256982653e-28 1.5031262103535e-28
