-----------------------------------------------------------------------------------------------
Content :
Spectral range definition: line 1 (3 values)  ==> max, min and step of the wavenumber (in cm-1)
Temperatures definition :  line 2 (1 value)   ==> NT = number of T values
Temperatures definition :  line 3 (NT values) ==> list of T values (in K)
Pressures definition :     line 4 (1 value)   ==> NP = number of P values
Pressures definition :     line 5 (NP values) ==> list of P values (in mbar)
For each spectral range: 
    First line of the block (6 values): 
    --> min, mean and max wavelengths (in microns), min and max wavenumbers (in cm-1)
        of the spectral range, nmaxai (number of exponentials for the CKD expansion) 
    If nmaxai not null, second line of the block (nmaxnai values): 
    --> coefs kdis_ai for nai = 1 to nmaxai 
    If nmaxai not null, following lines of the block : 
    --> for nai = 1 to nmaxai 
    -->     for pressure index ip = 1 to NP 
    -->         line : nai, ip, kdis_ki(T,P,nai) for temperature index it = 1 to IT 
-----------------------------------------------------------------------------------------------
11750 11500  5
9
  160.00  180.00  200.00  220.00  240.00  260.00  280.00  300.00  320.00
31
    0.007    0.011    0.017    0.028    0.044    0.069    0.110    0.174    0.276    0.438    0.694    1.100    1.743    2.763    4.379    6.941   11.000   17.434   27.631   43.792   69.405  110.000  174.338  219.479  276.308  347.851  437.918  551.306  694.053  873.761 1098.900
0.85106383 0.85124498 0.85142614 11750.0 11745.0  0
0.85142614 0.85160745 0.85178876 11745.0 11740.0  0
0.85178876 0.85197022 0.85215168 11740.0 11735.0  0
0.85215168 0.85233330 0.85251492 11735.0 11730.0  0
0.85251492 0.85269669 0.85287846 11730.0 11725.0  0
0.85287846 0.85306039 0.85324232 11725.0 11720.0  0
0.85324232 0.85342440 0.85360649 11720.0 11715.0  0
0.85360649 0.85378872 0.85397096 11715.0 11710.0  0
0.85397096 0.85415336 0.85433575 11710.0 11705.0  0
0.85433575 0.85451830 0.85470085 11705.0 11700.0  0
0.85470085 0.85488356 0.85506627 11700.0 11695.0  0
0.85506627 0.85524913 0.85543199 11695.0 11690.0  0
0.85543199 0.85561501 0.85579803 11690.0 11685.0  0
0.85579803 0.85598120 0.85616438 11685.0 11680.0  0
0.85616438 0.85634772 0.85653105 11680.0 11675.0  0
0.85653105 0.85671454 0.85689803 11675.0 11670.0  0
0.85689803 0.85708168 0.85726532 11670.0 11665.0  0
0.85726532 0.85744912 0.85763293 11665.0 11660.0  0
0.85763293 0.85781690 0.85800086 11660.0 11655.0  0
0.85800086 0.85818498 0.85836910 11655.0 11650.0  0
0.85836910 0.85855338 0.85873766 11650.0 11645.0  0
0.85873766 0.85892210 0.85910653 11645.0 11640.0  0
0.85910653 0.85929112 0.85947572 11640.0 11635.0  0
0.85947572 0.85966048 0.85984523 11635.0 11630.0  0
0.85984523 0.86003014 0.86021505 11630.0 11625.0  0
0.86021505 0.86040012 0.86058520 11625.0 11620.0  0
0.86058520 0.86077043 0.86095566 11620.0 11615.0  0
0.86095566 0.86114105 0.86132644 11615.0 11610.0  0
0.86132644 0.86151199 0.86169754 11610.0 11605.0  0
0.86169754 0.86188326 0.86206897 11605.0 11600.0  0
0.86206897 0.86225484 0.86244071 11600.0 11595.0  0
0.86244071 0.86262674 0.86281277 11595.0 11590.0  0
0.86281277 0.86299896 0.86318515 11590.0 11585.0  0
0.86318515 0.86337150 0.86355786 11585.0 11580.0  0
0.86355786 0.86374438 0.86393089 11580.0 11575.0  0
0.86393089 0.86411756 0.86430424 11575.0 11570.0  0
0.86430424 0.86449108 0.86467791 11570.0 11565.0  0
0.86467791 0.86486490 0.86505190 11565.0 11560.0  0
0.86505190 0.86523906 0.86542622 11560.0 11555.0  0
0.86542622 0.86561354 0.86580087 11555.0 11550.0  0
0.86580087 0.86598835 0.86617583 11550.0 11545.0  0
0.86617583 0.86636348 0.86655113 11545.0 11540.0  0
0.86655113 0.86673894 0.86692674 11540.0 11535.0  0
0.86692674 0.86711472 0.86730269 11535.0 11530.0  0
0.86730269 0.86749082 0.86767896 11530.0 11525.0  1
1.0000000000000 
 1   1 0.0000000000000e+00 0.0000000000000e+00 0.0000000000000e+00 0.0000000000000e+00 0.0000000000000e+00 0.0000000000000e+00 0.0000000000000e+00 0.0000000000000e+00 0.0000000000000e+00
 1   2 0.0000000000000e+00 0.0000000000000e+00 0.0000000000000e+00 0.0000000000000e+00 0.0000000000000e+00 0.0000000000000e+00 0.0000000000000e+00 0.0000000000000e+00 0.0000000000000e+00
 1   3 0.0000000000000e+00 0.0000000000000e+00 0.0000000000000e+00 0.0000000000000e+00 0.0000000000000e+00 0.0000000000000e+00 0.0000000000000e+00 0.0000000000000e+00 0.0000000000000e+00
 1   4 0.0000000000000e+00 0.0000000000000e+00 0.0000000000000e+00 0.0000000000000e+00 0.0000000000000e+00 0.0000000000000e+00 0.0000000000000e+00 0.0000000000000e+00 0.0000000000000e+00
 1   5 0.0000000000000e+00 0.0000000000000e+00 0.0000000000000e+00 0.0000000000000e+00 0.0000000000000e+00 0.0000000000000e+00 0.0000000000000e+00 0.0000000000000e+00 0.0000000000000e+00
 1   6 0.0000000000000e+00 0.0000000000000e+00 0.0000000000000e+00 0.0000000000000e+00 0.0000000000000e+00 0.0000000000000e+00 0.0000000000000e+00 0.0000000000000e+00 0.0000000000000e+00
 1   7 0.0000000000000e+00 0.0000000000000e+00 0.0000000000000e+00 0.0000000000000e+00 0.0000000000000e+00 0.0000000000000e+00 0.0000000000000e+00 0.0000000000000e+00 0.0000000000000e+00
 1   8 0.0000000000000e+00 0.0000000000000e+00 0.0000000000000e+00 0.0000000000000e+00 0.0000000000000e+00 0.0000000000000e+00 0.0000000000000e+00 0.0000000000000e+00 0.0000000000000e+00
 1   9 0.0000000000000e+00 0.0000000000000e+00 0.0000000000000e+00 0.0000000000000e+00 0.0000000000000e+00 0.0000000000000e+00 0.0000000000000e+00 0.0000000000000e+00 0.0000000000000e+00
 1  10 0.0000000000000e+00 0.0000000000000e+00 0.0000000000000e+00 0.0000000000000e+00 0.0000000000000e+00 0.0000000000000e+00 0.0000000000000e+00 0.0000000000000e+00 0.0000000000000e+00
 1  11 0.0000000000000e+00 0.0000000000000e+00 0.0000000000000e+00 0.0000000000000e+00 0.0000000000000e+00 0.0000000000000e+00 0.0000000000000e+00 0.0000000000000e+00 0.0000000000000e+00
 1  12 0.0000000000000e+00 0.0000000000000e+00 0.0000000000000e+00 0.0000000000000e+00 0.0000000000000e+00 0.0000000000000e+00 0.0000000000000e+00 0.0000000000000e+00 0.0000000000000e+00
 1  13 0.0000000000000e+00 0.0000000000000e+00 0.0000000000000e+00 0.0000000000000e+00 0.0000000000000e+00 0.0000000000000e+00 0.0000000000000e+00 0.0000000000000e+00 0.0000000000000e+00
 1  14 0.0000000000000e+00 0.0000000000000e+00 0.0000000000000e+00 0.0000000000000e+00 0.0000000000000e+00 0.0000000000000e+00 0.0000000000000e+00 0.0000000000000e+00 0.0000000000000e+00
 1  15 0.0000000000000e+00 0.0000000000000e+00 0.0000000000000e+00 0.0000000000000e+00 0.0000000000000e+00 0.0000000000000e+00 0.0000000000000e+00 0.0000000000000e+00 0.0000000000000e+00
 1  16 0.0000000000000e+00 0.0000000000000e+00 0.0000000000000e+00 0.0000000000000e+00 0.0000000000000e+00 0.0000000000000e+00 0.0000000000000e+00 0.0000000000000e+00 0.0000000000000e+00
 1  17 0.0000000000000e+00 0.0000000000000e+00 0.0000000000000e+00 0.0000000000000e+00 0.0000000000000e+00 0.0000000000000e+00 0.0000000000000e+00 0.0000000000000e+00 0.0000000000000e+00
 1  18 0.0000000000000e+00 0.0000000000000e+00 0.0000000000000e+00 0.0000000000000e+00 0.0000000000000e+00 0.0000000000000e+00 0.0000000000000e+00 0.0000000000000e+00 0.0000000000000e+00
 1  19 0.0000000000000e+00 0.0000000000000e+00 0.0000000000000e+00 0.0000000000000e+00 0.0000000000000e+00 0.0000000000000e+00 0.0000000000000e+00 0.0000000000000e+00 0.0000000000000e+00
 1  20 0.0000000000000e+00 0.0000000000000e+00 0.0000000000000e+00 0.0000000000000e+00 0.0000000000000e+00 0.0000000000000e+00 0.0000000000000e+00 0.0000000000000e+00 0.0000000000000e+00
 1  21 0.0000000000000e+00 0.0000000000000e+00 0.0000000000000e+00 0.0000000000000e+00 0.0000000000000e+00 0.0000000000000e+00 0.0000000000000e+00 0.0000000000000e+00 0.0000000000000e+00
 1  22 0.0000000000000e+00 0.0000000000000e+00 0.0000000000000e+00 0.0000000000000e+00 0.0000000000000e+00 0.0000000000000e+00 0.0000000000000e+00 0.0000000000000e+00 0.0000000000000e+00
 1  23 0.0000000000000e+00 0.0000000000000e+00 0.0000000000000e+00 0.0000000000000e+00 0.0000000000000e+00 0.0000000000000e+00 0.0000000000000e+00 0.0000000000000e+00 0.0000000000000e+00
 1  24 0.0000000000000e+00 0.0000000000000e+00 0.0000000000000e+00 0.0000000000000e+00 0.0000000000000e+00 0.0000000000000e+00 0.0000000000000e+00 0.0000000000000e+00 0.0000000000000e+00
 1  25 0.0000000000000e+00 0.0000000000000e+00 0.0000000000000e+00 0.0000000000000e+00 0.0000000000000e+00 0.0000000000000e+00 0.0000000000000e+00 0.0000000000000e+00 0.0000000000000e+00
 1  26 0.0000000000000e+00 0.0000000000000e+00 0.0000000000000e+00 0.0000000000000e+00 0.0000000000000e+00 0.0000000000000e+00 0.0000000000000e+00 0.0000000000000e+00 0.0000000000000e+00
 1  27 0.0000000000000e+00 0.0000000000000e+00 0.0000000000000e+00 0.0000000000000e+00 0.0000000000000e+00 0.0000000000000e+00 0.0000000000000e+00 0.0000000000000e+00 0.0000000000000e+00
 1  28 0.0000000000000e+00 0.0000000000000e+00 0.0000000000000e+00 0.0000000000000e+00 0.0000000000000e+00 0.0000000000000e+00 0.0000000000000e+00 0.0000000000000e+00 0.0000000000000e+00
 1  29 0.0000000000000e+00 0.0000000000000e+00 0.0000000000000e+00 0.0000000000000e+00 0.0000000000000e+00 0.0000000000000e+00 0.0000000000000e+00 0.0000000000000e+00 0.0000000000000e+00
 1  30 0.0000000000000e+00 0.0000000000000e+00 0.0000000000000e+00 0.0000000000000e+00 2.4943376333301e-36 0.0000000000000e+00 0.0000000000000e+00 0.0000000000000e+00 0.0000000000000e+00
 1  31 1.8335892314798e-39 1.8335892314798e-39 1.8335892314798e-39 1.8335892314798e-39 2.6520805234749e-36 5.5900009793491e-38 0.0000000000000e+00 4.1371231848377e-37 4.4146686186292e-36
0.86767896 0.86786726 0.86805556 11525.0 11520.0  1
1.0000000000000 
 1   1 3.0036587514759e-34 2.5965749558815e-34 2.2617177117168e-34 1.9844268595525e-34 1.7677287233701e-34 1.7676320665104e-34 1.7676320665104e-34 1.7676320665104e-34 1.7676320665104e-34
 1   2 5.0312476054564e-34 4.3481774809206e-34 3.7866491100739e-34 3.3216405344554e-34 2.9330305968569e-34 2.8410401282991e-34 2.8410401282991e-34 2.8410401282991e-34 2.8410401282991e-34
 1   3 7.7218269823264e-34 6.6719369579544e-34 5.8097830241357e-34 5.0954879125513e-34 4.4988832035358e-34 4.1905276172635e-34 4.1905276172635e-34 4.1905276172635e-34 4.1905276172635e-34
 1   4 1.2145018451574e-33 1.0494007248485e-33 9.1395659232692e-34 8.0167355560737e-34 7.0790694263617e-34 6.3580455279738e-34 6.3580455279738e-34 6.3580455279738e-34 6.3580455279738e-34
 1   5 1.8591666407063e-33 1.6649455865917e-33 1.4496716123249e-33 1.2713663843784e-33 1.1224426377307e-33 9.9686283135797e-34 9.6994786781498e-34 9.6994786781498e-34 9.6994786781498e-34
 1   6 2.8315994852119e-33 2.6622010146958e-33 2.3173249311599e-33 2.0320667986909e-33 1.7937395434945e-33 1.5928866808604e-33 1.4926568693405e-33 1.4926568693405e-33 1.4926568693405e-33
 1   7 4.2497904404667e-33 4.1795370205898e-33 3.6382086477247e-33 3.1900235084829e-33 2.8166231361694e-33 2.5014743864109e-33 2.2629658479451e-33 2.2629658479451e-33 2.2629658479451e-33
 1   8 6.4170817011724e-33 6.4170817011724e-33 5.7571088467689e-33 5.0468810374738e-33 4.4554233406759e-33 3.9565909253030e-33 3.5319053875020e-33 3.4505699946327e-33 3.4505699946327e-33
 1   9 9.7297415965408e-33 9.7297415965408e-33 9.1438700693031e-33 8.0142773035125e-33 7.0730369362900e-33 6.2809021499976e-33 5.6060930875188e-33 5.2818083589315e-33 5.2818083589315e-33
 1  10 1.4717910731953e-32 1.4717910731953e-32 1.4439975378276e-32 1.2656909139816e-32 1.1169181448897e-32 9.9191541440765e-33 8.8540636920514e-33 8.0618356008949e-33 8.0618356008949e-33
 1  11 2.2291178554551e-32 2.2291178554551e-32 2.2291178554551e-32 2.0035376977333e-32 1.7677201597101e-32 1.5696171824387e-32 1.4010174970682e-32 1.2562170172612e-32 1.2318432153653e-32
 1  12 3.4609842133655e-32 3.4609842133655e-32 3.4609842133655e-32 3.1734976742151e-32 2.7994600737608e-32 2.4851610962154e-32 2.2179541856054e-32 1.9884690356501e-32 1.9192740014993e-32
 1  13 5.7270390400593e-32 5.7270390400593e-32 5.7213290762502e-32 5.0141222874367e-32 4.4238680764489e-32 3.9282667277043e-32 3.5059836064829e-32 3.1458667978782e-32 3.1458667978782e-32
 1  14 9.4827493684083e-32 9.4827493684083e-32 9.0856039000056e-32 7.9598711637895e-32 7.0215004721509e-32 6.2326062299101e-32 5.5608335428078e-32 5.1579252133502e-32 5.1579252133502e-32
 1  15 1.5717152929181e-31 1.5717152929181e-31 1.4394544284859e-31 1.2609865268149e-31 1.1123721849741e-31 9.8720425345475e-32 8.8067049348351e-32 8.4625965960471e-32 8.4625965960471e-32
 1  16 2.6070532188526e-31 2.6070532188526e-31 2.2737500241374e-31 1.9922040807877e-31 1.7579501559626e-31 1.5601955658295e-31 1.3919241372564e-31 1.3890824972127e-31 1.3890824972127e-31
 1  17 4.3280018689366e-31 4.1516621997879e-31 3.6100590551182e-31 3.1624423261697e-31 2.7895933856030e-31 2.4750296867298e-31 2.2812948170787e-31 2.2812948170787e-31 2.2812948170787e-31
 1  18 7.1899986535842e-31 6.5778590299980e-31 5.7191505325698e-31 5.0101957836567e-31 4.4186329535828e-31 3.9197651411362e-31 3.7481725883737e-31 3.7481725883737e-31 3.7481725883737e-31
 1  19 1.1954160648427e-30 1.0388484927934e-30 9.0340229727926e-31 7.9167438042004e-31 6.9823466361160e-31 6.1945293817994e-31 6.1617457847505e-31 6.1617457847505e-31 6.1617457847505e-31
 1  20 1.9106084569791e-30 1.6484284539208e-30 1.4333230499520e-30 1.2556919356896e-30 1.1071834588700e-30 1.0134327062563e-30 1.0134327062563e-30 1.0134327062563e-30 1.0134327062563e-30
 1  21 3.0260929748359e-30 2.6108145186565e-30 2.2705453914381e-30 1.9887177056025e-30 1.7533177208051e-30 1.6675860025737e-30 1.6675860025737e-30 1.6675860025737e-30 1.6675860025737e-30
 1  22 4.7949840209590e-30 4.1368110041596e-30 3.5975528766803e-30 3.1510476481702e-30 2.7773057080550e-30 2.6401958588960e-30 2.6401958588960e-30 2.6401958588960e-30 2.6401958588960e-30
 1  23 7.2792041927212e-30 6.5352031611931e-30 5.6828802311972e-30 4.9787162330208e-30 4.3899921747843e-30 3.8926324275503e-30 3.7762393027510e-30 3.7762393027510e-30 3.7762393027510e-30
 1  24 8.5941358715172e-30 8.2191753669382e-30 7.1485825081415e-30 6.2599858913492e-30 5.5205051528176e-30 4.8959298334347e-30 4.5219477163138e-30 4.5219477163138e-30 4.5219477163138e-30
 1  25 1.0153932991781e-29 1.0153932991781e-29 8.9705566221985e-30 7.8566100271107e-30 6.9320515586635e-30 6.1434024305047e-30 5.4804409199178e-30 5.4189999931099e-30 5.4189999931099e-30
 1  26 1.2017703547214e-29 1.2017703547214e-29 1.1290057873885e-29 9.8919440770849e-30 8.7228662327062e-30 7.7367991289766e-30 6.8984824492696e-30 6.5031304090880e-30 6.5031304090880e-30
 1  27 1.4244490832304e-29 1.4244490832304e-29 1.4146522688078e-29 1.2401363086147e-29 1.0932990462196e-29 9.7074520254747e-30 8.6497275384353e-30 7.8030466051652e-30 7.8030466051652e-30
 1  28 1.6892525639848e-29 1.6892525639848e-29 1.6892525639848e-29 1.5604421563324e-29 1.3771017506437e-29 1.2219102404933e-29 1.0893463007036e-29 9.7615533536352e-30 9.3685139340197e-30
 1  29 2.0018780889645e-29 2.0018780889645e-29 2.0018780889645e-29 1.9536487406486e-29 1.7264184980131e-29 1.5331881411334e-29 1.3673269038595e-29 1.2249433544608e-29 1.1251837192286e-29
 1  30 2.3821630375233e-29 2.3821630375233e-29 2.3821630375233e-29 2.3821630375233e-29 2.1644470392764e-29 1.9238394076179e-29 1.7134750450806e-29 1.5372829992144e-29 1.3811749420128e-29
 1  31 2.8298624554464e-29 2.8298624554464e-29 2.8298624554464e-29 2.8298624554464e-29 2.7144231173595e-29 2.4101786978299e-29 2.1508602053719e-29 1.9250790745563e-29 1.7319389956428e-29
0.86805556 0.86824402 0.86843248 11520.0 11515.0  1
1.0000000000000 
 1   1 1.7098351444557e-33 1.4861324165160e-33 1.3005072566773e-33 1.1455231019672e-33 1.0237293057590e-33 1.0236749391453e-33 1.0236749391453e-33 1.0236749391453e-33 1.0236749391453e-33
 1   2 2.8634605249069e-33 2.4883512776809e-33 2.1770980059984e-33 1.9172575511431e-33 1.6987381104420e-33 1.6469292989554e-33 1.6469292989554e-33 1.6469292989554e-33 1.6469292989554e-33
 1   3 4.3944511833827e-33 3.8182330361593e-33 3.3401245861913e-33 2.9410504989009e-33 2.6054756980869e-33 2.4314716774385e-33 2.4314716774385e-33 2.4314716774385e-33 2.4314716774385e-33
 1   4 6.9129801561141e-33 6.0069476814087e-33 5.2552443906548e-33 4.6277750570775e-33 4.1000467865094e-33 3.6924151003450e-33 3.6924151003450e-33 3.6924151003450e-33 3.6924151003450e-33
 1   5 1.0597357079151e-32 9.5290700171760e-33 8.3351027726305e-33 7.3385700898813e-33 6.5005197595617e-33 5.7901097486423e-33 5.6376712738857e-33 5.6376712738857e-33 5.6376712738857e-33
 1   6 1.6168973284703e-32 1.5234611028800e-32 1.3323777370614e-32 1.1728909247088e-32 1.0388000065902e-32 9.2514050272003e-33 8.6827603696740e-33 8.6827603696740e-33 8.6827603696740e-33
 1   7 2.4308861710492e-32 2.3920227115063e-32 2.0922809090646e-32 1.8418885635224e-32 1.6313381296333e-32 1.4529004381672e-32 1.3173628538447e-32 1.3173628538447e-32 1.3173628538447e-32
 1   8 3.6765513632702e-32 3.6765513632702e-32 3.3104345376254e-32 2.9138765225245e-32 2.5805486424280e-32 2.2979659718356e-32 2.0564578656601e-32 2.0101645471360e-32 2.0101645471360e-32
 1   9 5.5830545002686e-32 5.5830545002686e-32 5.2571845440808e-32 4.6266981573153e-32 4.0968105770932e-32 3.6478131712549e-32 3.2639325688541e-32 3.0790828495778e-32 3.0790828495778e-32
 1  10 8.4576383608754e-32 8.4576383608754e-32 8.3026582469271e-32 7.3073936287088e-32 6.4703858149416e-32 5.7612753130270e-32 5.1550417257077e-32 4.7027964289781e-32 4.7027964289781e-32
 1  11 1.2827289405255e-31 1.2827289405255e-31 1.2827289405255e-31 1.1566416548744e-31 1.0240444815084e-31 9.1170360311994e-32 8.1568675600664e-32 7.3296386838037e-32 7.1903085138951e-32
 1  12 1.9928701158869e-31 1.9928701158869e-31 1.9928701158869e-31 1.8319957206153e-31 1.6217018971430e-31 1.4435455014750e-31 1.2913221568783e-31 1.1601915302644e-31 1.1206105195824e-31
 1  13 3.2932809599869e-31 3.2932809599869e-31 3.2900927842086e-31 2.8952280099453e-31 2.5631532068267e-31 2.2818576437738e-31 2.0414004001606e-31 1.8356774864715e-31 1.8356774864715e-31
 1  14 5.4452899712859e-31 5.4452899712859e-31 5.2240868549413e-31 4.5956172638335e-31 4.0674046455119e-31 3.6200103200946e-31 3.2377075837608e-31 3.0078542395875e-31 3.0078542395875e-31
 1  15 9.0119058114830e-31 9.0119058114830e-31 8.2770770213151e-31 7.2805051358292e-31 6.4431831124221e-31 5.7337891988195e-31 5.1277475697276e-31 4.9317179000048e-31 4.9317179000048e-31
 1  16 1.4925026077475e-30 1.4925026077475e-30 1.3078084651486e-30 1.1504822760650e-30 1.0183134528405e-30 9.0627896705459e-31 8.1056833621968e-31 8.0895189042798e-31 8.0895189042798e-31
 1  17 2.4736700629438e-30 2.3762228978144e-30 2.0762058945127e-30 1.8259544319684e-30 1.6157372977476e-30 1.4376245129201e-30 1.3275899662029e-30 1.3275899662029e-30 1.3275899662029e-30
 1  18 4.1024226222229e-30 3.7651166811640e-30 3.2893408910020e-30 2.8926233965826e-30 2.5592938237741e-30 2.2769163827405e-30 2.1796108411704e-30 2.1796108411704e-30 2.1796108411704e-30
 1  19 6.8086144955560e-30 5.9484490434096e-30 5.1974074589969e-30 4.5712579175794e-30 4.0448933644563e-30 3.5989642222177e-30 3.5804030723786e-30 3.5804030723786e-30 3.5804030723786e-30
 1  20 1.0878537049967e-29 9.4389420323571e-30 8.2454567875152e-30 7.2503852089792e-30 6.4141599688212e-30 5.8842753273349e-30 5.8842753273349e-30 5.8842753273349e-30 5.8842753273349e-30
 1  21 1.7236090477068e-29 1.4954038030370e-29 1.3062398666789e-29 1.1484842365952e-29 1.0159313558564e-29 9.6751377798102e-30 9.6751377798102e-30 9.6751377798102e-30 9.6751377798102e-30
 1  22 2.7317459544296e-29 2.3701029544895e-29 2.0702139954365e-29 1.8200743647228e-29 1.6098851414398e-29 1.5326580590089e-29 1.5326580590089e-29 1.5326580590089e-29 1.5326580590089e-29
 1  23 4.1567183489371e-29 3.7461693673248e-29 3.2725160873785e-29 2.8772963044173e-29 2.5451410974851e-29 2.2637163899209e-29 2.1978074561053e-29 2.1978074561053e-29 2.1978074561053e-29
 1  24 4.9205972344404e-29 4.7120500168983e-29 4.1162028014382e-29 3.6190862780913e-29 3.2013695268938e-29 2.8473754780985e-29 2.6350621647355e-29 2.6350621647355e-29 2.6350621647355e-29
 1  25 5.8313758245987e-29 5.8313758245987e-29 5.1677876344635e-29 4.5443878846631e-29 4.0205045462078e-29 3.5763423694615e-29 3.1968655591630e-29 3.1616228467400e-29 3.1616228467400e-29
 1  26 6.9184615650302e-29 6.9184615650302e-29 6.5088313121867e-29 5.7230940245942e-29 5.0626643595678e-29 4.5029725667684e-29 4.0247166151815e-29 3.7959558600934e-29 3.7959558600934e-29
 1  27 8.2150439462809e-29 8.2150439462809e-29 8.1598823034081e-29 7.1773420588891e-29 6.3514328819223e-29 5.6506080400186e-29 5.0514849380937e-29 4.5602990752693e-29 4.5602990752693e-29
 1  28 9.7661181085299e-29 9.7661181085299e-29 9.7661181085299e-29 9.0377019127604e-29 7.9967042777513e-29 7.1134752126677e-29 6.3581194699480e-29 5.7080826043839e-29 5.4813200016131e-29
 1  29 1.1621974897450e-28 1.1621974897450e-28 1.1621974897450e-28 1.1344450799876e-28 1.0038108166779e-28 8.9324197486443e-29 7.9851270313731e-29 7.1689636617780e-29 6.5919369948463e-29
 1  30 1.3831263303436e-28 1.3831263303436e-28 1.3831263303436e-28 1.3831263303436e-28 1.2608533715169e-28 1.1220144059028e-28 1.0030063798143e-28 9.0081990734248e-29 8.1168221209703e-29
 1  31 1.6472780944604e-28 1.6472780944604e-28 1.6472780944604e-28 1.6472780944604e-28 1.5817350873343e-28 1.4076281314667e-28 1.2585457463316e-28 1.1303788400219e-28 1.0185189029220e-28
0.86843248 0.86862110 0.86880973 11515.0 11510.0  1
1.0000000000000 
 1   1 5.9551991140077e-33 5.2183860306008e-33 4.5981037429528e-33 4.0741620335623e-33 3.6584447829741e-33 3.6582589079299e-33 3.6582589079299e-33 3.6582589079299e-33 3.6582589079299e-33
 1   2 9.9705232472075e-33 8.7357487162732e-33 7.6961341655663e-33 6.8179671517891e-33 6.0719260703863e-33 5.8945616052625e-33 5.8945616052625e-33 5.8945616052625e-33 5.8945616052625e-33
 1   3 1.5299994963329e-32 1.3403477356967e-32 1.1806798972141e-32 1.0458070549471e-32 9.3125755491652e-33 8.7152098912285e-33 8.7152098912285e-33 8.7152098912285e-33 8.7152098912285e-33
 1   4 2.4076811778800e-32 2.1092319784139e-32 1.8580501414782e-32 1.6458669459359e-32 1.4656689516794e-32 1.3253519542633e-32 1.3253519542633e-32 1.3253519542633e-32 1.3253519542633e-32
 1   5 3.6986456612147e-32 3.3453855111584e-32 2.9465620245699e-32 2.6096729843375e-32 2.3235610388936e-32 2.0789089261400e-32 2.0262998234058e-32 2.0262998234058e-32 2.0262998234058e-32
 1   6 5.6585629676409e-32 5.3480367392144e-32 4.7097468332009e-32 4.1706739401214e-32 3.7128864814013e-32 3.3215314981708e-32 3.1248004697436e-32 3.1248004697436e-32 3.1248004697436e-32
 1   7 8.5288603880973e-32 8.3991263663217e-32 7.3972607595763e-32 6.5506591486649e-32 5.8314282281369e-32 5.2169068178971e-32 4.7468906914454e-32 4.7468906914454e-32 4.7468906914454e-32
 1   8 1.2930361451912e-31 1.2930361451912e-31 1.1703012518792e-31 1.0362377668600e-31 9.2239748665239e-32 8.2508348152296e-32 7.4128395862077e-32 7.2519414459502e-32 7.2519414459502e-32
 1   9 1.9680263954306e-31 1.9680263954306e-31 1.8583511268068e-31 1.6452069646326e-31 1.4642866290976e-31 1.3096608091466e-31 1.1764852925600e-31 1.1120988825375e-31 1.1120988825375e-31
 1  10 2.9877711537025e-31 2.9877711537025e-31 2.9354162810090e-31 2.5987723313488e-31 2.3129306614435e-31 2.0686283758087e-31 1.8582892958039e-31 1.7004333349263e-31 1.7004333349263e-31
 1  11 4.5407296710117e-31 4.5407296710117e-31 4.5407296710117e-31 4.1132860708154e-31 3.6604720111442e-31 3.2734614199354e-31 2.9403195030451e-31 2.6513759386469e-31 2.6026460554325e-31
 1  12 7.0612810817737e-31 7.0612810817737e-31 7.0612810817737e-31 6.5149907709296e-31 5.7967764179162e-31 5.1830550491315e-31 4.6548457221941e-31 4.1968256331419e-31 4.0582592994625e-31
 1  13 1.1645617831619e-30 1.1645617831619e-30 1.1634827733874e-30 1.0298365888627e-30 9.1638257609878e-31 8.1942592125200e-31 7.3597080643966e-31 6.6408815139253e-31 6.6408815139253e-31
 1  14 1.9214957916168e-30 1.9214957916168e-30 1.8468970393227e-30 1.6343259071347e-30 1.4539151719106e-30 1.2997780519811e-30 1.1671152390105e-30 1.0869604421376e-30 1.0869604421376e-30
 1  15 3.1730113369373e-30 3.1730113369373e-30 2.9261274306093e-30 2.5891135763867e-30 2.3030962406056e-30 2.0587288325838e-30 1.8484052455946e-30 1.7801865123994e-30 1.7801865123994e-30
 1  16 5.2427010430855e-30 5.2427010430855e-30 4.6246483067565e-30 4.0923588859471e-30 3.6405940255136e-30 3.2545575429635e-30 2.9222467946188e-30 2.9166337620738e-30 2.9166337620738e-30
 1  17 8.6678523447713e-30 8.3431413084640e-30 7.3401794356871e-30 6.4937979243380e-30 5.7755919408443e-30 5.1619996883592e-30 4.7807516995965e-30 4.7807516995965e-30 4.7807516995965e-30
 1  18 1.4337728411104e-29 1.3218844363584e-29 1.1628706323532e-29 1.0286895884950e-29 9.1482733124496e-30 8.1754296738108e-30 7.8390690182891e-30 7.8390690182891e-30 7.8390690182891e-30
 1  19 2.3730419536773e-29 2.0890960834452e-29 1.8379342052282e-29 1.6259997583964e-29 1.4461367095002e-29 1.2924285415653e-29 1.2860279842290e-29 1.2860279842290e-29 1.2860279842290e-29
 1  20 3.7887589006325e-29 3.3142801791491e-29 2.9153027263105e-29 2.5786384358960e-29 2.2929488467479e-29 2.1106801909806e-29 2.1106801909806e-29 2.1106801909806e-29 2.1106801909806e-29
 1  21 6.0024790519768e-29 5.2505767423885e-29 4.6182295433637e-29 4.0845868558418e-29 3.6317113507299e-29 3.4656119300886e-29 3.4656119300886e-29 3.4656119300886e-29 3.4656119300886e-29
 1  22 9.5116702628086e-29 8.3206535184876e-29 7.3185247608749e-29 6.4726099866107e-29 5.7545908032753e-29 5.4896947876057e-29 5.4896947876057e-29 5.4896947876057e-29 5.4896947876057e-29
 1  23 1.4512754817964e-28 1.3153918556820e-28 1.1570670531144e-28 1.0233751352767e-28 9.0988875033874e-29 8.1290222853149e-29 7.9013647269730e-29 7.9013647269730e-29 7.9013647269730e-29
 1  24 1.7240775602584e-28 1.6546174523666e-28 1.4554409071542e-28 1.2872809822137e-28 1.1445411658680e-28 1.0225438557645e-28 9.4897122540301e-29 9.4897122540301e-29 9.4897122540301e-29
 1  25 2.0499530920510e-28 2.0499530920510e-28 1.8276767023444e-28 1.6167320029481e-28 1.4376321940703e-28 1.2845414672385e-28 1.1527387663056e-28 1.1404878055588e-28 1.1404878055588e-28
 1  26 2.4396732015000e-28 2.4396732015000e-28 2.3017460433440e-28 2.0359573591451e-28 1.8102548604381e-28 1.6173079763721e-28 1.4512323891139e-28 1.3714698800965e-28 1.3714698800965e-28
 1  27 2.9058931742700e-28 2.9058931742700e-28 2.8872090056558e-28 2.5542592924362e-28 2.2717959067788e-28 2.0300064763582e-28 1.8218992736231e-28 1.6501648227058e-28 1.6501648227058e-28
 1  28 3.4641639316970e-28 3.4641639316970e-28 3.4641639316970e-28 3.2162810996736e-28 2.8600550786286e-28 2.5556654620369e-28 2.2933588591774e-28 2.0659204957374e-28 1.9863710427201e-28
 1  29 4.1330966977985e-28 4.1330966977985e-28 4.1330966977985e-28 4.0383992039155e-28 3.5916997348381e-28 3.2096941785225e-28 2.8808921961794e-28 2.5952820817342e-28 2.3923239730760e-28
 1  30 4.9341521099449e-28 4.9341521099449e-28 4.9341521099449e-28 4.9341521099449e-28 4.5129594163097e-28 4.0334611195381e-28 3.6199148492646e-28 3.2617311204312e-28 2.9489473381768e-28
 1  31 5.8886598422702e-28 5.8886598422702e-28 5.8886598422702e-28 5.8886598422702e-28 5.6624665925393e-28 5.0614474125842e-28 4.5441094072302e-28 4.0948101734691e-28 3.7015860752275e-28
0.86880973 0.86899852 0.86918731 11510.0 11505.0  1
1.0000000000000 
 1   1 2.0565307463099e-32 1.8024607197543e-32 1.5884647649862e-32 1.4076759378816e-32 1.2641917178740e-32 1.2641275064951e-32 1.2641275064951e-32 1.2641275064951e-32 1.2641275064951e-32
 1   2 3.4431410907407e-32 3.0173591105841e-32 2.6587149025274e-32 2.3556918545422e-32 2.0981971721323e-32 2.0369752222896e-32 2.0369752222896e-32 2.0369752222896e-32 2.0369752222896e-32
 1   3 5.2835708657737e-32 4.6295801755899e-32 4.0788058239952e-32 3.6133899946854e-32 3.2180318654432e-32 3.0118210628237e-32 3.0118210628237e-32 3.0118210628237e-32 3.0118210628237e-32
 1   4 8.3145577762405e-32 7.2853343017212e-32 6.4189297252287e-32 5.6866966616863e-32 5.0647637595645e-32 4.5803542925341e-32 4.5803542925341e-32 4.5803542925341e-32 4.5803542925341e-32
 1   5 1.2773357724439e-31 1.1554997796620e-31 1.0179320284335e-31 9.0167916362028e-32 8.0292864561942e-32 7.1846861244151e-32 7.0030540270506e-32 7.0030540270506e-32 7.0030540270506e-32
 1   6 1.9543141362788e-31 1.8472103790968e-31 1.6270394643418e-31 1.4410327647507e-31 1.2830223439155e-31 1.1479197218901e-31 1.0799941334762e-31 1.0799941334762e-31 1.0799941334762e-31
 1   7 2.9458217570025e-31 2.9010706870667e-31 2.5554704108486e-31 2.2633365547823e-31 2.0151109392022e-31 1.8029706492037e-31 1.6406779024483e-31 1.6406779024483e-31 1.6406779024483e-31
 1   8 4.4663457990849e-31 4.4663457990849e-31 4.0429364955006e-31 3.5803317433814e-31 3.1874342764637e-31 2.8515012657868e-31 2.5621474538602e-31 2.5065872431708e-31 2.5065872431708e-31
 1   9 6.7982581082066e-31 6.7982581082066e-31 6.4198655362814e-31 5.6843972771866e-31 5.0599723270411e-31 4.5262029118243e-31 4.0663697402854e-31 3.8440226328387e-31 3.8440226328387e-31
 1  10 1.0321383008412e-30 1.0321383008412e-30 1.0140736798160e-30 8.9791292674002e-31 7.9925509646872e-31 7.1492226353452e-31 6.4229707221585e-31 5.8778126474732e-31 5.8778126474732e-31
 1  11 1.5686970230932e-30 1.5686970230932e-30 1.5686970230932e-30 1.4211986250594e-30 1.2649105385470e-30 1.1313134426664e-30 1.0162897217661e-30 9.1650228844347e-31 8.9967240668433e-31
 1  12 2.4395365281824e-30 2.4395365281824e-30 2.4395365281824e-30 2.2510201481523e-30 2.0031313352136e-30 1.7912707658508e-30 1.6088972371795e-30 1.4507203663442e-30 1.4028624178194e-30
 1  13 4.0231235852373e-30 4.0231235852373e-30 4.0194003714503e-30 3.5582454740634e-30 3.1666527588553e-30 2.8319584841253e-30 2.5438092717896e-30 2.2955544569299e-30 2.2955544569299e-30
 1  14 6.6376739189803e-30 6.6376739189803e-30 6.3802891805570e-30 5.6468002658699e-30 5.0241252976744e-30 4.4920446446617e-30 4.0339859053553e-30 3.7571778625163e-30 3.7571778625163e-30
 1  15 1.0960292023790e-29 1.0960292023790e-29 1.0108563047580e-29 8.9456662346164e-30 7.9585278323552e-30 7.1149652504989e-30 6.3887422074536e-30 6.1531682494923e-30 6.1531682494923e-30
 1  16 1.8108302019163e-29 1.8108302019163e-29 1.5976290047562e-29 1.4139533668866e-29 1.2580382788376e-29 1.1247752866634e-29 1.0100291328932e-29 1.0080909401917e-29 1.0080909401917e-29
 1  17 2.9936673111148e-29 2.8816690681708e-29 2.5356986240797e-29 2.2436528642620e-29 1.9957849281029e-29 1.7839667893842e-29 1.6523311327814e-29 1.6523311327814e-29 1.6523311327814e-29
 1  18 4.9515153313585e-29 4.5656444336446e-29 4.0171332660255e-29 3.5541601704005e-29 3.1612006467850e-29 2.8253633025404e-29 2.7092351435718e-29 2.7092351435718e-29 2.7092351435718e-29
 1  19 8.1945219590173e-29 7.2154243142739e-29 6.3490531547348e-29 5.6178371383086e-29 4.9970987829501e-29 4.4664767961754e-29 4.4443809630353e-29 4.4443809630353e-29 4.4443809630353e-29
 1  20 1.3082527944900e-28 1.1446586475946e-28 1.0070451150930e-28 8.9089522922719e-29 7.9230194017852e-29 7.2938560056997e-29 7.2938560056997e-29 7.2938560056997e-29 7.2938560056997e-29
 1  21 2.0725103057834e-28 1.8132942186316e-28 1.5952236988116e-28 1.4111313980356e-28 1.2548479608384e-28 1.1975195264075e-28 1.1975195264075e-28 1.1975195264075e-28 1.1975195264075e-28
 1  22 3.2838335739554e-28 2.8733199211206e-28 2.5277782371834e-28 2.2359931098539e-28 1.9882193336136e-28 1.8967880965456e-28 1.8967880965456e-28 1.8967880965456e-28 1.8967880965456e-28
 1  23 5.0100756387301e-28 4.5417746986551e-28 3.9960140599232e-28 3.5349611164527e-28 3.1434645773712e-28 2.8087341011768e-28 2.7301508631385e-28 2.7301508631385e-28 2.7301508631385e-28
 1  24 5.9519362705931e-28 5.7125821785871e-28 5.0260555609611e-28 4.4461282027920e-28 3.9538898794383e-28 3.5329357603749e-28 3.2789756564120e-28 3.2789756564120e-28 3.2789756564120e-28
 1  25 7.0769287660430e-28 7.0769287660430e-28 6.3109984642224e-28 5.5835246500488e-28 4.9659289910623e-28 4.4378091483972e-28 3.9829589030539e-28 3.9406794444672e-28 3.9406794444672e-28
 1  26 8.4222630545704e-28 8.4222630545704e-28 7.9469372850233e-28 7.0307035584828e-28 6.2523924160147e-28 5.5869369164277e-28 5.0138519058685e-28 4.7385151832291e-28 4.7385151832291e-28
 1  27 1.0030701521695e-27 1.0030701521695e-27 9.9662570168614e-28 8.8179781024538e-28 7.8455683698130e-28 7.0118655562143e-28 6.2939665027592e-28 5.7011922288960e-28 5.7011922288960e-28
 1  28 1.1956792281233e-27 1.1956792281233e-27 1.1956792281233e-27 1.1101917238273e-27 9.8738884537636e-28 8.8252282657295e-28 7.9199733028370e-28 7.1358381482170e-28 6.8620113546539e-28
 1  29 1.4259576641558e-27 1.4259576641558e-27 1.4259576641558e-27 1.3933359738683e-27 1.2395085788327e-27 1.1081278010024e-27 9.9483333498339e-28 8.9621772922150e-28 8.2636598347552e-28
 1  30 1.7022751666194e-27 1.7022751666194e-27 1.7022751666194e-27 1.7022751666194e-27 1.5574719089313e-27 1.3923755126050e-27 1.2497195705084e-27 1.1261624978912e-27 1.0180233611473e-27
 1  31 2.0333352055258e-27 2.0333352055258e-27 2.0333352055258e-27 2.0333352055258e-27 1.9544668335592e-27 1.7456941016577e-27 1.5674655594127e-27 1.4131679485811e-27 1.2781574668812e-27
0.86918731 0.86937627 0.86956522 11505.0 11500.0  1
1.0000000000000 
 1   1 3.0642737366473e-31 2.6823502147911e-31 2.3577191120996e-31 2.0874163020179e-31 1.8702056346865e-31 1.8701085388531e-31 1.8701085388531e-31 1.8701085388531e-31 1.8701085388531e-31
 1   2 5.1313229533451e-31 4.4894099386435e-31 3.9468351303435e-31 3.4929311523102e-31 3.1047563514964e-31 3.0120737941092e-31 3.0120737941092e-31 3.0120737941092e-31 3.0120737941092e-31
 1   3 7.8746150270624e-31 6.8880917374851e-31 6.0562667958602e-31 5.3555278120638e-31 4.7630283480912e-31 4.4516290800103e-31 4.4516290800103e-31 4.4516290800103e-31 4.4516290800103e-31
 1   4 1.2391130454843e-30 1.0835877137462e-30 9.5326338221741e-31 8.4258024473721e-31 7.4993582038675e-31 6.7662616221749e-31 6.7662616221749e-31 6.7662616221749e-31 6.7662616221749e-31
 1   5 1.9025353498567e-30 1.7183310592637e-30 1.5116662689710e-30 1.3363279329300e-30 1.1886217074950e-30 1.0615801085101e-30 1.0341763259269e-30 1.0341763259269e-30 1.0341763259269e-30
 1   6 2.9111119478905e-30 2.7482886770248e-30 2.4156418313353e-30 2.1360334788340e-30 1.8987000409284e-30 1.6967096744515e-30 1.5945110671164e-30 1.5945110671164e-30 1.5945110671164e-30
 1   7 4.3846981243864e-30 4.3168132315869e-30 3.7929128907813e-30 3.3528303753250e-30 2.9812861394481e-30 2.6648129675514e-30 2.4215029402080e-30 2.4215029402080e-30 2.4215029402080e-30
 1   8 6.6430063375138e-30 6.6430063375138e-30 6.0019801157505e-30 5.3045952405150e-30 4.7153234959506e-30 4.2140528319916e-30 3.7810511183465e-30 3.6978129527715e-30 3.6978129527715e-30
 1   9 1.0105116686222e-29 1.0105116686222e-29 9.5323436161288e-30 8.4216018888391e-30 7.4845444359794e-30 6.6876352500767e-30 6.0011333836597e-30 5.6687976207953e-30 5.6687976207953e-30
 1  10 1.5333167872352e-29 1.5333167872352e-29 1.5059538366238e-29 1.3301763170854e-29 1.1820080565428e-29 1.0561937488918e-29 9.4783506215277e-30 8.6656126988946e-30 8.6656126988946e-30
 1  11 2.3290061673520e-29 2.3290061673520e-29 2.3290061673520e-29 2.1058130048992e-29 1.8705152222827e-29 1.6711497252872e-29 1.4997153282367e-29 1.3508323671288e-29 1.3257167360212e-29
 1  12 3.6200612801257e-29 3.6200612801257e-29 3.6200612801257e-29 3.3352207552491e-29 2.9619794440720e-29 2.6456589924014e-29 2.3739742241410e-29 2.1382879453435e-29 2.0669975419661e-29
 1  13 5.9732976022006e-29 5.9732976022006e-29 5.9676630534071e-29 5.2697812731996e-29 4.6806585625110e-29 4.1824818749150e-29 3.7521737548530e-29 3.3822778441747e-29 3.3822778441747e-29
 1  14 9.8599512209798e-29 9.8599512209798e-29 9.4706888810044e-29 8.3630655051286e-29 7.4277725351171e-29 6.6328473579837e-29 5.9498397754780e-29 5.5359556248699e-29 5.5359556248699e-29
 1  15 1.6287207964813e-28 1.6287207964813e-28 1.4998522498187e-28 1.3243764392432e-28 1.1763503063119e-28 1.0504918677818e-28 9.4208849344957e-29 9.0688556351702e-29 9.0688556351702e-29
 1  16 2.6918031905333e-28 2.6918031905333e-28 2.3693774807536e-28 2.0927409961429e-28 1.8592470274753e-28 1.6607098910044e-28 1.4887958471198e-28 1.4858916651343e-28 1.4858916651343e-28
 1  17 4.4512930654204e-28 4.2819542306127e-28 3.7592984919410e-28 3.3199471678251e-28 2.9492393573046e-28 2.6328459008520e-28 2.4358112304790e-28 2.4358112304790e-28 2.4358112304790e-28
 1  18 7.3639409574878e-28 6.7793807748375e-28 5.9515376030946e-28 5.2567140792682e-28 4.6696752247794e-28 4.1674779176832e-28 3.9935084250655e-28 3.9935084250655e-28 3.9935084250655e-28
 1  19 1.2182193492274e-27 1.0702586256919e-27 9.3986373140018e-28 8.3038992520483e-28 7.3768186880610e-28 6.5832551433983e-28 6.5502076300000e-28 6.5502076300000e-28 6.5502076300000e-28
 1  20 1.9422023190804e-27 1.6956185749527e-27 1.4891713071625e-27 1.3158380936501e-27 1.1684582305858e-27 1.0746303903692e-27 1.0746303903692e-27 1.0746303903692e-27 1.0746303903692e-27
 1  21 3.0694364043926e-27 2.6817524843773e-27 2.3559055526443e-27 2.0810597495477e-27 1.8481570413730e-27 1.7628021373537e-27 1.7628021373537e-27 1.7628021373537e-27 1.7628021373537e-27
 1  22 4.8497516005096e-27 4.2388593332876e-27 3.7244503784895e-27 3.2901404648926e-27 2.9227932095320e-27 2.7876838313294e-27 2.7876838313294e-27 2.7876838313294e-27 2.7876838313294e-27
 1  23 7.3629233924017e-27 6.6732147533216e-27 5.8661256915489e-27 5.1852921228386e-27 4.6059053732048e-27 4.1131153672185e-27 3.9977101782769e-27 3.9977101782769e-27 3.9977101782769e-27
 1  24 8.7227323926121e-27 8.3710159846802e-27 7.3610906774666e-27 6.5058183151593e-27 5.7809468175265e-27 5.1637413519468e-27 4.7926959259071e-27 4.7926959259071e-27 4.7926959259071e-27
 1  25 1.0325169276844e-26 1.0325169276844e-26 9.2067948544625e-27 8.1447885496927e-27 7.2400567656696e-27 6.4699698255465e-27 5.8038757838865e-27 5.7419243953654e-27 5.7419243953654e-27
 1  26 1.2245714321107e-26 1.2245714321107e-26 1.1551304872219e-26 1.0218405735563e-26 9.0883863703656e-27 8.1189294735154e-27 7.2858653945828e-27 6.8861270790456e-27 6.8861270790456e-27
 1  27 1.4494989414230e-26 1.4494989414230e-26 1.4402772807004e-26 1.2759084814479e-26 1.1357964616962e-26 1.0158329817622e-26 9.1246893794453e-27 8.2683323333933e-27 8.2683323333933e-27
 1  28 1.7181244145038e-26 1.7181244145038e-26 1.7181244145038e-26 1.5963942405132e-26 1.4209431011003e-26 1.2697827145924e-26 1.1399568555620e-26 1.0276913176158e-26 9.8835959110553e-27
 1  29 2.0343212816573e-26 2.0343212816573e-26 2.0343212816573e-26 1.9885892277187e-26 1.7726060452170e-26 1.5866796957994e-26 1.4257643970859e-26 1.2858467421841e-26 1.1864558918417e-26
 1  30 2.4074833047060e-26 2.4074833047060e-26 2.4074833047060e-26 2.4074833047060e-26 2.2057604778845e-26 1.9758457344627e-26 1.7768671267003e-26 1.6039300191996e-26 1.4524674928020e-26
 1  31 2.8402379143171e-26 2.8402379143171e-26 2.8402379143171e-26 2.8402379143171e-26 2.7340100897093e-26 2.4519462478485e-26 2.2081118072350e-26 1.9944761022239e-26 1.8073995874435e-26
